6.11, 90.00, -132.51539416
6.11, 90.10, -132.54533391
6.11, 90.21, -132.57445249
6.11, 90.31, -132.60252960
6.11, 90.41, -132.62950134
6.11, 90.51, -132.65557983
6.11, 90.62, -132.68067338
6.11, 90.72, -132.70496542
6.11, 90.82, -132.72863381
6.11, 90.93, -132.75126207
6.11, 91.03, -132.77294165
6.11, 91.13, -132.79389459
6.11, 91.23, -132.81385305
6.11, 91.34, -132.83283420
6.11, 91.44, -132.85066731
6.11, 91.54, -132.86802063
6.11, 91.64, -132.88522421
6.11, 91.75, -132.90188531
6.11, 91.85, -132.91884920
6.11, 91.95, -132.93489348
6.11, 92.05, -132.95027056
6.11, 92.16, -132.96512671
6.11, 92.26, -132.97909279
6.11, 92.36, -132.99205899
6.11, 92.46, -133.00402482
6.11, 92.57, -133.01535101
6.11, 92.67, -133.02588187
6.11, 92.77, -133.03556276
6.11, 92.87, -133.04412940
6.11, 92.98, -133.05189006
6.11, 93.08, -133.05880634
6.11, 93.18, -133.06525380
6.11, 93.28, -133.07192279
6.11, 93.39, -133.07799577
6.11, 93.49, -133.08367901
6.11, 93.59, -133.08917563
6.11, 93.69, -133.09391738
6.11, 93.79, -133.09798858
6.11, 93.90, -133.10129138
6.11, 94.00, -133.10370405
6.11, 94.10, -133.10535694
6.11, 94.20, -133.10618611
6.11, 94.31, -133.10667193
6.11, 94.41, -133.10711716
6.11, 94.51, -133.10683526
6.11, 94.61, -133.10544809
6.11, 94.71, -133.10321881
6.11, 94.82, -133.10041396
6.11, 94.92, -133.09660188
6.11, 95.02, -133.09219319
6.11, 95.12, -133.08740492
6.12, 90.00, -132.58419067
6.12, 90.10, -132.61233279
6.12, 90.21, -132.63922585
6.12, 90.31, -132.66515873
6.12, 90.41, -132.69022118
6.12, 90.51, -132.71436524
6.12, 90.62, -132.73783324
6.12, 90.72, -132.76045017
6.12, 90.82, -132.78217490
6.12, 90.92, -132.80299288
6.12, 91.03, -132.82296543
6.12, 91.13, -132.84205371
6.12, 91.23, -132.86006774
6.12, 91.33, -132.87718117
6.12, 91.44, -132.89404333
6.12, 91.54, -132.91061438
6.12, 91.64, -132.92737961
6.12, 91.74, -132.94342633
6.12, 91.85, -132.95884723
6.12, 91.95, -132.97370187
6.12, 92.05, -132.98772488
6.12, 92.15, -133.00070353
6.12, 92.26, -133.01287822
6.12, 92.36, -133.02431189
6.12, 92.46, -133.03493776
6.12, 92.56, -133.04461912
6.12, 92.66, -133.05310415
6.12, 92.77, -133.06084711
6.12, 92.87, -133.06772543
6.12, 92.97, -133.07392221
6.12, 93.07, -133.08018515
6.12, 93.18, -133.08649213
6.12, 93.28, -133.09253753
6.12, 93.38, -133.09798029
6.12, 93.48, -133.10262420
6.12, 93.58, -133.10659317
6.12, 93.69, -133.10967438
6.12, 93.79, -133.11202714
6.12, 93.89, -133.11353681
6.12, 93.99, -133.11420731
6.12, 94.09, -133.11451230
6.12, 94.20, -133.11472912
6.12, 94.30, -133.11426545
6.12, 94.40, -133.11298614
6.12, 94.50, -133.11084881
6.12, 94.60, -133.10792987
6.12, 94.71, -133.10386323
6.12, 94.81, -133.09909465
6.12, 94.91, -133.09409623
6.12, 95.01, -133.08845978
6.12, 95.11, -133.08341118
6.13, 90.00, -132.64686327
6.13, 90.10, -132.67278176
6.13, 90.21, -132.69784531
6.13, 90.31, -132.72195662
6.13, 90.41, -132.74528250
6.13, 90.51, -132.76795772
6.13, 90.61, -132.78967419
6.13, 90.72, -132.81046832
6.13, 90.82, -132.83035714
6.13, 90.92, -132.84936760
6.13, 91.02, -132.86732606
6.13, 91.13, -132.88456421
6.13, 91.23, -132.90115932
6.13, 91.33, -132.91774079
6.13, 91.43, -132.93411179
6.13, 91.54, -132.95013390
6.13, 91.64, -132.96561531
6.13, 91.74, -132.98045453
6.13, 91.84, -132.99442692
6.13, 91.95, -133.00751838
6.13, 92.05, -133.01996777
6.13, 92.15, -133.03144342
6.13, 92.25, -133.04201434
6.13, 92.35, -133.05172978
6.13, 92.46, -133.06024777
6.13, 92.56, -133.06801174
6.13, 92.66, -133.07485833
6.13, 92.76, -133.08140394
6.13, 92.86, -133.08776743
6.13, 92.97, -133.09424904
6.13, 93.07, -133.10012160
6.13, 93.17, -133.10549505
6.13, 93.27, -133.10998317
6.13, 93.37, -133.11381207
6.13, 93.48, -133.11684390
6.13, 93.58, -133.11905874
6.13, 93.68, -133.12034835
6.13, 93.78, -133.12106443
6.13, 93.88, -133.12145971
6.13, 93.99, -133.12146378
6.13, 94.09, -133.12100375
6.13, 94.19, -133.11970045
6.13, 94.29, -133.11747165
6.13, 94.39, -133.11444968
6.13, 94.50, -133.11037384
6.13, 94.60, -133.10540721
6.13, 94.70, -133.10000473
6.13, 94.80, -133.09477499
6.13, 94.90, -133.08926271
6.13, 95.00, -133.08385223
6.13, 95.11, -133.07814882
6.14, 90.00, -132.70349512
6.14, 90.10, -132.72767589
6.14, 90.20, -132.75087717
6.14, 90.31, -132.77355783
6.14, 90.41, -132.79530106
6.14, 90.51, -132.81611264
6.14, 90.61, -132.83595773
6.14, 90.72, -132.85504927
6.14, 90.82, -132.87306465
6.14, 90.92, -132.89016276
6.14, 91.02, -132.90648190
6.14, 91.13, -132.92295897
6.14, 91.23, -132.93939298
6.14, 91.33, -132.95532662
6.14, 91.43, -132.97072566
6.14, 91.53, -132.98550262
6.14, 91.64, -132.99946815
6.14, 91.74, -133.01295121
6.14, 91.84, -133.02537442
6.14, 91.94, -133.03679694
6.14, 92.04, -133.04736593
6.14, 92.15, -133.05709284
6.14, 92.25, -133.06560228
6.14, 92.35, -133.07353833
6.14, 92.45, -133.08109378
6.14, 92.55, -133.08789906
6.14, 92.66, -133.09385424
6.14, 92.76, -133.10009625
6.14, 92.86, -133.10584661
6.14, 92.96, -133.11111187
6.14, 93.06, -133.11574750
6.14, 93.17, -133.11951504
6.14, 93.27, -133.12247131
6.14, 93.37, -133.12476583
6.14, 93.47, -133.12614126
6.14, 93.57, -133.12677930
6.14, 93.67, -133.12698496
6.14, 93.78, -133.12668849
6.14, 93.88, -133.12601969
6.14, 93.98, -133.12463654
6.14, 94.08, -133.12229664
6.14, 94.18, -133.11928960
6.14, 94.28, -133.11526021
6.14, 94.39, -133.11030119
6.14, 94.49, -133.10531076
6.14, 94.59, -133.10072871
6.14, 94.69, -133.09524522
6.14, 94.79, -133.09025862
6.14, 94.89, -133.08479007
6.14, 95.00, -133.07864426
6.14, 95.10, -133.07174322
6.15, 90.00, -132.75491315
6.15, 90.10, -132.77742147
6.15, 90.20, -132.79916815
6.15, 90.31, -132.81998999
6.15, 90.41, -132.83978630
6.15, 90.51, -132.85882127
6.15, 90.61, -132.87689047
6.15, 90.72, -132.89398639
6.15, 90.82, -132.91016192
6.15, 90.92, -132.92621094
6.15, 91.02, -132.94239749
6.15, 91.12, -132.95848129
6.15, 91.23, -132.97415764
6.15, 91.33, -132.98887761
6.15, 91.43, -133.00283457
6.15, 91.53, -133.01636508
6.15, 91.63, -133.02895607
6.15, 91.74, -133.04038876
6.15, 91.84, -133.05100267
6.15, 91.94, -133.06069670
6.15, 92.04, -133.06985918
6.15, 92.14, -133.07823978
6.15, 92.24, -133.08575741
6.15, 92.35, -133.09247744
6.15, 92.45, -133.09842945
6.15, 92.55, -133.10427209
6.15, 92.65, -133.10984858
6.15, 92.75, -133.11514350
6.15, 92.86, -133.11972896
6.15, 92.96, -133.12348971
6.15, 93.06, -133.12646590
6.15, 93.16, -133.12864617
6.15, 93.26, -133.13004085
6.15, 93.36, -133.13073895
6.15, 93.47, -133.13093570
6.15, 93.57, -133.13051804
6.15, 93.67, -133.12979872
6.15, 93.77, -133.12853173
6.15, 93.87, -133.12656751
6.15, 93.97, -133.12365071
6.15, 94.07, -133.11992268
6.15, 94.18, -133.11520679
6.15, 94.28, -133.11048372
6.15, 94.38, -133.10575848
6.15, 94.48, -133.10034622
6.15, 94.58, -133.09528009
6.15, 94.68, -133.08978925
6.15, 94.79, -133.08364839
6.15, 94.89, -133.07673525
6.15, 94.99, -133.06909983
6.15, 95.09, -133.06072455
6.1, 90.00, -132.44287634
6.1, 90.10, -132.47357116
6.1, 90.21, -132.50440883
6.1, 90.31, -132.53433526
6.1, 90.41, -132.56335728
6.1, 90.52, -132.59139951
6.1, 90.62, -132.61846398
6.1, 90.72, -132.64460203
6.1, 90.82, -132.66975593
6.1, 90.93, -132.69418893
6.1, 91.03, -132.71779098
6.1, 91.13, -132.74063291
6.1, 91.24, -132.76247574
6.1, 91.34, -132.78330058
6.1, 91.44, -132.80308651
6.1, 91.54, -132.82201654
6.1, 91.65, -132.84003142
6.1, 91.75, -132.85769001
6.1, 91.85, -132.87512239
6.1, 91.95, -132.89193312
6.1, 92.06, -132.90882726
6.1, 92.16, -132.92488644
6.1, 92.26, -132.94019747
6.1, 92.37, -132.95500201
6.1, 92.47, -132.96881993
6.1, 92.57, -132.98169164
6.1, 92.67, -132.99351381
6.1, 92.78, -133.00466824
6.1, 92.88, -133.01528545
6.1, 92.98, -133.02512561
6.1, 93.08, -133.03400029
6.1, 93.19, -133.04201477
6.1, 93.29, -133.04925281
6.1, 93.39, -133.05639841
6.1, 93.49, -133.06328140
6.1, 93.60, -133.06952498
6.1, 93.70, -133.07524337
6.1, 93.80, -133.08020843
6.1, 93.90, -133.08471002
6.1, 94.01, -133.08870755
6.1, 94.11, -133.09185614
6.1, 94.21, -133.09433917
6.1, 94.31, -133.09592099
6.1, 94.42, -133.09689512
6.1, 94.52, -133.09756946
6.1, 94.62, -133.09821472
6.1, 94.72, -133.09787558
6.1, 94.82, -133.09675801
6.1, 94.93, -133.09475498
6.1, 95.03, -133.09180566
6.1, 95.13, -133.08800593
6.16, 90.00, -132.80173666
6.16, 90.10, -132.82252323
6.16, 90.20, -132.84232843
6.16, 90.31, -132.86134161
6.16, 90.41, -132.87944874
6.16, 90.51, -132.89651994
6.16, 90.61, -132.91263097
6.16, 90.71, -132.92813799
6.16, 90.82, -132.94415285
6.16, 90.92, -132.96012333
6.16, 91.02, -132.97570906
6.16, 91.12, -132.99062465
6.16, 91.22, -133.00498644
6.16, 91.33, -133.01854576
6.16, 91.43, -133.03105233
6.16, 91.53, -133.04257288
6.16, 91.63, -133.05360603
6.16, 91.73, -133.06388088
6.16, 91.83, -133.07303881
6.16, 91.94, -133.08139894
6.16, 92.04, -133.08900569
6.16, 92.14, -133.09570458
6.16, 92.24, -133.10165264
6.16, 92.34, -133.10701783
6.16, 92.44, -133.11264265
6.16, 92.55, -133.11785546
6.16, 92.65, -133.12235157
6.16, 92.75, -133.12614376
6.16, 92.85, -133.12904800
6.16, 92.95, -133.13115564
6.16, 93.05, -133.13261726
6.16, 93.16, -133.13369819
6.16, 93.26, -133.13421819
6.16, 93.36, -133.13406519
6.16, 93.46, -133.13360706
6.16, 93.56, -133.13250582
6.16, 93.66, -133.13057752
6.16, 93.76, -133.12763309
6.16, 93.87, -133.12397361
6.16, 93.97, -133.11988063
6.16, 94.07, -133.11520098
6.16, 94.17, -133.11023092
6.16, 94.27, -133.10465521
6.16, 94.37, -133.09926556
6.16, 94.47, -133.09361065
6.16, 94.57, -133.08736854
6.16, 94.68, -133.08037477
6.16, 94.78, -133.07270361
6.16, 94.88, -133.06440463
6.16, 94.98, -133.05531586
6.16, 95.08, -133.04596402
6.17, 90.00, -132.84333694
6.17, 90.10, -132.86221040
6.17, 90.20, -132.88037512
6.17, 90.31, -132.89744395
6.17, 90.41, -132.91358166
6.17, 90.51, -132.92882505
6.17, 90.61, -132.94436329
6.17, 90.71, -132.96050497
6.17, 90.81, -132.97605486
6.17, 90.92, -132.99111207
6.17, 91.02, -133.00539689
6.17, 91.12, -133.01905236
6.17, 91.22, -133.03187215
6.17, 91.32, -133.04413583
6.17, 91.42, -133.05513389
6.17, 91.53, -133.06539361
6.17, 91.63, -133.07458201
6.17, 91.73, -133.08294983
6.17, 91.83, -133.09048179
6.17, 91.93, -133.09725321
6.17, 92.03, -133.10318331
6.17, 92.14, -133.10838365
6.17, 92.24, -133.11376270
6.17, 92.34, -133.11901726
6.17, 92.44, -133.12391228
6.17, 92.54, -133.12805658
6.17, 92.64, -133.13111746
6.17, 92.74, -133.13354556
6.17, 92.85, -133.13521111
6.17, 92.95, -133.13636028
6.17, 93.05, -133.13683014
6.17, 93.15, -133.13664900
6.17, 93.25, -133.13599267
6.17, 93.35, -133.13494156
6.17, 93.45, -133.13301472
6.17, 93.56, -133.13011280
6.17, 93.66, -133.12684514
6.17, 93.76, -133.12304806
6.17, 93.86, -133.11837642
6.17, 93.96, -133.11319530
6.17, 94.06, -133.10765861
6.17, 94.16, -133.10211223
6.17, 94.26, -133.09650336
6.17, 94.37, -133.09020764
6.17, 94.47, -133.08313855
6.17, 94.57, -133.07544104
6.17, 94.67, -133.06693031
6.17, 94.77, -133.05756312
6.17, 94.87, -133.04780555
6.17, 94.97, -133.03787783
6.17, 95.07, -133.02730452
6.18, 90.00, -132.87964167
6.18, 90.10, -132.89678457
6.18, 90.20, -132.91291665
6.18, 90.31, -132.92807365
6.18, 90.41, -132.94296343
6.18, 90.51, -132.95912475
6.18, 90.61, -132.97480692
6.18, 90.71, -132.98996241
6.18, 90.81, -133.00427043
6.18, 90.91, -133.01834199
6.18, 91.02, -133.03156558
6.18, 91.12, -133.04406025
6.18, 91.22, -133.05522598
6.18, 91.32, -133.06552257
6.18, 91.42, -133.07448721
6.18, 91.52, -133.08289631
6.18, 91.63, -133.09057948
6.18, 91.73, -133.09766556
6.18, 91.83, -133.10388671
6.18, 91.93, -133.10931261
6.18, 92.03, -133.11458271
6.18, 92.13, -133.11986273
6.18, 92.23, -133.12469849
6.18, 92.34, -133.12873064
6.18, 92.44, -133.13189564
6.18, 92.54, -133.13426631
6.18, 92.64, -133.13586797
6.18, 92.74, -133.13707330
6.18, 92.84, -133.13761593
6.18, 92.94, -133.13744420
6.18, 93.04, -133.13660928
6.18, 93.15, -133.13552956
6.18, 93.25, -133.13361998
6.18, 93.35, -133.13096135
6.18, 93.45, -133.12827591
6.18, 93.55, -133.12463005
6.18, 93.65, -133.11986504
6.18, 93.75, -133.11449055
6.18, 93.85, -133.10900982
6.18, 93.95, -133.10314378
6.18, 94.06, -133.09762223
6.18, 94.16, -133.09130742
6.18, 94.26, -133.08423159
6.18, 94.36, -133.07639194
6.18, 94.46, -133.06782770
6.18, 94.56, -133.05865748
6.18, 94.66, -133.04878865
6.18, 94.76, -133.03869606
6.18, 94.86, -133.02850757
6.18, 94.96, -133.01748843
6.18, 95.06, -133.00582293
6.1, 90.00, -132.44287634
6.1, 90.10, -132.47357116
6.1, 90.21, -132.50440883
6.1, 90.31, -132.53433526
6.1, 90.41, -132.56335728
6.1, 90.52, -132.59139951
6.1, 90.62, -132.61846398
6.1, 90.72, -132.64460203
6.1, 90.82, -132.66975593
6.1, 90.93, -132.69418894
6.1, 91.03, -132.71779098
6.1, 91.13, -132.74063291
6.1, 91.24, -132.76247574
6.1, 91.34, -132.78330059
6.1, 91.44, -132.80308651
6.1, 91.54, -132.82201654
6.1, 91.65, -132.84003142
6.1, 91.75, -132.85769000
6.1, 91.85, -132.87512239
6.1, 91.95, -132.89193312
6.1, 92.06, -132.90882726
6.1, 92.16, -132.92488644
6.1, 92.26, -132.94019747
6.1, 92.37, -132.95500201
6.1, 92.47, -132.96881993
6.1, 92.57, -132.98169164
6.1, 92.67, -132.99351381
6.1, 92.78, -133.00466824
6.1, 92.88, -133.01528545
6.1, 92.98, -133.02512561
6.1, 93.08, -133.03400029
6.1, 93.19, -133.04201477
6.1, 93.29, -133.04925281
6.1, 93.39, -133.05639841
6.1, 93.49, -133.06328140
6.1, 93.60, -133.06952498
6.1, 93.70, -133.07524338
6.1, 93.80, -133.08020843
6.1, 93.90, -133.08471002
6.1, 94.01, -133.08870755
6.1, 94.11, -133.09185613
6.1, 94.21, -133.09433917
6.1, 94.31, -133.09592099
6.1, 94.42, -133.09689512
6.1, 94.52, -133.09756946
6.1, 94.62, -133.09821472
6.1, 94.72, -133.09787557
6.1, 94.82, -133.09675801
6.1, 94.93, -133.09475498
6.1, 95.03, -133.09180566
6.1, 95.13, -133.08800593
6.19, 90.00, -132.91039793
6.19, 90.10, -132.92547037
6.19, 90.20, -132.93990731
6.19, 90.30, -132.95588807
6.19, 90.41, -132.97184389
6.19, 90.51, -132.98731240
6.19, 90.61, -133.00223380
6.19, 90.71, -133.01625594
6.19, 90.81, -133.02950921
6.19, 90.91, -133.04211710
6.19, 91.01, -133.05373378
6.19, 91.12, -133.06443799
6.19, 91.22, -133.07398397
6.19, 91.32, -133.08265128
6.19, 91.42, -133.09024592
6.19, 91.52, -133.09733577
6.19, 91.62, -133.10358506
6.19, 91.72, -133.10897129
6.19, 91.83, -133.11377843
6.19, 91.93, -133.11877279
6.19, 92.03, -133.12344774
6.19, 92.13, -133.12750642
6.19, 92.23, -133.13064564
6.19, 92.33, -133.13298185
6.19, 92.43, -133.13468850
6.19, 92.53, -133.13600715
6.19, 92.63, -133.13646184
6.19, 92.74, -133.13626349
6.19, 92.84, -133.13530213
6.19, 92.94, -133.13415782
6.19, 93.04, -133.13224532
6.19, 93.14, -133.13021736
6.19, 93.24, -133.12745132
6.19, 93.34, -133.12385098
6.19, 93.44, -133.11929098
6.19, 93.54, -133.11386650
6.19, 93.65, -133.10827905
6.19, 93.75, -133.10243380
6.19, 93.85, -133.09653865
6.19, 93.95, -133.09019186
6.19, 94.05, -133.08319978
6.19, 94.15, -133.07542429
6.19, 94.25, -133.06689113
6.19, 94.35, -133.05772536
6.19, 94.45, -133.04827426
6.19, 94.55, -133.03862484
6.19, 94.65, -133.02846298
6.19, 94.75, -133.01739722
6.19, 94.86, -133.00571043
6.19, 94.96, -132.99339214
6.19, 95.06, -132.98043582
6.21, 90.00, -132.96606962
6.21, 90.10, -132.98176133
6.21, 90.20, -132.99680223
6.21, 90.30, -133.01099151
6.21, 90.40, -133.02428299
6.21, 90.51, -133.03690917
6.21, 90.61, -133.04877133
6.21, 90.71, -133.05936593
6.21, 90.81, -133.06891421
6.21, 90.91, -133.07754171
6.21, 91.01, -133.08534806
6.21, 91.11, -133.09247370
6.21, 91.21, -133.09872523
6.21, 91.31, -133.10404642
6.21, 91.42, -133.10837270
6.21, 91.52, -133.11241686
6.21, 91.62, -133.11679764
6.21, 91.72, -133.12076973
6.21, 91.82, -133.12401084
6.21, 91.92, -133.12644660
6.21, 92.02, -133.12810071
6.21, 92.12, -133.12945746
6.21, 92.22, -133.13004363
6.21, 92.32, -133.12980317
6.21, 92.42, -133.12881806
6.21, 92.53, -133.12733811
6.21, 92.63, -133.12604922
6.21, 92.73, -133.12406667
6.21, 92.83, -133.12134639
6.21, 92.93, -133.11774653
6.21, 93.03, -133.11319985
6.21, 93.13, -133.10778345
6.21, 93.23, -133.10189207
6.21, 93.33, -133.09602318
6.21, 93.43, -133.08970030
6.21, 93.53, -133.08339503
6.21, 93.63, -133.07661578
6.21, 93.73, -133.06941943
6.21, 93.83, -133.06153687
6.21, 93.94, -133.05298833
6.21, 94.04, -133.04374796
6.21, 94.14, -133.03367711
6.21, 94.24, -133.02351182
6.21, 94.34, -133.01256951
6.21, 94.44, -133.00100502
6.21, 94.54, -132.98868682
6.21, 94.64, -132.97577527
6.21, 94.74, -132.96208494
6.21, 94.84, -132.94796350
6.21, 94.94, -132.93412193
6.21, 95.04, -132.91993035
6.22, 90.00, -132.99381608
6.22, 90.10, -133.00807268
6.22, 90.20, -133.02137138
6.22, 90.30, -133.03386349
6.22, 90.40, -133.04554957
6.22, 90.51, -133.05619488
6.22, 90.61, -133.06555300
6.22, 90.71, -133.07392424
6.22, 90.81, -133.08153756
6.22, 90.91, -133.08835659
6.22, 91.01, -133.09431086
6.22, 91.11, -133.09976717
6.22, 91.21, -133.10422771
6.22, 91.31, -133.10794184
6.22, 91.41, -133.11176384
6.22, 91.51, -133.11583755
6.22, 91.61, -133.11907226
6.22, 91.72, -133.12145646
6.22, 91.82, -133.12314452
6.22, 91.92, -133.12447193
6.22, 92.02, -133.12501114
6.22, 92.12, -133.12473245
6.22, 92.22, -133.12371741
6.22, 92.32, -133.12262398
6.22, 92.42, -133.12145279
6.22, 92.52, -133.11951987
6.22, 92.62, -133.11676574
6.22, 92.72, -133.11312193
6.22, 92.82, -133.10866637
6.22, 92.92, -133.10315834
6.22, 93.02, -133.09746332
6.22, 93.12, -133.09137978
6.22, 93.23, -133.08503068
6.22, 93.33, -133.07914815
6.22, 93.43, -133.07278429
6.22, 93.53, -133.06566398
6.22, 93.63, -133.05779837
6.22, 93.73, -133.04925016
6.22, 93.83, -133.04003440
6.22, 93.93, -133.02998414
6.22, 94.03, -133.01948812
6.22, 94.13, -133.00860619
6.22, 94.23, -132.99702563
6.22, 94.33, -132.98476306
6.22, 94.43, -132.97191765
6.22, 94.53, -132.95831103
6.22, 94.63, -132.94412778
6.22, 94.73, -132.93020834
6.22, 94.83, -132.91575086
6.22, 94.93, -132.90136301
6.22, 95.03, -132.88671008
6.23, 90.00, -133.01677538
6.23, 90.10, -133.02927039
6.23, 90.20, -133.04094233
6.23, 90.30, -133.05180924
6.23, 90.40, -133.06115716
6.23, 90.50, -133.06957045
6.23, 90.61, -133.07705792
6.23, 90.71, -133.08387286
6.23, 90.81, -133.08985972
6.23, 90.91, -133.09497306
6.23, 91.01, -133.09923051
6.23, 91.11, -133.10282982
6.23, 91.21, -133.10614089
6.23, 91.31, -133.10980503
6.23, 91.41, -133.11263729
6.23, 91.51, -133.11475582
6.23, 91.61, -133.11643365
6.23, 91.71, -133.11773227
6.23, 91.81, -133.11827846
6.23, 91.91, -133.11805393
6.23, 92.01, -133.11743831
6.23, 92.12, -133.11643734
6.23, 92.22, -133.11516303
6.23, 92.32, -133.11328294
6.23, 92.42, -133.11056821
6.23, 92.52, -133.10699918
6.23, 92.62, -133.10260114
6.23, 92.72, -133.09718283
6.23, 92.82, -133.09153901
6.23, 92.92, -133.08581845
6.23, 93.02, -133.07987508
6.23, 93.12, -133.07380896
6.23, 93.22, -133.06733879
6.23, 93.32, -133.06031029
6.23, 93.42, -133.05250427
6.23, 93.52, -133.04399266
6.23, 93.62, -133.03473143
6.23, 93.72, -133.02468535
6.23, 93.82, -133.01398254
6.23, 93.92, -133.00317585
6.23, 94.02, -132.99159912
6.23, 94.12, -132.97934507
6.23, 94.22, -132.96645455
6.23, 94.32, -132.95283570
6.23, 94.42, -132.93860610
6.23, 94.52, -132.92477221
6.23, 94.62, -132.91032558
6.23, 94.72, -132.89551269
6.23, 94.82, -132.88087887
6.23, 94.92, -132.86559167
6.23, 95.02, -132.85048829
6.24, 90.00, -133.03484651
6.24, 90.10, -133.04574461
6.24, 90.20, -133.05526188
6.24, 90.30, -133.06361724
6.24, 90.40, -133.07109241
6.24, 90.50, -133.07785510
6.24, 90.60, -133.08380751
6.24, 90.70, -133.08884064
6.24, 90.81, -133.09311671
6.24, 90.91, -133.09660072
6.24, 91.01, -133.09936685
6.24, 91.11, -133.10289462
6.24, 91.21, -133.10583737
6.24, 91.31, -133.10804961
6.24, 91.41, -133.10962192
6.24, 91.51, -133.11070461
6.24, 91.61, -133.11105655
6.24, 91.71, -133.11090272
6.24, 91.81, -133.11041543
6.24, 91.91, -133.10925861
6.24, 92.01, -133.10749992
6.24, 92.11, -133.10542633
6.24, 92.21, -133.10277802
6.24, 92.31, -133.09938880
6.24, 92.41, -133.09503113
6.24, 92.51, -133.09029832
6.24, 92.61, -133.08510936
6.24, 92.71, -133.07927199
6.24, 92.81, -133.07327122
6.24, 92.91, -133.06693640
6.24, 93.01, -133.06049637
6.24, 93.11, -133.05341880
6.24, 93.22, -133.04557728
6.24, 93.32, -133.03708475
6.24, 93.42, -133.02787017
6.24, 93.52, -133.01782260
6.24, 93.62, -133.00706413
6.24, 93.72, -132.99612621
6.24, 93.82, -132.98460116
6.24, 93.92, -132.97240748
6.24, 94.02, -132.95949358
6.24, 94.12, -132.94595170
6.24, 94.22, -132.93172447
6.24, 94.32, -132.91781621
6.24, 94.42, -132.90339814
6.24, 94.52, -132.88838675
6.24, 94.62, -132.87377082
6.24, 94.72, -132.85908973
6.24, 94.82, -132.84367507
6.24, 94.92, -132.82821718
6.24, 95.02, -132.81194781
6.25, 90.00, -133.04758460
6.25, 90.10, -133.05573276
6.25, 90.20, -133.06323252
6.25, 90.30, -133.06993417
6.25, 90.40, -133.07590963
6.25, 90.50, -133.08093670
6.25, 90.60, -133.08523289
6.25, 90.70, -133.08864399
6.25, 90.80, -133.09141521
6.25, 90.90, -133.09414508
6.25, 91.00, -133.09719877
6.25, 91.11, -133.09953763
6.25, 91.21, -133.10139219
6.25, 91.31, -133.10255615
6.25, 91.41, -133.10277667
6.25, 91.51, -133.10311832
6.25, 91.61, -133.10259503
6.25, 91.71, -133.10139459
6.25, 91.81, -133.09961659
6.25, 91.91, -133.09757146
6.25, 92.01, -133.09467902
6.25, 92.11, -133.09155173
6.25, 92.21, -133.08761979
6.25, 92.31, -133.08290711
6.25, 92.41, -133.07768504
6.25, 92.51, -133.07168673
6.25, 92.61, -133.06512790
6.25, 92.71, -133.05844653
6.25, 92.81, -133.05204490
6.25, 92.91, -133.04496064
6.25, 93.01, -133.03714608
6.25, 93.11, -133.02860431
6.25, 93.21, -133.01930352
6.25, 93.31, -133.00934363
6.25, 93.41, -132.99867623
6.25, 93.51, -132.98755092
6.25, 93.61, -132.97604708
6.25, 93.71, -132.96386850
6.25, 93.81, -132.95097053
6.25, 93.91, -132.93748250
6.25, 94.01, -132.92321840
6.25, 94.11, -132.90923628
6.25, 94.21, -132.89503128
6.25, 94.31, -132.88017786
6.25, 94.41, -132.86556026
6.25, 94.51, -132.85089402
6.25, 94.61, -132.83553321
6.25, 94.71, -132.81981509
6.25, 94.81, -132.80371927
6.25, 94.91, -132.78684360
6.25, 95.01, -132.76933772
6.26, 90.00, -133.05304258
6.26, 90.10, -133.05973708
6.26, 90.20, -133.06578287
6.26, 90.30, -133.07093051
6.26, 90.40, -133.07530373
6.26, 90.50, -133.07884086
6.26, 90.60, -133.08161662
6.26, 90.70, -133.08380104
6.26, 90.80, -133.08684503
6.26, 90.90, -133.08907129
6.26, 91.00, -133.09098716
6.26, 91.10, -133.09226707
6.26, 91.20, -133.09314104
6.26, 91.30, -133.09350584
6.26, 91.40, -133.09299580
6.26, 91.50, -133.09172165
6.26, 91.60, -133.08977375
6.26, 91.70, -133.08803782
6.26, 91.80, -133.08579050
6.26, 91.90, -133.08280386
6.26, 92.01, -133.07899866
6.26, 92.11, -133.07445993
6.26, 92.21, -133.06923576
6.26, 92.31, -133.06326149
6.26, 92.41, -133.05657298
6.26, 92.51, -133.04978073
6.26, 92.61, -133.04284599
6.26, 92.71, -133.03552163
6.26, 92.81, -133.02756458
6.26, 92.91, -133.01883866
6.26, 93.01, -133.00937243
6.26, 93.11, -132.99916574
6.26, 93.20, -132.98830664
6.26, 93.30, -132.97693731
6.26, 93.40, -132.96560793
6.26, 93.50, -132.95347010
6.26, 93.60, -132.94059937
6.26, 93.70, -132.92709518
6.26, 93.80, -132.91308201
6.26, 93.90, -132.89933059
6.26, 94.00, -132.88519749
6.26, 94.10, -132.87037454
6.26, 94.20, -132.85543688
6.26, 94.30, -132.84073533
6.26, 94.40, -132.82537224
6.26, 94.50, -132.80965821
6.26, 94.60, -132.79359085
6.26, 94.70, -132.77673185
6.26, 94.80, -132.75923852
6.26, 94.90, -132.74106846
6.26, 95.00, -132.72237278
6.2, 90.00, -132.93532350
6.2, 90.10, -132.95125699
6.2, 90.20, -132.96811984
6.2, 90.30, -132.98408050
6.2, 90.41, -132.99930709
6.2, 90.51, -133.01362350
6.2, 90.61, -133.02717262
6.2, 90.71, -133.03990705
6.2, 90.81, -133.05168647
6.2, 90.91, -133.06224930
6.2, 91.01, -133.07179839
6.2, 91.11, -133.08050556
6.2, 91.22, -133.08834575
6.2, 91.32, -133.09538067
6.2, 91.42, -133.10143336
6.2, 91.52, -133.10688778
6.2, 91.62, -133.11145719
6.2, 91.72, -133.11603348
6.2, 91.82, -133.12055737
6.2, 91.92, -133.12459854
6.2, 92.02, -133.12782892
6.2, 92.13, -133.13017098
6.2, 92.23, -133.13185848
6.2, 92.33, -133.13322725
6.2, 92.43, -133.13384775
6.2, 92.53, -133.13354801
6.2, 92.63, -133.13256802
6.2, 92.73, -133.13120205
6.2, 92.83, -133.12967320
6.2, 92.93, -133.12776524
6.2, 93.03, -133.12497020
6.2, 93.14, -133.12132256
6.2, 93.24, -133.11662098
6.2, 93.34, -133.11120343
6.2, 93.44, -133.10552302
6.2, 93.54, -133.09979134
6.2, 93.64, -133.09367778
6.2, 93.74, -133.08739363
6.2, 93.84, -133.08039159
6.2, 93.94, -133.07258245
6.2, 94.04, -133.06444505
6.2, 94.14, -133.05588896
6.2, 94.24, -133.04665821
6.2, 94.34, -133.03681076
6.2, 94.44, -133.02668145
6.2, 94.55, -133.01570576
6.2, 94.65, -133.00408453
6.2, 94.75, -132.99165675
6.2, 94.85, -132.97868761
6.2, 94.95, -132.96499067
6.2, 95.05, -132.95099351
