Ef: -4.97713122026
-12.0514358809 , 2.20746728249e-09
-12.0463149245 , 2.84450808604e-07
-12.041193968 , 2.16939985318e-05
-12.0360730116 , 0.000979245482638
-12.0309520551 , 0.0261615266601
-12.0258310987 , 0.413670096129
-12.0207101422 , 3.87137024111
-12.0155891858 , 21.4434581229
-12.0104682293 , 70.2982440889
-12.0053472729 , 136.399779173
-12.0002263164 , 156.639898728
-11.9951053599 , 106.465931136
-11.9899844035 , 42.8290514827
-11.984863447 , 10.1973140023
-11.9797424906 , 1.43698642488
-11.9746215341 , 0.119850286019
-11.9695005777 , 0.00591622961115
-11.9643796212 , 0.000172850445558
-11.9592586648 , 2.98892847515e-06
-11.9541377083 , 3.05900423527e-08
-11.9490167519 , 1.85295200588e-10
-11.9438957954 , 6.64305425691e-13
-11.938774839 , 1.40958401161e-15
-11.9336538825 , 1.77024618512e-18
-11.9285329261 , 1.31581825063e-21
-11.9234119696 , 5.78865519253e-25
-11.9182910132 , 1.50722813715e-28
-11.9131700567 , 2.32273645704e-32
-11.9080491003 , 2.12364476235e-36
-11.9029281438 , 5.20177192163e-39
-11.8978071874 , 5.09331807809e-39
-11.8926862309 , 5.09331807809e-39
-11.8875652745 , 5.09331807809e-39
-11.882444318 , 5.09331807809e-39
-11.8773233616 , 5.09331807809e-39
-11.8722024051 , 5.09331807809e-39
-11.8670814487 , 5.09331807809e-39
-11.8619604922 , 5.09331807809e-39
-11.8568395358 , 5.09331807809e-39
-11.8517185793 , 4.56301803557e-38
-11.8465976229 , 5.86644263249e-34
-11.8414766664 , 5.02236955903e-30
-11.83635571 , 2.5448802471e-26
-11.8312347535 , 7.63215403727e-23
-11.8261137971 , 1.35471517002e-19
-11.8209928406 , 1.42321316279e-16
-11.8158718842 , 8.84938316684e-14
-11.8107509277 , 3.25669538218e-11
-11.8056299712 , 7.09352929935e-09
-11.8005090148 , 9.14468363265e-07
-11.7953880583 , 6.97743972346e-05
-11.7902671019 , 0.00315097234053
-11.7851461454 , 0.0842197945489
-11.780025189 , 1.33230866768
-11.7749042325 , 12.4743124464
-11.7697832761 , 69.1272802888
-11.7646623196 , 226.727088741
-11.7595413632 , 440.127434665
-11.7544204067 , 505.678579133
-11.7492994503 , 343.867998576
-11.7441784938 , 138.39807574
-11.7390575374 , 32.9677592038
-11.7339365809 , 4.64804039212
-11.7288156245 , 0.387856829995
-11.723694668 , 0.0191555258889
-11.7185737116 , 0.000559935239559
-11.7134527551 , 9.68729682532e-06
-11.7083317987 , 9.91947067886e-08
-11.7032108422 , 6.01167471493e-10
-11.6980898858 , 2.15637124859e-12
-11.6929689293 , 4.57796718694e-15
-11.6878479729 , 5.75231819602e-18
-11.6827270164 , 4.27793528405e-21
-11.67760606 , 1.88298387757e-24
-11.6724851035 , 4.90546379434e-28
-11.6673641471 , 7.56370632963e-32
-11.6622431906 , 6.90763541864e-36
-11.6571222342 , 5.44705797304e-39
-11.6520012777 , 5.09331807809e-39
-11.6468803213 , 5.09331807809e-39
-11.6417593648 , 5.09331807809e-39
-11.6366384084 , 5.09331807809e-39
-11.6315174519 , 5.09331807809e-39
-11.6263964955 , 5.09331807809e-39
-11.621275539 , 5.09331807809e-39
-11.6161545826 , 5.09331807809e-39
-11.6110336261 , 5.09331807809e-39
-11.6059126696 , 5.09331807809e-39
-11.6007917132 , 5.09331807809e-39
-11.5956707567 , 5.09331807809e-39
-11.5905498003 , 5.09331807809e-39
-11.5854288438 , 5.09331807809e-39
-11.5803078874 , 5.09331807809e-39
-11.5751869309 , 5.09331807809e-39
-11.5700659745 , 5.09331807809e-39
-11.564945018 , 5.09331807809e-39
-11.5598240616 , 5.09331807809e-39
-11.5547031051 , 5.09331807809e-39
-11.5495821487 , 5.09331807809e-39
-11.5444611922 , 1.11863457394e-38
-11.5393402358 , 9.80652171264e-35
-11.5342192793 , 9.3096464735e-31
-11.5290983229 , 5.23111470947e-27
-11.5239773664 , 1.73970533838e-23
-11.51885641 , 3.42434524895e-20
-11.5137354535 , 3.98932839876e-17
-11.5086144971 , 2.75069493544e-14
-11.5034935406 , 1.12254939974e-11
-11.4983725842 , 2.71137065095e-09
-11.4932516277 , 3.87607983736e-07
-11.4881306713 , 3.27957019542e-05
-11.4830097148 , 0.0016423342187
-11.4778887584 , 0.0486773072579
-11.4727678019 , 0.853909692262
-11.4676468455 , 8.86579597755
-11.462525889 , 54.4808550893
-11.4574049326 , 198.148363446
-11.4522839761 , 426.537732557
-11.4471630197 , 543.431506107
-11.4420420632 , 409.781702341
-11.4369211068 , 182.886101256
-11.4318001503 , 48.3091317065
-11.4266791939 , 7.55262899739
-11.4215582374 , 0.698855619051
-11.4164372809 , 0.0382734102437
-11.4113163245 , 0.00124058706507
-11.406195368 , 2.38000421156e-05
-11.4010744116 , 2.70239351959e-07
-11.3959534551 , 1.81610035778e-09
-11.3908324987 , 7.22356333246e-12
-11.3857115422 , 1.70052692601e-14
-11.3805905858 , 2.3693865996e-17
-11.3754696293 , 1.95392877851e-20
-11.3703486729 , 9.53678335962e-24
-11.3652277164 , 2.75496122504e-27
-11.36010676 , 4.71030960976e-31
-11.3549858035 , 4.76705336544e-35
-11.3498648471 , 7.92791286642e-39
-11.3447438906 , 5.09331807809e-39
-11.3396229342 , 5.09331807809e-39
-11.3345019777 , 5.09331807809e-39
-11.3293810213 , 5.09331807809e-39
-11.3242600648 , 5.09331807809e-39
-11.3191391084 , 5.11944856155e-39
-11.3140181519 , 8.3216275277e-37
-11.3088971955 , 1.0016141012e-32
-11.303776239 , 7.17911056228e-29
-11.2986552826 , 3.04551519892e-25
-11.2935343261 , 7.6466391917e-22
-11.2884133697 , 1.13631862009e-18
-11.2832924132 , 9.99423013726e-16
-11.2781714568 , 5.20257399617e-13
-11.2730505003 , 1.6029016787e-10
-11.2679295439 , 2.92290835881e-08
-11.2628085874 , 3.15459210761e-06
-11.257687631 , 0.00020150736466
-11.2525666745 , 0.00761830458099
-11.2474457181 , 0.170469009628
-11.2423247616 , 2.25762726806
-11.2372038052 , 17.6961480686
-11.2320828487 , 82.0965567869
-11.2269618922 , 225.419166527
-11.2218409358 , 366.333330443
-11.2167199793 , 352.356044945
-11.2115990229 , 200.588816928
-11.2064780664 , 67.5851837134
-11.20135711 , 13.4784106418
-11.1962361535 , 1.61106110635
-11.1911151971 , 0.455029025727
-11.1859942406 , 3.44971523195
-11.1808732842 , 20.4263592135
-11.1757523277 , 71.6790490335
-11.1706313713 , 148.87281898
-11.1655104148 , 183.002968931
-11.1603894584 , 133.143630721
-11.1552685019 , 57.3326732847
-11.1501475455 , 14.6117934899
-11.145026589 , 2.20406498684
-11.1399056326 , 0.196772680614
-11.1347846761 , 0.0103973998316
-11.1296637197 , 0.00032516532324
-11.1245427632 , 6.01870754389e-06
-11.1194218068 , 6.59358780251e-08
-11.1143008503 , 4.27523392979e-10
-11.1091798939 , 1.6406559172e-12
-11.1040589374 , 3.72644462312e-15
-11.098937981 , 5.00946528045e-18
-11.0938170245 , 3.98572753292e-21
-11.0886960681 , 1.87690970119e-24
-11.0835751116 , 5.23116824445e-28
-11.0784541552 , 8.62926009179e-32
-11.0733331987 , 8.43004780961e-36
-11.0682122423 , 5.5733250136e-39
-11.0630912858 , 5.09331807809e-39
-11.0579703294 , 5.09331807809e-39
-11.0528493729 , 5.09331807809e-39
-11.0477284165 , 5.09331807809e-39
-11.04260746 , 5.09331807809e-39
-11.0374865035 , 5.09331807809e-39
-11.0323655471 , 5.09331807809e-39
-11.0272445906 , 5.09331807809e-39
-11.0221236342 , 5.09331807809e-39
-11.0170026777 , 5.09331807809e-39
-11.0118817213 , 5.09331807809e-39
-11.0067607648 , 5.09331807809e-39
-11.0016398084 , 5.09331807809e-39
-10.9965188519 , 5.09331807809e-39
-10.9913978955 , 5.09331807809e-39
-10.986276939 , 5.09331807809e-39
-10.9811559826 , 5.09331807809e-39
-10.9760350261 , 5.09331807809e-39
-10.9709140697 , 5.28573853347e-39
-10.9657931132 , 4.09955424203e-36
-10.9606721568 , 4.64400519416e-32
-10.9555512003 , 3.11749682741e-28
-10.9504302439 , 1.23862287404e-24
-10.9453092874 , 2.91267398468e-21
-10.940188331 , 4.05381908097e-18
-10.9350673745 , 3.33930857843e-15
-10.9299464181 , 1.62805266135e-12
-10.9248254616 , 4.69785976686e-10
-10.9197045052 , 8.0232690077e-08
-10.9145835487 , 8.11002817945e-06
-10.9094625923 , 0.000485191381008
-10.9043416358 , 0.0171800133172
-10.8992206794 , 0.360042376277
-10.8940997229 , 4.46584295897
-10.8889787665 , 32.7848332681
-10.88385781 , 142.449923741
-10.8787368536 , 366.329008202
-10.8736158971 , 557.576033316
-10.8684949407 , 502.421381819
-10.8633739842 , 269.869395011
-10.8582530278 , 102.713573639
-10.8531320713 , 110.72560135
-10.8480111149 , 294.806376465
-10.8428901584 , 535.516379147
-10.8377692019 , 578.928001911
-10.8326482455 , 370.494908548
-10.827527289 , 140.33397686
-10.8224063326 , 31.4603354824
-10.8172853761 , 4.17430029167
-10.8121644197 , 0.327811243458
-10.8070434632 , 0.0152364625064
-10.8019225068 , 0.000420421645449
-10.7968015503 , 9.09166640807e-05
-10.7916805939 , 0.00327678605108
-10.7865596374 , 0.0755687314656
-10.781438681 , 1.03148858492
-10.7763177245 , 8.33309358269
-10.7711967681 , 39.84443094
-10.7660758116 , 112.758303914
-10.7609548552 , 188.863910364
-10.7558338987 , 187.22720612
-10.7507129423 , 109.852127549
-10.7455919858 , 38.147626771
-10.7404710294 , 7.84054251242
-10.7353500729 , 0.953771277312
-10.7302291165 , 0.0686691863885
-10.72510816 , 0.00292616694847
-10.7199872036 , 7.37999106392e-05
-10.7148662471 , 1.10162075071e-06
-10.7097452907 , 9.73257852668e-09
-10.7046243342 , 5.08912668039e-11
-10.6995033778 , 1.57499124269e-13
-10.6943824213 , 2.8849260639e-16
-10.6892614649 , 2.37589650917e-18
-10.6841405084 , 1.78414386332e-15
-10.679019552 , 9.13167667227e-13
-10.6738985955 , 2.76624592881e-10
-10.6687776391 , 4.95964517631e-08
-10.6636566826 , 5.26295897065e-06
-10.6585357262 , 0.000330543726555
-10.6534147697 , 0.0122870439392
-10.6482938132 , 0.270324532917
-10.6431728568 , 3.52000328515
-10.6380519003 , 27.1281534865
-10.6329309439 , 123.741950309
-10.6278099874 , 334.066738489
-10.622689031 , 533.788330343
-10.6175680745 , 504.80595632
-10.6124471181 , 282.552675362
-10.6073261616 , 93.6038979771
-10.6022052052 , 18.3530396548
-10.5970842487 , 2.12981376213
-10.5919632923 , 0.14628332141
-10.5868423358 , 0.00594658394217
-10.5817213794 , 0.000143073714523
-10.5766004229 , 2.03737845382e-06
-10.5714794665 , 1.71712979103e-08
-10.56635851 , 8.56552712252e-11
-10.5612375536 , 2.52885904935e-13
-10.5561165971 , 4.41890546448e-16
-10.5509956407 , 4.57008581379e-19
-10.5458746842 , 2.7973934716e-22
-10.5407537278 , 1.0134499757e-25
-10.5356327713 , 2.17305457694e-29
-10.5305118149 , 2.75777802984e-33
-10.5253908584 , 4.74322755489e-37
-10.520269902 , 3.43289918519e-33
-10.5151489455 , 2.66088580068e-29
-10.5100279891 , 1.22070759824e-25
-10.5049070326 , 3.31448946834e-22
-10.4997860762 , 5.32649130767e-19
-10.4946651197 , 5.06623563699e-16
-10.4895441633 , 2.85199744443e-13
-10.4844232068 , 9.50238149483e-11
-10.4793022504 , 1.87385238559e-08
-10.4741812939 , 2.18704577713e-06
-10.4690603375 , 0.000151077557325
-10.463939381 , 0.00617677268657
-10.4588184245 , 0.149466156641
-10.4536974681 , 2.14064030914
-10.4485765116 , 18.1452984159
-10.4434555552 , 91.0341041534
-10.4383345987 , 270.311104908
-10.4332136423 , 475.058218103
-10.4280926858 , 494.224181273
-10.4229717294 , 305.397124115
-10.4178507729 , 119.881231578
-10.4127298165 , 64.3319837191
-10.40760886 , 110.0583915
-10.4024879036 , 167.999176739
-10.3973669471 , 157.607069278
-10.3922459907 , 103.575899549
-10.3871250342 , 118.51704134
-10.3820040778 , 277.904189071
-10.3768831213 , 514.356293497
-10.3717621649 , 659.411267431
-10.3666412084 , 641.756178555
-10.361520252 , 493.206046562
-10.3563992955 , 309.11700393
-10.3512783391 , 276.296742953
-10.3461573826 , 478.326935728
-10.3410364262 , 719.392002644
-10.3359154697 , 717.20427555
-10.3307945133 , 464.998431644
-10.3256735568 , 195.25372313
-10.3205526004 , 52.2804756619
-10.3154316439 , 8.7695074294
-10.3103106875 , 1.44849923804
-10.305189731 , 6.03633798085
-10.3000687746 , 38.2425490669
-10.2949478181 , 144.713247642
-10.2898268617 , 324.221181681
-10.2847059052 , 431.115231551
-10.2795849488 , 347.967928378
-10.2744639923 , 203.660694903
-10.2693430359 , 163.679438399
-10.2642220794 , 189.787242645
-10.2591011229 , 164.562551608
-10.2539801665 , 87.0076780624
-10.24885921 , 27.3168080099
-10.2437382536 , 5.09552957322
-10.2386172971 , 0.95920375668
-10.2334963407 , 5.39028011928
-10.2283753842 , 42.8762485117
-10.2232544278 , 206.179078226
-10.2181334713 , 596.779335847
-10.2130125149 , 1042.12048197
-10.2078915584 , 1101.11568976
-10.202770602 , 712.771198919
-10.1976496455 , 313.741671354
-10.1925286891 , 162.560829606
-10.1874077326 , 146.074954604
-10.1822867762 , 113.029247941
-10.1771658197 , 54.4448711209
-10.1720448633 , 15.6062940393
-10.1669239068 , 2.65395945304
-10.1618029504 , 0.385381169745
-10.1566819939 , 1.76304483005
-10.1515610375 , 15.1982403898
-10.146440081 , 78.7048934711
-10.1413191246 , 244.33169094
-10.1361981681 , 461.037264353
-10.1310772117 , 542.579906281
-10.1259562552 , 414.43146292
-10.1208352988 , 214.375859229
-10.1157143423 , 76.429793658
-10.1105933859 , 18.3591536096
-10.1054724294 , 2.8445440036
-10.100351473 , 0.273653176848
-10.0952305165 , 0.0159611723248
-10.0901095601 , 0.000557350307725
-10.0849886036 , 1.15803394615e-05
-10.0798676472 , 1.42763580241e-07
-10.0747466907 , 3.0373089376e-09
-10.0696257342 , 2.86511467664e-07
-10.0645047778 , 2.43576549177e-05
-10.0593838213 , 0.00122561900688
-10.0542628649 , 0.0365001975973
-10.0491419084 , 0.643360892031
-10.044020952 , 6.71171980231
-10.0388999955 , 41.4412400318
-10.0337790391 , 151.444039609
-10.0286580826 , 327.569905257
-10.0235371262 , 419.541340438
-10.0184161697 , 320.335274209
-10.0132952133 , 161.33460198
-10.0081742568 , 120.336730898
-10.0030533004 , 235.691395085
-9.99793234393 , 442.734978516
-9.99281138748 , 652.152581083
-9.98769043103 , 774.302050036
-9.98256947458 , 730.892940455
-9.97744851812 , 581.809625316
-9.97232756167 , 518.56862123
-9.96720660522 , 584.460878686
-9.96208564877 , 623.078347276
-9.95696469232 , 671.183146886
-9.95184373587 , 890.933350811
-9.94672277942 , 1101.40185834
-9.94160182296 , 1043.40464981
-9.93648086651 , 767.808131728
-9.93135991006 , 464.653557378
-9.92623895361 , 344.869302803
-9.92111799716 , 516.675315097
-9.91599704071 , 822.327872552
-9.91087608426 , 993.165277208
-9.90575512781 , 930.415251299
-9.90063417135 , 688.054479236
-9.8955132149 , 374.314168858
-9.89039225845 , 136.290630833
-9.885271302 , 33.8988508707
-9.88015034555 , 22.1759202269
-9.8750293891 , 64.4564935054
-9.86990843265 , 135.828689274
-9.86478747619 , 170.296045549
-9.85966651974 , 126.383328075
-9.85454556329 , 55.5131369864
-9.84942460684 , 14.43183924
-9.84430365039 , 2.22117226019
-9.83918269394 , 0.2191879966
-9.83406173749 , 0.298442618182
-9.82894078104 , 2.88490019532
-9.82381982458 , 17.1273809965
-9.81869886813 , 60.2121767289
-9.81357791168 , 125.732796664
-9.80845695523 , 160.79346972
-9.80333599878 , 161.048659888
-9.79821504233 , 265.541363284
-9.79309408588 , 610.725726622
-9.78797312942 , 1036.60352853
-9.78285217297 , 1142.35589263
-9.77773121652 , 850.475516107
-9.77261026007 , 551.88545795
-9.76748930362 , 481.341139015
-9.76236834717 , 443.131639653
-9.75724739072 , 280.90306015
-9.75212643427 , 108.176417614
-9.74700547781 , 24.7603227351
-9.74188452136 , 3.36920101064
-9.73676356491 , 0.576488565674
-9.73164260846 , 4.44385331455
-9.72652165201 , 38.2848015405
-9.72140069556 , 198.628905696
-9.71627973911 , 620.631235546
-9.71115878265 , 1171.40566456
-9.7060378262 , 1339.48255981
-9.70091686975 , 932.32965792
-9.6957959133 , 413.928858367
-9.69067495685 , 202.609921234
-9.6855540004 , 299.165719211
-9.68043304395 , 468.181280352
-9.6753120875 , 460.20234556
-9.67019113104 , 306.635487905
-9.66507017459 , 280.698720571
-9.65994921814 , 504.469188751
-9.65482826169 , 745.967649886
-9.64970730524 , 701.25882239
-9.64458634879 , 469.397628433
-9.63946539234 , 351.353042803
-9.63434443588 , 351.133823955
-9.62922347943 , 319.413237344
-9.62410252298 , 248.583105538
-9.61898156653 , 171.315249979
-9.61386061008 , 90.0611408361
-9.60873965363 , 30.9082561481
-9.60361869718 , 6.46812202522
-9.59849774073 , 0.807839303943
-9.59337678427 , 0.059852321602
-9.58825582782 , 0.00262618346602
-9.58313487137 , 6.82121000588e-05
-9.57801391492 , 1.05064699289e-06
-9.57289295847 , 3.09729794017e-07
-9.56777200202 , 2.69724410968e-05
-9.56265104557 , 0.00143775329979
-9.55753008911 , 0.0454733148163
-9.55240913266 , 0.853508449664
-9.54728817621 , 9.50882179332
-9.54216721976 , 62.9051056297
-9.53704626331 , 247.425950933
-9.53192530686 , 581.694993766
-9.52680435041 , 835.865705383
-9.52168339396 , 799.613092428
-9.5165624375 , 634.306146112
-9.51144148105 , 496.844483158
-9.5063205246 , 323.12979978
-9.50119956815 , 139.798042398
-9.4960786117 , 36.9998172719
-9.49095765525 , 7.55230048884
-9.4858366988 , 15.5171333429
-9.48071574234 , 75.7223578471
-9.47559478589 , 226.526787066
-9.47047382944 , 402.820386226
-9.46535287299 , 437.961588958
-9.46023191654 , 357.263965522
-9.45511096009 , 417.635785538
-9.44999000364 , 705.806492646
-9.44486904719 , 1006.024691
-9.43974809073 , 1163.64217008
-9.43462713428 , 1207.01682047
-9.42950617783 , 1076.12793978
-9.42438522138 , 750.194420026
-9.41926426493 , 410.072049298
-9.41414330848 , 183.405643714
-9.40902235203 , 63.864004804
-9.40390139557 , 15.6208365683
-9.39878043912 , 5.41643107013
-9.39365948267 , 23.4856766366
-9.38853852622 , 104.438697682
-9.38341756977 , 277.387805531
-9.37829661332 , 436.107156745
-9.37317565687 , 406.026754024
-9.36805470042 , 226.309549783
-9.36293374396 , 92.4908880168
-9.35781278751 , 94.8253872022
-9.35269183106 , 200.239800249
-9.34757087461 , 307.722987731
-9.34244991816 , 377.029339939
-9.33732896171 , 545.254815117
-9.33220800526 , 810.570408422
-9.32708704881 , 842.863680058
-9.32196609235 , 540.733954333
-9.3168451359 , 240.31509656
-9.31172417945 , 187.457812658
-9.306603223 , 321.467389655
-9.30148226655 , 438.499012858
-9.2963613101 , 450.40135238
-9.29124035365 , 465.826159295
-9.28611939719 , 479.532135996
-9.28099844074 , 362.493394919
-9.27587748429 , 174.149733477
-9.27075652784 , 68.5726945014
-9.26563557139 , 97.9719199218
-9.26051461494 , 242.719231383
-9.25539365849 , 386.306790381
-9.25027270204 , 366.130148937
-9.24515174558 , 216.377862055
-9.24003078913 , 142.704097261
-9.23490983268 , 285.765840469
-9.22978887623 , 586.778164091
-9.22466791978 , 744.549826622
-9.21954696333 , 564.133603386
-9.21442600688 , 272.008154671
-9.20930505042 , 137.86027785
-9.20418409397 , 147.845767345
-9.19906313752 , 165.115984376
-9.19394218107 , 162.689023776
-9.18882122462 , 245.552624532
-9.18370026817 , 467.911799955
-9.17857931172 , 756.128472833
-9.17345835527 , 996.068812296
-9.16833739881 , 1011.00525559
-9.16321644236 , 708.107981008
-9.15809548591 , 316.681421021
-9.15297452946 , 87.2474258891
-9.14785357301 , 14.9452390948
-9.14273261656 , 6.01666146016
-9.13761166011 , 33.4904398379
-9.13249070365 , 147.039408664
-9.1273697472 , 396.358841432
-9.12224879075 , 689.437026331
-9.1171278343 , 862.895525084
-9.11200687785 , 898.845671982
-9.1068859214 , 825.568951273
-9.10176496495 , 613.564836191
-9.0966440085 , 327.413852496
-9.09152305204 , 123.117008254
-9.08640209559 , 72.2449190498
-9.08128113914 , 146.799326024
-9.07616018269 , 256.964974362
-9.07103922624 , 272.796345625
-9.06591826979 , 181.236642401
-9.06079731334 , 123.221496541
-9.05567635688 , 205.893291972
-9.05055540043 , 364.614207721
-9.04543444398 , 406.056041661
-9.04031348753 , 271.432395782
-9.03519253108 , 124.022275977
-9.03007157463 , 101.188187935
-9.02495061818 , 216.344203177
-9.01982966173 , 417.4650963
-9.01470870527 , 592.318364224
-9.00958774882 , 661.528557
-9.00446679237 , 707.762458166
-8.99934583592 , 840.875175338
-8.99422487947 , 1025.58563264
-8.98910392302 , 1131.97669288
-8.98398296657 , 1010.16971842
-8.97886201011 , 647.593029802
-8.97374105366 , 273.768530526
-8.96862009721 , 73.0521338958
-8.96349914076 , 12.7619728311
-8.95837818431 , 8.79166929462
-8.95325722786 , 47.2121985882
-8.94813627141 , 174.153016262
-8.94301531496 , 385.261545854
-8.9378943585 , 525.738798502
-8.93277340205 , 484.795277625
-8.9276524456 , 367.183928861
-8.92253148915 , 292.132801904
-8.9174105327 , 336.473242206
-8.91228957625 , 554.813075609
-8.9071686198 , 799.421777921
-8.90204766334 , 822.366980656
-8.89692670689 , 642.901298989
-8.89180575044 , 518.491330228
-8.88668479399 , 584.118345334
-8.88156383754 , 769.076967813
-8.87644288109 , 855.748639253
-8.87132192464 , 657.700474682
-8.86620096819 , 319.181663654
-8.86108001173 , 94.7244218549
-8.85595905528 , 17.8526292327
-8.85083809883 , 10.5988581506
-8.84571714238 , 51.811892452
-8.84059618593 , 182.782465466
-8.83547522948 , 396.217688382
-8.83035427303 , 553.989572408
-8.82523331657 , 546.425550802
-8.82011236012 , 412.708153016
-8.81499140367 , 236.246933258
-8.80987044722 , 103.654811297
-8.80474949077 , 87.8531386191
-8.79962853432 , 224.600720807
-8.79450757787 , 464.240083621
-8.78938662142 , 627.533481137
-8.78426566496 , 597.957586598
-8.77914470851 , 483.051134024
-8.77402375206 , 485.896417324
-8.76890279561 , 640.424917295
-8.76378183916 , 685.296581441
-8.75866088271 , 464.873717716
-8.75353992626 , 189.046536988
-8.7484189698 , 45.6103695242
-8.74329801335 , 6.51619750488
-8.7381770569 , 0.551508260042
-8.73305610045 , 0.042274922407
-8.727935144 , 0.298101191409
-8.72281418755 , 3.63415790653
-8.7176932311 , 26.8821697422
-8.71257227465 , 120.637585863
-8.70745131819 , 331.060604716
-8.70233036174 , 571.624498938
-8.69720940529 , 677.153591581
-8.69208844884 , 649.5052232
-8.68696749239 , 556.884250593
-8.68184653594 , 410.297598307
-8.67672557949 , 323.981654007
-8.67160462303 , 382.914019686
-8.66648366658 , 508.81597174
-8.66136271013 , 642.061256365
-8.65624175368 , 781.211959483
-8.65112079723 , 890.708327054
-8.64599984078 , 922.529519816
-8.64087888433 , 928.05661276
-8.63575792788 , 942.459932978
-8.63063697142 , 819.452211508
-8.62551601497 , 535.638996161
-8.62039505852 , 342.163455893
-8.61527410207 , 406.319620994
-8.61015314562 , 571.217926472
-8.60503218917 , 602.551636711
-8.59991123272 , 491.728247348
-8.59479027626 , 329.288985024
-8.58966931981 , 180.595823871
-8.58454836336 , 124.715470602
-8.57942740691 , 184.766632346
-8.57430645046 , 312.800667327
-8.56918549401 , 436.098331836
-8.56406453756 , 444.381311745
-8.55894358111 , 304.468873646
-8.55382262465 , 168.596751764
-8.5487016682 , 174.034979629
-8.54358071175 , 263.716186682
-8.5384597553 , 280.528138343
-8.53333879885 , 207.650045347
-8.5282178424 , 207.273765048
-8.52309688595 , 371.074162388
-8.51797592949 , 554.926243776
-8.51285497304 , 570.617821296
-8.50773401659 , 487.223693665
-8.50261306014 , 490.915377858
-8.49749210369 , 530.431696733
-8.49237114724 , 438.993362618
-8.48725019079 , 300.318475706
-8.48212923434 , 291.905583492
-8.47700827788 , 374.134824729
-8.47188732143 , 465.214642835
-8.46676636498 , 618.515416115
-8.46164540853 , 770.74526794
-8.45652445208 , 709.065952581
-8.45140349563 , 432.973651002
-8.44628253918 , 168.524854958
-8.44116158272 , 42.4353366755
-8.43604062627 , 21.5205894047
-8.43091966982 , 84.2201566814
-8.42579871337 , 278.802029874
-8.42067775692 , 604.171363994
-8.41555680047 , 936.493630861
-8.41043584402 , 1138.15162416
-8.40531488757 , 1071.72275333
-8.40019393111 , 710.598612746
-8.39507297466 , 319.240320807
-8.38995201821 , 152.009277684
-8.38483106176 , 194.013351292
-8.37971010531 , 283.570612594
-8.37458914886 , 332.079251104
-8.36946819241 , 450.155630467
-8.36434723595 , 697.957546333
-8.3592262795 , 862.853091349
-8.35410532305 , 807.741239243
-8.3489843666 , 662.216587554
-8.34386341015 , 485.426607018
-8.3387424537 , 265.537218795
-8.33362149725 , 93.5673819245
-8.3285005408 , 20.0273688031
-8.32337958434 , 2.56214111148
-8.31825862789 , 0.31669557456
-8.31313767144 , 1.61337838746
-8.30801671499 , 12.3805793397
-8.30289575854 , 56.531764897
-8.29777480209 , 152.781836242
-8.29265384564 , 244.382745311
-8.28753288918 , 231.36127597
-8.28241193273 , 129.666553819
-8.27729097628 , 43.5523160062
-8.27217001983 , 14.5977235257
-8.26704906338 , 41.029465481
-8.26192810693 , 154.19375502
-8.25680715048 , 351.06382599
-8.25168619403 , 473.296424876
-8.24656523757 , 378.048290059
-8.24144428112 , 182.140240049
-8.23632332467 , 69.8624089617
-8.23120236822 , 70.4780792597
-8.22608141177 , 115.378676147
-8.22096045532 , 125.927265226
-8.21583949887 , 91.2830674489
-8.21071854241 , 89.2805587488
-8.20559758596 , 193.076935431
-8.20047662951 , 350.801223839
-8.19535567306 , 389.882162368
-8.19023471661 , 262.108924798
-8.18511376016 , 130.891937992
-8.17999280371 , 134.997943584
-8.17487184726 , 317.50056867
-8.1697508908 , 704.588777571
-8.16462993435 , 1137.08031869
-8.1595089779 , 1193.30393982
-8.15438802145 , 773.579668814
-8.149267065 , 304.366021633
-8.14414610855 , 76.6081378619
-8.1390251521 , 41.7493421815
-8.13390419564 , 126.86865571
-8.12878323919 , 298.188428577
-8.12366228274 , 417.625039007
-8.11854132629 , 347.030748955
-8.11342036984 , 179.017023992
-8.10829941339 , 109.135394004
-8.10317845694 , 250.939370423
-8.09805750049 , 613.563198995
-8.09293654403 , 964.328359347
-8.08781558758 , 940.852361811
-8.08269463113 , 565.500866328
-8.07757367468 , 210.779330941
-8.07245271823 , 70.2267469806
-8.06733176178 , 114.291504123
-8.06221080533 , 299.910678496
-8.05708984887 , 520.90458263
-8.05196889242 , 584.523756106
-8.04684793597 , 439.934931037
-8.04172697952 , 268.973196219
-8.03660602307 , 274.550692411
-8.03148506662 , 493.130431516
-8.02636411017 , 805.888645597
-8.02124315372 , 1016.58062085
-8.01612219726 , 941.253238441
-8.01100124081 , 614.016626353
-8.00588028436 , 332.32800754
-8.00075932791 , 349.832636308
-7.99563837146 , 610.468706978
-7.99051741501 , 774.348735332
-7.98539645856 , 618.731459364
-7.9802755021 , 330.215115056
-7.97515454565 , 193.881986172
-7.9700335892 , 272.762119192
-7.96491263275 , 408.23456173
-7.9597916763 , 419.371255833
-7.95467071985 , 361.997180411
-7.9495497634 , 383.282907375
-7.94442880695 , 453.305429795
-7.93930785049 , 531.667224653
-7.93418689404 , 651.418238168
-7.92906593759 , 744.544915784
-7.92394498114 , 733.699921337
-7.91882402469 , 664.67405297
-7.91370306824 , 570.720439773
-7.90858211179 , 528.876810195
-7.90346115533 , 734.333815913
-7.89834019888 , 1110.21814759
-7.89321924243 , 1236.68190609
-7.88809828598 , 931.652484848
-7.88297732953 , 469.579735053
-7.87785637308 , 155.819612548
-7.87273541663 , 34.627888799
-7.86761446018 , 20.5485371879
-7.86249350372 , 102.074214644
-7.85737254727 , 386.492227974
-7.85225159082 , 890.624234696
-7.84713063437 , 1250.67801066
-7.84200967792 , 1074.64523276
-7.83688872147 , 566.574749139
-7.83176776502 , 183.463594403
-7.82664680856 , 37.1961746446
-7.82152585211 , 12.5500074804
-7.81640489566 , 50.3180290222
-7.81128393921 , 184.080148324
-7.80616298276 , 411.630783045
-7.80104202631 , 599.008009702
-7.79592106986 , 729.856505385
-7.79080011341 , 1027.03924988
-7.78567915695 , 1379.9341501
-7.7805582005 , 1290.46426713
-7.77543724405 , 759.833843993
-7.7703162876 , 310.527114397
-7.76519533115 , 222.416238141
-7.7600743747 , 424.330202617
-7.75495341825 , 734.626341499
-7.74983246179 , 960.467418558
-7.74471150534 , 1009.07652873
-7.73959054889 , 998.580729634
-7.73446959244 , 1043.48860495
-7.72934863599 , 972.064717735
-7.72422767954 , 652.297924739
-7.71910672309 , 285.454546486
-7.71398576664 , 79.0859410759
-7.70886481018 , 22.5972679163
-7.70374385373 , 59.4299939959
-7.69862289728 , 217.566439958
-7.69350194083 , 502.696776323
-7.68838098438 , 723.744307097
-7.68326002793 , 654.824883127
-7.67813907148 , 394.469820271
-7.67301811502 , 269.650964263
-7.66789715857 , 474.313094132
-7.66277620212 , 890.573357141
-7.65765524567 , 1132.15829809
-7.65253428922 , 962.04482601
-7.64741333277 , 576.679750463
-7.64229237632 , 262.217697502
-7.63717141987 , 94.736468294
-7.63205046341 , 37.9422623716
-7.62692950696 , 80.8609324333
-7.62180855051 , 267.922668336
-7.61668759406 , 574.596590126
-7.61156663761 , 768.041040707
-7.60644568116 , 658.225660337
-7.60132472471 , 400.340388509
-7.59620376825 , 219.325261619
-7.5910828118 , 122.384903096
-7.58596185535 , 55.1806957663
-7.5808408989 , 16.2588874179
-7.57571994245 , 2.90698086666
-7.570598986 , 0.314231743847
-7.56547802955 , 0.134955092608
-7.5603570731 , 1.65668080566
-7.55523611664 , 14.3201098706
-7.55011516019 , 75.8730746068
-7.54499420374 , 252.947600261
-7.53987324729 , 549.709139301
-7.53475229084 , 804.399043087
-7.52963133439 , 810.147274775
-7.52451037794 , 614.456930794
-7.51938942148 , 542.976509363
-7.51426846503 , 773.675755523
-7.50914750858 , 1117.51756226
-7.50402655213 , 1280.32002598
-7.49890559568 , 1097.65911837
-7.49378463923 , 697.056721434
-7.48866368278 , 404.651206404
-7.48354272633 , 365.970652181
-7.47842176987 , 470.40365572
-7.47330081342 , 604.26732334
-7.46817985697 , 811.196364482
-7.46305890052 , 1082.28332828
-7.45793794407 , 1250.66241549
-7.45281698762 , 1166.03949825
-7.44769603117 , 830.50314705
-7.44257507471 , 438.765621948
-7.43745411826 , 207.393488416
-7.43233316181 , 149.576943209
-7.42721220536 , 133.776206147
-7.42209124891 , 108.639370627
-7.41697029246 , 150.746899198
-7.41184933601 , 309.007527501
-7.40672837956 , 484.364887093
-7.4016074231 , 529.433963085
-7.39648646665 , 416.351994519
-7.3913655102 , 232.071504625
-7.38624455375 , 88.5143688317
-7.3811235973 , 37.8868419657
-7.37600264085 , 81.5906375727
-7.3708816844 , 226.662591948
-7.36576072794 , 483.003599339
-7.36063977149 , 872.317977766
-7.35551881504 , 1289.00460681
-7.35039785859 , 1392.65751893
-7.34527690214 , 1086.50794691
-7.34015594569 , 664.146004727
-7.33503498924 , 348.477333127
-7.32991403279 , 235.784611851
-7.32479307633 , 343.870610941
-7.31967211988 , 497.230457513
-7.31455116343 , 478.061392146
-7.30943020698 , 369.209745641
-7.30430925053 , 448.165787826
-7.29918829408 , 746.298337386
-7.29406733763 , 968.968699649
-7.28894638118 , 880.334359089
-7.28382542472 , 609.645608905
-7.27870446827 , 452.87169144
-7.27358351182 , 497.736584894
-7.26846255537 , 561.575605431
-7.26334159892 , 536.227716973
-7.25822064247 , 553.708749528
-7.25309968602 , 627.565541631
-7.24797872956 , 561.938517447
-7.24285777311 , 331.706718982
-7.23773681666 , 122.292318973
-7.23261586021 , 28.1326874576
-7.22749490376 , 9.99736011959
-7.22237394731 , 41.682055933
-7.21725299086 , 162.515914711
-7.21213203441 , 377.81446773
-7.20701107795 , 520.875345242
-7.2018901215 , 433.923770796
-7.19676916505 , 262.060422959
-7.1916482086 , 244.399373567
-7.18652725215 , 363.317170455
-7.1814062957 , 401.213250339
-7.17628533925 , 292.3452219
-7.17116438279 , 238.282578759
-7.16604342634 , 400.945744787
-7.16092246989 , 634.524280684
-7.15580151344 , 635.571778113
-7.15068055699 , 402.799058657
-7.14555960054 , 241.219339533
-7.14043864409 , 303.123729729
-7.13531768764 , 430.843753371
-7.13019673118 , 429.810175906
-7.12507577473 , 377.77826458
-7.11995481828 , 433.693601978
-7.11483386183 , 519.642926175
-7.10971290538 , 531.022810794
-7.10459194893 , 518.297462615
-7.09947099248 , 494.357766553
-7.09435003602 , 422.483609639
-7.08922907957 , 385.299534421
-7.08410812312 , 537.764340701
-7.07898716667 , 823.226561417
-7.07386621022 , 947.679287993
-7.06874525377 , 776.000320869
-7.06362429732 , 490.229080004
-7.05850334087 , 332.692931402
-7.05338238441 , 390.007429528
-7.04826142796 , 527.201565844
-7.04314047151 , 575.670272247
-7.03801951506 , 523.010002509
-7.03289855861 , 397.010284188
-7.02777760216 , 277.430979211
-7.02265664571 , 323.477453313
-7.01753568925 , 545.448442545
-7.0124147328 , 753.38136774
-7.00729377635 , 789.236339674
-7.0021728199 , 634.084481172
-6.99705186345 , 369.665571712
-6.991930907 , 144.035526708
-6.98680995055 , 35.4652293261
-6.9816889941 , 7.06242374308
-6.97656803764 , 15.8653952156
-6.97144708119 , 80.8715867472
-6.96632612474 , 261.331935474
-6.96120516829 , 532.828307469
-6.95608421184 , 704.839528175
-6.95096325539 , 618.395293066
-6.94584229894 , 371.654247288
-6.94072134248 , 195.131150793
-6.93560038603 , 170.231440032
-6.93047942958 , 187.401821945
-6.92535847313 , 156.598907321
-6.92023751668 , 164.932669395
-6.91511656023 , 396.465109256
-6.90999560378 , 889.17925211
-6.90487464733 , 1316.56132441
-6.89975369087 , 1263.27285897
-6.89463273442 , 792.220955406
-6.88951177797 , 329.733085401
-6.88439082152 , 123.100188334
-6.87926986507 , 150.692454477
-6.87414890862 , 291.79719855
-6.86902795217 , 366.633870186
-6.86390699571 , 285.068096846
-6.85878603926 , 193.299286472
-6.85366508281 , 273.519954471
-6.84854412636 , 477.526067606
-6.84342316991 , 546.386148323
-6.83830221346 , 374.310728866
-6.83318125701 , 161.813291487
-6.82806030056 , 94.5975376188
-6.8229393441 , 191.294996249
-6.81781838765 , 356.437324303
-6.8126974312 , 439.172010532
-6.80757647475 , 473.218867155
-6.8024555183 , 661.867021586
-6.79733456185 , 923.653723781
-6.7922136054 , 958.374820661
-6.78709264894 , 783.041659075
-6.78197169249 , 622.181670153
-6.77685073604 , 559.259961466
-6.77172977959 , 523.644091744
-6.76660882314 , 390.650375147
-6.76148786669 , 191.487547003
-6.75636691024 , 57.4121045556
-6.75124595379 , 12.3741971784
-6.74612499733 , 20.0587311094
-6.74100404088 , 99.937668393
-6.73588308443 , 314.179922684
-6.73076212798 , 594.493170024
-6.72564117153 , 699.928286776
-6.72052021508 , 600.008096296
-6.71539925863 , 546.458112981
-6.71027830217 , 564.016043602
-6.70515734572 , 461.792905701
-6.70003638927 , 289.124684472
-6.69491543282 , 255.654154802
-6.68979447637 , 363.709714736
-6.68467351992 , 416.24029896
-6.67955256347 , 337.676400311
-6.67443160702 , 232.396138955
-6.66931065056 , 148.306894822
-6.66418969411 , 76.678130924
-6.65906873766 , 50.7298946954
-6.65394778121 , 115.85699135
-6.64882682476 , 266.536718593
-6.64370586831 , 376.058628758
-6.63858491186 , 314.582562994
-6.6334639554 , 155.789378834
-6.62834299895 , 46.1077290686
-6.6232220425 , 12.9160900045
-6.61810108605 , 33.0411430525
-6.6129801296 , 123.562971363
-6.60785917315 , 283.804254609
-6.6027382167 , 400.924525339
-6.59761726025 , 372.337634433
-6.59249630379 , 266.359593143
-6.58737534734 , 210.431433456
-6.58225439089 , 269.173430432
-6.57713343444 , 376.299035819
-6.57201247799 , 363.733877786
-6.56689152154 , 214.349248149
-6.56177056509 , 78.2892745069
-6.55664960863 , 39.27562074
-6.55152865218 , 101.661070864
-6.54640769573 , 250.381475591
-6.54128673928 , 386.248248086
-6.53616578283 , 417.187205108
-6.53104482638 , 447.144242169
-6.52592386993 , 594.177509598
-6.52080291348 , 754.816586022
-6.51568195702 , 746.612483096
-6.51056100057 , 539.946104493
-6.50544004412 , 283.510300548
-6.50031908767 , 150.115982804
-6.49519813122 , 199.71877678
-6.49007717477 , 334.319958062
-6.48495621832 , 368.227987266
-6.47983526186 , 275.417730864
-6.47471430541 , 239.773228449
-6.46959334896 , 337.495636135
-6.46447239251 , 398.179486542
-6.45935143606 , 291.90942715
-6.45423047961 , 127.347387991
-6.44910952316 , 32.9328907351
-6.44398856671 , 5.66349341607
-6.43886761025 , 7.800600745
-6.4337466538 , 51.245030165
-6.42862569735 , 214.630561264
-6.4235047409 , 540.825577104
-6.41838378445 , 821.306393731
-6.413262828 , 761.452047418
-6.40814187155 , 462.404338954
-6.40302091509 , 239.406879597
-6.39789995864 , 144.799198177
-6.39277900219 , 81.3079366512
-6.38765804574 , 30.7375138341
-6.38253708929 , 7.40069739972
-6.37741613284 , 5.24868778837
-6.37229517639 , 31.4383687807
-6.36717421994 , 140.244466859
-6.36205326348 , 389.399817238
-6.35693230703 , 682.411613801
-6.35181135058 , 763.671774322
-6.34669039413 , 546.646779436
-6.34156943768 , 248.75362034
-6.33644848123 , 76.7685591688
-6.33132752478 , 41.5527945239
-6.32620656832 , 77.9546265328
-6.32108561187 , 118.500710293
-6.31596465542 , 108.250234007
-6.31084369897 , 58.5640690888
-6.30572274252 , 18.7650827356
-6.30060178607 , 3.81486839239
-6.29548082962 , 3.60047384429
-6.29035987317 , 23.2800473196
-6.28523891671 , 99.9550825736
-6.28011796026 , 254.290733669
-6.27499700381 , 382.897580774
-6.26987604736 , 341.294342621
-6.26475509091 , 181.004109776
-6.25963413446 , 66.0537820627
-6.25451317801 , 67.9818722831
-6.24939222155 , 207.673575675
-6.2442712651 , 472.59870266
-6.23915030865 , 739.846465193
-6.2340293522 , 877.324041405
-6.22890839575 , 881.162479999
-6.2237874393 , 842.992254046
-6.21866648285 , 791.25634483
-6.2135455264 , 615.559420391
-6.20842456994 , 351.845762769
-6.20330361349 , 240.604088032
-6.19818265704 , 386.386442677
-6.19306170059 , 603.441285876
-6.18794074414 , 606.369082001
-6.18281978769 , 376.737507508
-6.17769883124 , 144.333176612
-6.17257787478 , 33.9985476052
-6.16745691833 , 4.90026692128
-6.16233596188 , 0.465304617163
-6.15721500543 , 0.654667493615
-6.15209404898 , 6.54090655234
-6.14697309253 , 40.0614198917
-6.14185213608 , 145.263315444
-6.13673117963 , 312.228914052
-6.13161022317 , 402.946528164
-6.12648926672 , 348.757664143
-6.12136831027 , 350.263754424
-6.11624735382 , 588.621859499
-6.11112639737 , 854.432477888
-6.10600544092 , 798.134342543
-6.10088448447 , 472.33491015
-6.09576352801 , 198.138513514
-6.09064257156 , 138.122867706
-6.08552161511 , 287.41813761
-6.08040065866 , 529.760812322
-6.07527970221 , 625.588034344
-6.07015874576 , 461.367582256
-6.06503778931 , 230.607066904
-6.05991683286 , 150.973527667
-6.0547958764 , 215.422998222
-6.04967491995 , 264.509202819
-6.0445539635 , 199.659739532
-6.03943300705 , 93.8307620557
-6.0343120506 , 60.0389196259
-6.02919109415 , 173.554612599
-6.0240701377 , 476.857283083
-6.01894918124 , 805.503431718
-6.01382822479 , 825.394368689
-6.00870726834 , 545.926597074
-6.00358631189 , 369.327471395
-5.99846535544 , 525.740742051
-5.99334439899 , 854.322494038
-5.98822344254 , 1076.92938575
-5.98310248609 , 1074.11732238
-5.97798152963 , 855.343682913
-5.97286057318 , 534.961883706
-5.96773961673 , 291.755147894
-5.96261866028 , 162.333890048
-5.95749770383 , 80.3307698393
-5.95237674738 , 27.5767558686
-5.94725579093 , 5.85657060127
-5.94213483447 , 0.744420543744
-5.93701387802 , 0.0561593469665
-5.93189292157 , 0.00251183964508
-5.92677196512 , 0.000238066517497
-5.92165100867 , 0.00680808162826
-5.91653005222 , 0.160231081284
-5.91140909577 , 2.24069907201
-5.90628813932 , 18.6276470564
-5.90116718286 , 92.1277948776
-5.89604622641 , 271.286891209
-5.89092526996 , 476.034144647
-5.88580431351 , 498.184829118
-5.88068335706 , 311.206036487
-5.87556240061 , 116.129974039
-5.87044144416 , 25.9127704754
-5.8653204877 , 3.67043402436
-5.86019953125 , 3.27004324991
-5.8550785748 , 24.9160878468
-5.84995761835 , 123.829114881
-5.8448366619 , 368.667235025
-5.83971570545 , 658.147556398
-5.834594749 , 706.230554887
-5.82947379255 , 462.094661508
-5.82435283609 , 209.03969866
-5.81923187964 , 121.318452326
-5.81411092319 , 128.705945705
-5.80898996674 , 151.330641248
-5.80386901029 , 209.136272469
-5.79874805384 , 280.749571372
-5.79362709739 , 260.173003013
-5.78850614093 , 147.268539375
-5.78338518448 , 49.8968093672
-5.77826422803 , 13.7227187168
-5.77314327158 , 31.9547775484
-5.76802231513 , 148.847660935
-5.76290135868 , 431.640020925
-5.75778040223 , 753.027332189
-5.75265944578 , 793.774885183
-5.74753848932 , 531.584330669
-5.74241753287 , 345.242853547
-5.73729657642 , 477.278659115
-5.73217561997 , 722.367707768
-5.72705466352 , 703.480308762
-5.72193370707 , 421.51670895
-5.71681275062 , 213.029702694
-5.71169179416 , 251.372532332
-5.70657083771 , 408.561388578
-5.70144988126 , 444.036740372
-5.69632892481 , 333.871532976
-5.69120796836 , 312.485665943
-5.68608701191 , 472.519057466
-5.68096605546 , 580.604878886
-5.67584509901 , 445.186411567
-5.67072414255 , 220.724245324
-5.6656031861 , 142.889005674
-5.66048222965 , 261.432585795
-5.6553612732 , 432.303787905
-5.65024031675 , 436.591851208
-5.6451193603 , 261.443156255
-5.63999840385 , 92.6711596385
-5.63487744739 , 19.4416972921
-5.62975649094 , 2.41403451796
-5.62463553449 , 0.177407652488
-5.61951457804 , 0.00771681381446
-5.61439362159 , 0.000224270026292
-5.60927266514 , 0.00127053891837
-5.60415170869 , 0.0371147997566
-5.59903075224 , 0.64322376523
-5.59390979578 , 6.59778223687
-5.58878883933 , 40.0547928346
-5.58366788288 , 143.923469784
-5.57854692643 , 306.076071416
-5.57342596998 , 385.254876444
-5.56830501353 , 287.016419178
-5.56318405708 , 126.834666413
-5.55806310062 , 36.7817503277
-5.55294214417 , 34.1113965855
-5.54782118772 , 133.624826486
-5.54270023127 , 363.651193202
-5.53757927482 , 591.146070749
-5.53245831837 , 572.488011859
-5.52733736192 , 330.477120583
-5.52221640547 , 113.780439054
-5.51709544901 , 23.3753843852
-5.51197449256 , 2.8669073712
-5.50685353611 , 0.21801901573
-5.50173257966 , 0.19282384305
-5.49661162321 , 2.50376648583
-5.49149066676 , 20.6059182295
-5.48636971031 , 102.760142725
-5.48124875385 , 311.42568976
-5.4761277974 , 575.193315513
-5.47100684095 , 653.309387576
-5.4658858845 , 486.413513717
-5.46076492805 , 336.91350766
-5.4556439716 , 382.209702327
-5.45052301515 , 520.343812487
-5.4454020587 , 577.278870437
-5.44028110224 , 463.271434299
-5.43516014579 , 247.136356179
-5.43003918934 , 82.4635000454
-5.42491823289 , 16.6706202218
-5.41979727644 , 2.0133549114
-5.41467631999 , 0.144447203134
-5.40955536354 , 0.0064100530337
-5.40443440708 , 0.0100329323235
-5.39931345063 , 0.218541626901
-5.39419249418 , 2.90404172525
-5.38907153773 , 23.1966647714
-5.38395058128 , 111.706384906
-5.37882962483 , 327.938029082
-5.37370866838 , 609.168305639
-5.36858771193 , 792.425632411
-5.36346675547 , 851.797298958
-5.35834579902 , 799.57712759
-5.35322484257 , 571.067947293
-5.34810388612 , 273.203496573
-5.34298292967 , 104.889953825
-5.33786197322 , 134.56262705
-5.33274101677 , 339.333884009
-5.32762006031 , 561.464932513
-5.32249910386 , 552.17853117
-5.31737814741 , 321.473344372
-5.31225719096 , 110.790230084
-5.30713623451 , 22.8530147193
-5.30201527806 , 5.69749056082
-5.29689432161 , 20.3501796246
-5.29177336516 , 81.1627741358
-5.2866524087 , 195.883185454
-5.28153145225 , 298.139971893
-5.2764104958 , 347.494941177
-5.27128953935 , 429.614695568
-5.2661685829 , 531.183239249
-5.26104762645 , 511.404926319
-5.25592667 , 441.904172767
-5.25080571355 , 479.266401717
-5.24568475709 , 540.735033044
-5.24056380064 , 489.947942701
-5.23544284419 , 339.060586133
-5.23032188774 , 197.822651297
-5.22520093129 , 190.490840102
-5.22007997484 , 321.300236032
-5.21495901839 , 417.755614511
-5.20983806193 , 364.370012961
-5.20471710548 , 305.985453932
-5.19959614903 , 383.614106666
-5.19447519258 , 509.921590359
-5.18935423613 , 566.852700261
-5.18423327968 , 510.182845503
-5.17911232323 , 334.507230419
-5.17399136678 , 142.628553372
-5.16887041032 , 37.2583421662
-5.16374945387 , 5.82773215937
-5.15862849742 , 0.541548653854
-5.15350754097 , 0.0298211764201
-5.14838658452 , 0.000972303970413
-5.14326562807 , 1.87652233363e-05
-5.13814467162 , 2.14359469634e-07
-5.13302371516 , 1.44929550695e-09
-5.12790275871 , 5.79952902493e-12
-5.12278180226 , 1.37356364233e-14
-5.11766084581 , 1.92541669291e-17
-5.11253988936 , 1.59742485595e-20
-5.10741893291 , 7.84396892526e-24
-5.10229797646 , 2.65983868618e-27
-5.09717702001 , 1.45759923415e-24
-5.09205606355 , 3.30760571124e-21
-5.0869351071 , 4.44231623068e-18
-5.08181415065 , 3.53122398923e-15
-5.0766931942 , 1.66135035214e-12
-5.07157223775 , 4.62612827521e-10
-5.0664512813 , 7.62422162554e-08
-5.06133032485 , 7.43699436767e-06
-5.05620936839 , 0.000429369885242
-5.05108841194 , 0.0146731264518
-5.04596745549 , 0.296857933924
-5.04084649904 , 3.55765214885
-5.03572554259 , 25.30605401
-5.03060458614 , 107.576543434
-5.02548362969 , 279.95807193
-5.02036267324 , 481.889488999
-5.01524171678 , 654.648328941
-5.01012076033 , 815.701765823
-5.00499980388 , 837.34269394
-4.99987884743 , 588.227406246
-4.99475789098 , 269.519362713
-4.98963693453 , 139.684172084
-4.98451597808 , 236.477918125
-4.97939502162 , 418.3636676
-4.97427406517 , 458.966294629
-4.96915310872 , 315.021168492
-4.96403215227 , 190.682824393
-4.95891119582 , 202.979132314
-4.95379023937 , 242.844667236
-4.94866928292 , 192.425186588
-4.94354832647 , 100.454285716
-4.93842737001 , 84.5144811761
-4.93330641356 , 209.695970705
-4.92818545711 , 422.338398525
-4.92306450066 , 512.718473721
-4.91794354421 , 368.72225367
-4.91282258776 , 156.948643818
-4.90770163131 , 39.5399603663
-4.90258067485 , 5.8956881893
-4.8974597184 , 0.520298241824
-4.89233876195 , 0.0271762659047
-4.8872178055 , 0.000840130557009
-4.88209684905 , 1.5371751386e-05
-4.8769758926 , 1.66463681617e-07
-4.87185493615 , 1.0669282444e-09
-4.8667339797 , 4.04734757308e-12
-4.86161302324 , 9.08710119271e-15
-4.85649206679 , 1.207535201e-17
-4.85137111034 , 9.49716116933e-21
-4.84625015389 , 4.4208663885e-24
-4.84112919744 , 1.21798108452e-27
-4.83600824099 , 1.98606419465e-31
-4.83088728454 , 1.91725785274e-35
-4.82576632808 , 6.16901978607e-39
-4.82064537163 , 5.09331807809e-39
-4.81552441518 , 5.09331807809e-39
-4.81040345873 , 5.09331807809e-39
-4.80528250228 , 5.09331807809e-39
-4.80016154583 , 5.09331807809e-39
-4.79504058938 , 5.09331807809e-39
-4.78991963293 , 5.09331807809e-39
-4.78479867647 , 3.55608799354e-38
-4.77967772002 , 4.5415570809e-34
-4.77455676357 , 4.00339116243e-30
-4.76943580712 , 2.08869935178e-26
-4.76431485067 , 6.44976140674e-23
-4.75919389422 , 1.17877570807e-19
-4.75407293777 , 1.27508317861e-16
-4.74895198131 , 8.16329829092e-14
-4.74383102486 , 3.09323294122e-11
-4.73871006841 , 6.93712304225e-09
-4.73358911196 , 9.20801417427e-07
-4.72846815551 , 7.233897841e-05
-4.72334719906 , 0.00336355531167
-4.71822624261 , 0.0925645270991
-4.71310528616 , 1.50768429153
-4.7079843297 , 14.5343643671
-4.70286337325 , 82.9280564613
-4.6977424168 , 280.044302276
-4.69262146035 , 559.721262367
-4.6875005039 , 662.11995807
-4.68237954745 , 463.576447184
-4.677258591 , 192.099332824
-4.67213763454 , 47.1140197996
-4.66701667809 , 6.83902629392
-4.66189572164 , 0.587568084539
-4.65677476519 , 0.0298775758087
-4.65165380874 , 0.000918152731722
-4.64653285229 , 0.000927853293533
-4.64141189584 , 0.0262777361348
-4.63629093939 , 0.456685101873
-4.63116998293 , 4.81987302921
-4.62604902648 , 31.1324814374
-4.62092807003 , 123.97096267
-4.61580711358 , 305.87709166
-4.61068615713 , 468.208510935
-4.60556520068 , 443.316567309
-4.60044424423 , 258.152770055
-4.59532328777 , 93.6636180246
-4.59020233132 , 39.1781390033
-4.58508137487 , 112.128320811
-4.57996041842 , 364.95127197
-4.57483946197 , 718.600605878
-4.56971850552 , 837.888671733
-4.56459754907 , 578.370952149
-4.55947659262 , 238.224667222
-4.55435563616 , 75.2991826767
-4.54923467971 , 104.140005093
-4.54411372326 , 300.159341013
-4.53899276681 , 553.107888907
-4.53387181036 , 604.61528127
-4.52875085391 , 392.06318698
-4.52362989746 , 157.903389232
-4.518508941 , 75.2389170077
-4.51338798455 , 128.499826465
-4.5082670281 , 220.526587816
-4.50314607165 , 231.480601016
-4.4980251152 , 144.079472189
-4.49290415875 , 53.9720475236
-4.4877832023 , 20.5864919615
-4.48266224585 , 53.1852061391
-4.47754128939 , 175.34644589
-4.47242033294 , 351.574303694
-4.46729937649 , 417.471097769
-4.46217842004 , 293.400835328
-4.45705746359 , 122.043873917
-4.45193650714 , 30.046244431
-4.44681555069 , 4.37808286395
-4.44169459423 , 0.377569868054
-4.43657363778 , 0.0192721536222
-4.43145268133 , 0.00058221412729
-4.42633172488 , 1.04100975566e-05
-4.42121076843 , 1.10165707871e-07
-4.41608981198 , 6.90013565591e-10
-4.41096885553 , 2.55792848588e-12
-4.40584789908 , 5.61227234186e-15
-4.40072694262 , 7.28800473879e-18
-4.39560598617 , 5.60141983519e-21
-4.39048502972 , 2.54804546722e-24
-4.38536407327 , 6.86018442754e-28
-4.38024311682 , 1.09316067289e-31
-4.37512216037 , 1.03149131845e-35
-4.37000120392 , 5.65315798591e-39
-4.36488024746 , 5.09331807809e-39
-4.35975929101 , 5.09331807809e-39
-4.35463833456 , 5.09331807809e-39
-4.34951737811 , 5.09331807809e-39
-4.34439642166 , 5.09331807809e-39
-4.33927546521 , 5.09331807809e-39
-4.33415450876 , 5.09331807809e-39
-4.32903355231 , 5.09331807809e-39
-4.32391259585 , 5.09331807809e-39
-4.3187916394 , 5.09331807809e-39
-4.31367068295 , 5.09331807809e-39
-4.3085497265 , 5.09331807809e-39
-4.30342877005 , 5.09331807809e-39
-4.2983078136 , 5.09331807809e-39
-4.29318685715 , 5.09331807809e-39
-4.28806590069 , 5.09331807809e-39
-4.28294494424 , 5.09331807809e-39
-4.27782398779 , 5.09331807809e-39
-4.27270303134 , 1.05067420738e-38
-4.26758207489 , 8.64056418854e-35
-4.26246111844 , 8.13844654579e-31
-4.25734016199 , 4.53717990991e-27
-4.25221920554 , 1.49709734779e-23
-4.24709824908 , 2.92370556467e-20
-4.24197729263 , 3.37937806235e-17
-4.23685633618 , 2.31184907964e-14
-4.23173537973 , 9.36055783845e-12
-4.22661442328 , 2.24317695995e-09
-4.22149346683 , 3.181594981e-07
-4.21637251038 , 2.67082727656e-05
-4.21125155392 , 0.00132698577023
-4.20613059747 , 0.0390217085976
-4.20100964102 , 0.679150226446
-4.19588868457 , 6.99592219818
-4.19076772812 , 42.6524168524
-4.18564677167 , 153.908239968
-4.18052581522 , 328.699960088
-4.17540485877 , 415.486563571
-4.17028390231 , 310.837830274
-4.16516294586 , 137.635449871
-4.16004198941 , 36.0700128818
-4.15492103296 , 5.5947648914
-4.14980007651 , 0.513614117569
-4.14467912006 , 0.0279090830427
-4.13955816361 , 0.00105247884702
-4.13443720715 , 0.00653197163512
-4.1293162507 , 0.162030181694
-4.12419529425 , 2.38508183705
-4.1190743378 , 20.7792925873
-4.11395338135 , 107.146459095
-4.1088324249 , 326.997535902
-4.10371146845 , 590.650707317
-4.098590512 , 631.446511599
-4.09346955554 , 399.54159585
-4.08834859909 , 149.625985246
-4.08322764264 , 33.1643613093
-4.07810668619 , 4.35066700617
-4.07298572974 , 0.337799997652
-4.06786477329 , 0.015523263579
-4.06274381684 , 0.000422207567049
-4.05762286038 , 6.79655108069e-06
-4.05250190393 , 6.47546185352e-08
-4.04738094748 , 3.65151009049e-10
-4.04225999103 , 1.21887628609e-12
-4.03713903458 , 1.11807782799e-13
-4.03201807813 , 3.83750964481e-11
-4.02689712168 , 7.96708214389e-09
-4.02177616523 , 9.78968410899e-07
-4.01665520877 , 7.1196328512e-05
-4.01153425232 , 0.0030645453663
-4.00641329587 , 0.0780717740347
-4.00129233942 , 1.17717648388
-3.99617138297 , 10.5053044747
-3.99105042652 , 55.487511363
-3.98592947007 , 173.460816553
-3.98080851361 , 320.94237533
-3.97568755716 , 351.457062802
-3.97056660071 , 227.791243023
-3.96544564426 , 87.3818651343
-3.96032468781 , 19.8392446388
-3.95520373136 , 2.66592846501
-3.95008277491 , 0.21202710687
-3.94496181846 , 0.00998053494521
-3.939840862 , 0.000278058252076
-3.93471990555 , 4.58497845092e-06
-3.9295989491 , 4.4767228886e-08
-3.92447799265 , 5.01446329656e-09
-3.9193570362 , 6.43492522906e-07
-3.91423607975 , 5.1530437261e-05
-3.9091151233 , 0.00244233144588
-3.90399416684 , 0.0685117765581
-3.89887321039 , 1.13748508831
-3.89375225394 , 11.1775354159
-3.88863129749 , 65.0079306428
-3.88351034104 , 223.77317749
-3.87838938459 , 455.927842021
-3.87326842814 , 550.376203878
-3.86814747169 , 400.299456945
-3.86302651523 , 223.569845137
-3.85790555878 , 289.832923136
-3.85278460233 , 637.386797942
-3.84766364588 , 949.989447215
-3.84254268943 , 845.229273571
-3.83742173298 , 445.3153755
-3.83230077653 , 138.865133924
-3.82717982007 , 25.6294430238
-3.82205886362 , 2.79965713354
-3.81693790717 , 0.181004851408
-3.81181695072 , 0.00692620383517
-3.80669599427 , 0.000156862826729
-3.80157503782 , 2.10511971881e-06
-3.79645408137 , 3.57428625105e-07
-3.79133312492 , 2.76864758811e-05
-3.78621216846 , 0.00133143483877
-3.78109121201 , 0.0378959605004
-3.77597025556 , 0.638389092548
-3.77084929911 , 6.36498718687
-3.76572834266 , 37.5603080919
-3.76060738621 , 131.183826523
-3.75548642976 , 271.175831286
-3.7503654733 , 331.773123992
-3.74524451685 , 240.243120757
-3.7401235604 , 102.962779014
-3.73500260395 , 26.1173487082
-3.7298816475 , 3.92100554031
-3.72476069105 , 0.348405787699
-3.7196397346 , 0.0183228405544
-3.71451877815 , 0.000570321547981
-3.70939782169 , 1.05066991105e-05
-3.70427686524 , 1.14559826291e-07
-3.69915590879 , 7.39295281697e-10
-3.69403495234 , 2.82402922272e-12
-3.68891399589 , 1.89127693822e-13
-3.68379303944 , 6.5899980075e-11
-3.67867208299 , 1.40653018061e-08
-3.67355112653 , 1.77680851883e-06
-3.66843017008 , 0.000132853991367
-3.66330921363 , 0.00588020685688
-3.65818825718 , 0.154103553649
-3.65306730073 , 2.39314527885
-3.64794634428 , 22.0701236354
-3.64282538783 , 121.604108031
-3.63770443138 , 406.902479534
-3.63258347492 , 860.86989276
-3.62746251847 , 1246.85855925
-3.62234156202 , 1356.06922913
-3.61722060557 , 1122.83515744
-3.61209964912 , 651.719744271
-3.60697869267 , 242.835575083
-3.60185773622 , 55.3217711612
-3.59673677976 , 7.54941800811
-3.59161582331 , 0.612377497981
-3.58649486686 , 0.0294446995928
-3.58137391041 , 0.000838395153936
-3.57625295396 , 1.41316463274e-05
-3.57113199751 , 1.40989170846e-07
-3.56601104106 , 8.32547347426e-10
-3.56089008461 , 2.90975007982e-12
-3.55576912815 , 6.01899059106e-15
-3.5506481717 , 7.3690592155e-18
-3.54552721525 , 5.33974533822e-21
-3.5404062588 , 2.29007159109e-24
-3.53528530235 , 5.81296292037e-28
-3.5301643459 , 8.73305224051e-32
-3.52504338945 , 7.63315665878e-35
-3.51992243299 , 6.88308175836e-31
-3.51480147654 , 4.0898437551e-27
-3.50968052009 , 1.43830341587e-23
-3.50455956364 , 2.99374158454e-20
-3.49943860719 , 3.68806113423e-17
-3.49431765074 , 2.68906881687e-14
-3.48919669429 , 1.16044811018e-11
-3.48407573784 , 2.96394089436e-09
-3.47895478138 , 4.48057092783e-07
-3.47383382493 , 4.00882574799e-05
-3.46871286848 , 0.00212285830261
-3.46359191203 , 0.0665341847046
-3.45847095558 , 1.23420891154
-3.45334999913 , 13.5504126859
-3.44822904268 , 88.0514216688
-3.44310808622 , 338.641538956
-3.43798712977 , 770.839733244
-3.43286617332 , 1038.5034955
-3.42774521687 , 828.07913144
-3.42262426042 , 390.801052665
-3.41750330397 , 109.159017417
-3.41238234752 , 18.0461167476
-3.40726139107 , 1.76636858391
-3.40214043461 , 0.125044045953
-3.39701947816 , 0.494568114348
-3.39189852171 , 6.26331131367
-3.38677756526 , 47.2803488098
-3.38165660881 , 211.24293457
-3.37653565236 , 558.603500069
-3.37141469591 , 874.268932476
-3.36629373945 , 809.853329567
-3.361172783 , 444.004768954
-3.35605182655 , 144.075302353
-3.3509308701 , 27.6796919265
-3.34580991365 , 3.37700994212
-3.3406889572 , 3.5097014861
-3.33556800075 , 27.7833747385
-3.3304470443 , 138.440299279
-3.32532608784 , 408.404151819
-3.32020513139 , 713.0795661
-3.31508417494 , 736.894719893
-3.30996321849 , 450.70513373
-3.30484226204 , 163.154543812
-3.29972130559 , 34.9563325329
-3.29460034914 , 4.43446246111
-3.28947939268 , 0.385799954564
-3.28435843623 , 0.978764946367
-3.27923747978 , 10.3558009174
-3.27411652333 , 65.8390182801
-3.26899556688 , 247.752919878
-3.26387461043 , 551.789996685
-3.25875365398 , 727.358353908
-3.25363269753 , 567.469606935
-3.24851174107 , 262.033216435
-3.24339078462 , 71.6126353677
-3.23826982817 , 11.5835727693
-3.23314887172 , 1.10895768047
-3.22802791527 , 0.0628357758299
-3.22290695882 , 0.00210726210322
-3.21778600237 , 4.18263241519e-05
-3.21266504592 , 4.91360688442e-07
-3.20754408946 , 3.41641572484e-09
-3.20242313301 , 1.41946970447e-11
-3.19730217656 , 4.74344791127e-11
-3.19218122011 , 9.81390884699e-09
-3.18706026366 , 1.20260516738e-06
-3.18193930721 , 8.72215198583e-05
-3.17681835076 , 0.00374406837387
-3.1716973943 , 0.0951225378959
-3.16657643785 , 1.43035099732
-3.1614554814 , 12.7297933622
-3.15633452495 , 67.0532174106
-3.1512135685 , 209.043864519
-3.14609261205 , 385.722316277
-3.1409716556 , 421.241977867
-3.13585069915 , 272.275182016
-3.13072974269 , 104.160728195
-3.12560878624 , 23.58411014
-3.12048782979 , 3.16049070882
-3.11536687334 , 0.250673877033
-3.11024591689 , 0.0117674720323
-3.10512496044 , 0.000326946586995
-3.10000400399 , 5.37638026183e-06
-3.09488304753 , 5.23266202156e-08
-3.08976209108 , 3.01421986415e-10
-3.08464113463 , 1.02765350365e-12
-3.07952017818 , 2.07369464509e-15
-3.07439922173 , 4.12915930525e-17
-3.06927826528 , 2.75333933337e-14
-3.06415730883 , 1.15594991533e-11
-3.05903635238 , 2.87235343265e-09
-3.05391539592 , 4.2243149533e-07
-3.04879443947 , 3.67700531357e-05
-3.04367348302 , 0.00189431316709
-3.03855252657 , 0.0577602217824
-3.03343157012 , 1.0423785835
-3.02831061367 , 11.1337550219
-3.02318965722 , 70.3845593744
-3.01806870076 , 263.349613134
-3.01294774431 , 583.186586981
-3.00782678786 , 764.366988738
-3.00270583141 , 592.94699433
-2.99758487496 , 272.238394506
-2.99246391851 , 73.9779736787
-2.98734296206 , 11.8980295053
-2.98222200561 , 1.13257561116
-2.97710104915 , 0.0638085568924
-2.9719800927 , 0.00212769902006
-2.96685913625 , 4.19914641772e-05
-2.9617381798 , 4.90491398958e-07
-2.95661722335 , 3.39094954548e-09
-2.9514962669 , 1.38749303968e-11
-2.94637531045 , 3.36015918397e-14
-2.94125435399 , 4.8172769143e-17
-2.93613339754 , 1.29291154871e-17
-2.93101244109 , 9.51423053204e-15
-2.92589148464 , 4.15692960063e-12
-2.92077052819 , 1.07495728303e-09
-2.91564957174 , 1.6452400765e-07
-2.91052861529 , 1.49034525924e-05
-2.90540765884 , 0.000799031757679
-2.90028670238 , 0.0253548331125
-2.89516574593 , 0.476186695719
-2.89004478948 , 5.29316533609
-2.88492383303 , 34.8250719996
-2.87980287658 , 135.659990743
-2.87468192013 , 313.798645201
-2.86956096368 , 441.750845837
-2.86444000722 , 453.016272771
-2.85931905077 , 616.982706467
-2.85419809432 , 1159.49849153
-2.84907713787 , 1627.82828077
-2.84395618142 , 1396.42565175
-2.83883522497 , 711.665341189
-2.83371426852 , 214.754001656
-2.82859331207 , 38.3572921477
-2.82347235561 , 4.05486799787
-2.81835139916 , 0.253702885977
-2.81323044271 , 0.00939493430983
-2.80810948626 , 0.0002059120264
-2.80298852981 , 2.67109477856e-06
-2.79786757336 , 2.05076787152e-08
-2.79274661691 , 9.31887169156e-11
-2.78762566045 , 2.50628110515e-13
-2.782504704 , 3.9894759238e-16
-2.77738374755 , 3.75857217074e-19
-2.7722627911 , 3.08744861655e-21
-2.76714183465 , 4.17642047685e-18
-2.7620208782 , 3.58721132609e-15
-2.75689992175 , 1.82359942669e-12
-2.7517789653 , 5.48683236649e-10
-2.74665800884 , 9.77088276356e-08
-2.74153705239 , 1.02983151325e-05
-2.73641609594 , 0.000642421873407
-2.73129513949 , 0.0237193015987
-2.72617418304 , 0.518360958131
-2.72105322659 , 6.70644014185
-2.71593227014 , 51.4025491813
-2.71081131368 , 234.017762769
-2.70569035723 , 638.998874295
-2.70056940078 , 1082.89918527
-2.69544844433 , 1260.81076204
-2.69032748788 , 1211.71752353
-2.68520653143 , 1032.50611196
-2.68008557498 , 666.547900084
-2.67496461853 , 279.154075662
-2.66984366207 , 71.0948640069
-2.66472270562 , 10.7960844433
-2.65960174917 , 0.972239371164
-2.65448079272 , 0.0518475362291
-2.64935983627 , 0.00163667812359
-2.64423887982 , 3.05797653853e-05
-2.63911792337 , 3.38165214464e-07
-2.63399696691 , 2.21332145626e-09
-2.62887601046 , 8.57393143837e-12
-2.62375505401 , 1.96578151999e-14
-2.61863409756 , 2.6675352111e-17
-2.61351314111 , 2.14242056807e-20
-2.60839218466 , 1.01840130896e-23
-2.60327122821 , 2.86518599023e-27
-2.59815027176 , 4.77096624225e-31
-2.5930293153 , 4.70247238367e-35
-2.58790835885 , 7.80382789034e-39
-2.5827874024 , 5.12543011616e-39
-2.57766644595 , 1.28123332654e-36
-2.5725454895 , 1.56948188301e-32
-2.56742453305 , 1.14241433737e-28
-2.5623035766 , 4.92165006221e-25
-2.55718262014 , 1.25492400336e-21
-2.55206166369 , 1.89384193825e-18
-2.54694070724 , 1.69156870269e-15
-2.54181975079 , 8.94242201264e-13
-2.53669879434 , 2.79795219377e-10
-2.53157783789 , 5.181375016e-08
-2.52645688144 , 5.67896735138e-06
-2.52133592499 , 0.000368394659345
-2.51621496853 , 0.0141441511129
-2.51109401208 , 0.321410498239
-2.50597305563 , 4.32277704763
-2.50085209918 , 34.4100436928
-2.49573114273 , 162.116500254
-2.49061018628 , 452.052446203
-2.48548922983 , 746.053609866
-2.48036827337 , 728.737061193
-2.47524731692 , 421.299832128
-2.47012636047 , 144.15553548
-2.46500540402 , 29.1938236994
-2.45988444757 , 3.49927509125
-2.45476349112 , 0.251345235616
-2.44964253467 , 0.100610978431
-2.44452157822 , 1.54982398354
-2.43940062176 , 15.7576023623
-2.43427966531 , 94.8396579363
-2.42915870886 , 337.838885873
-2.42403775241 , 712.277472764
-2.41891679596 , 888.822871745
-2.41379583951 , 656.773325468
-2.40867488306 , 291.752265811
-2.4035539266 , 113.937686746
-2.39843297015 , 205.090652315
-2.3933120137 , 560.473428051
-2.38819105725 , 956.256254048
-2.3830701008 , 967.304242413
-2.37794914435 , 579.15581887
-2.3728281879 , 205.233606711
-2.36770723145 , 43.0448835042
-2.36258627499 , 5.34336178643
-2.35746531854 , 0.392579490724
-2.35234436209 , 0.0170710650891
-2.34722340564 , 0.000439353017356
-2.34210244919 , 6.69247246393e-06
-2.33698149274 , 6.03364226611e-08
-2.33186053629 , 3.2195302262e-10
-2.32673957983 , 1.01677636287e-12
-2.32161862338 , 1.90054589698e-15
-2.31649766693 , 2.10257389673e-18
-2.31137671048 , 1.3768470509e-21
-2.30625575403 , 3.46903312593e-22
-2.30113479758 , 5.39232948258e-19
-2.29601384113 , 4.96858104116e-16
-2.29089288468 , 2.70961677168e-13
-2.28577192822 , 8.74586767739e-11
-2.28065097177 , 1.67077308089e-08
-2.27553001532 , 1.88908531969e-06
-2.27040905887 , 0.000126416922418
-2.26528810242 , 0.00500700920954
-2.26016714597 , 0.117373783373
-2.25504618952 , 1.6284834666
-2.24992523306 , 13.3725780176
-2.24480427661 , 64.9929819778
-2.23968332016 , 186.955102767
-2.23456236371 , 318.293463277
-2.22944140726 , 320.728573515
-2.22432045081 , 191.278925997
-2.21919949436 , 67.5175500238
-2.21407853791 , 14.1094497485
-2.20895758145 , 1.85970786004
-2.203836625 , 2.06929096925
-2.19871566855 , 19.3072484407
-2.1935947121 , 113.563960583
-2.18847375565 , 395.46087618
-2.1833527992 , 815.054429737
-2.17823184275 , 994.235660391
-2.17311088629 , 717.820315104
-2.16798992984 , 306.887254655
-2.16286897339 , 79.6938162184
-2.15774801694 , 28.3007262266
-2.15262706049 , 78.7827335839
-2.14750610404 , 214.458448375
-2.14238514759 , 349.918258139
-2.13726419114 , 337.998456024
-2.13214323468 , 193.234365303
-2.12702227823 , 65.3843165058
-2.12190132178 , 13.0943018695
-2.11678036533 , 1.55206764599
-2.11165940888 , 0.108882599172
-2.10653845243 , 0.00452090987905
-2.10141749598 , 0.000111099666853
-2.09629653952 , 1.6159175589e-06
-2.09117558307 , 1.39105781399e-08
-2.08605462662 , 7.08746123921e-11
-2.08093367017 , 2.13725208781e-13
-2.07581271372 , 3.81452389547e-16
-2.07069175727 , 4.02943789262e-19
-2.06557080082 , 2.5192317969e-22
-2.06044984437 , 9.3220478697e-26
-2.05532888791 , 2.0416160208e-29
-2.05020793146 , 2.64641025782e-33
-2.04508697501 , 2.08108675407e-37
-2.03996601856 , 5.09331807809e-39
-2.03484506211 , 5.09331807809e-39
-2.02972410566 , 5.09331807809e-39
-2.02460314921 , 5.09331807809e-39
-2.01948219275 , 5.09331807809e-39
-2.0143612363 , 5.09331807809e-39
-2.00924027985 , 5.09331807809e-39
-2.0041193234 , 5.09331807809e-39
-1.99899836695 , 5.09331807809e-39
-1.9938774105 , 5.09331807809e-39
-1.98875645405 , 5.09331807809e-39
-1.9836354976 , 5.09331807809e-39
-1.97851454114 , 5.09331807809e-39
-1.97339358469 , 5.09331807809e-39
-1.96827262824 , 5.09331807809e-39
-1.96315167179 , 5.09331807809e-39
-1.95803071534 , 5.21951482544e-39
-1.95290975889 , 2.47023694624e-36
-1.94778880244 , 2.70273295271e-32
-1.94266784598 , 1.7538086453e-28
-1.93754688953 , 6.7356714429e-25
-1.93242593308 , 1.53108435725e-21
-1.92730497663 , 2.05985609428e-18
-1.92218402018 , 1.64019007137e-15
-1.91706306373 , 7.72984905194e-13
-1.91194210728 , 2.15609247675e-10
-1.90682115083 , 3.55945323844e-08
-1.90170019437 , 3.47791317765e-06
-1.89657923792 , 0.000201128547359
-1.89145828147 , 0.00688411686586
-1.88633732502 , 0.139457632578
-1.88121636857 , 1.67207548281
-1.87609541212 , 11.8655809399
-1.87097445567 , 49.8358270452
-1.86585349921 , 123.883615131
-1.86073254276 , 182.265976741
-1.85561158631 , 158.714600687
-1.85049062986 , 81.798942837
-1.84536967341 , 24.9515792031
-1.84024871696 , 4.50472123675
-1.83512776051 , 0.481345970802
-1.83000680406 , 0.0304415174451
-1.8248858476 , 0.0011394487344
-1.81976489115 , 2.5243107688e-05
-1.8146439347 , 3.30986580597e-07
-1.80952297825 , 2.56860597865e-09
