Ef: -4.97713122026
-12.0514358809 , 5.26969317618e-11
-12.0463149245 , 6.79044485482e-09
-12.041193968 , 5.1788181385e-07
-12.0360730116 , 2.33766691746e-05
-12.0309520551 , 0.000624531197415
-12.0258310987 , 0.00987518365528
-12.0207101422 , 0.0924178288115
-12.0155891858 , 0.511900882246
-12.0104682293 , 1.6781683702
-12.0053472729 , 3.25615238442
-12.0002263164 , 3.73932701966
-11.9951053599 , 2.54156786491
-11.9899844035 , 1.02242040972
-11.984863447 , 0.243431540026
-11.9797424906 , 0.0343039175144
-11.9746215341 , 0.00286108083868
-11.9695005777 , 0.000141232964392
-11.9643796212 , 4.12630719685e-06
-11.9592586648 , 7.13520699241e-08
-11.9541377083 , 7.30249271296e-10
-11.9490167519 , 4.42338992684e-12
-11.9438957954 , 1.58583812156e-14
-11.938774839 , 3.36497637185e-17
-11.9336538825 , 4.22595356944e-20
-11.9285329261 , 3.1411375885e-23
-11.9234119696 , 1.38187492106e-26
-11.9182910132 , 3.59807363795e-30
-11.9131700567 , 5.54489442104e-34
-11.9080491003 , 5.36206016246e-38
-11.9029281438 , 3.04886876435e-39
-11.8978071874 , 3.0462797408e-39
-11.8926862309 , 3.0462797408e-39
-11.8875652745 , 3.0462797408e-39
-11.882444318 , 3.0462797408e-39
-11.8773233616 , 3.0462797408e-39
-11.8722024051 , 3.0462797408e-39
-11.8670814487 , 3.0462797408e-39
-11.8619604922 , 3.0462797408e-39
-11.8568395358 , 3.0462797408e-39
-11.8517185793 , 4.61589133092e-39
-11.8465976229 , 2.27180677572e-35
-11.8414766664 , 1.94469184651e-31
-11.83635571 , 9.8539305785e-28
-11.8312347535 , 2.95521648757e-24
-11.8261137971 , 5.24553989849e-21
-11.8209928406 , 5.51076864813e-18
-11.8158718842 , 3.42653564259e-15
-11.8107509277 , 1.2610125786e-12
-11.8056299712 , 2.74665855105e-10
-11.8005090148 , 3.54087844998e-08
-11.7953880583 , 2.70170827703e-06
-11.7902671019 , 0.00012200762615
-11.7851461454 , 0.00326104348883
-11.780025189 , 0.0515878338821
-11.7749042325 , 0.483013293475
-11.7697832761 , 2.67665232044
-11.7646623196 , 8.77901781477
-11.7595413632 , 17.0420166658
-11.7544204067 , 19.58020023
-11.7492994503 , 13.3147911582
-11.7441784938 , 5.3588632697
-11.7390575374 , 1.2765330997
-11.7339365809 , 0.179975160974
-11.7288156245 , 0.0150180707915
-11.723694668 , 0.00074171456851
-11.7185737116 , 2.16810622794e-05
-11.7134527551 , 3.75098553695e-07
-11.7083317987 , 3.84088502458e-09
-11.7032108422 , 2.32776057625e-11
-11.6980898858 , 8.34961391306e-14
-11.6929689293 , 1.77261966627e-16
-11.6878479729 , 2.22733640524e-19
-11.6827270164 , 1.65644549703e-22
-11.67760606 , 7.29104146345e-26
-11.6724851035 , 1.89942901332e-29
-11.6673641471 , 2.92872166501e-33
-11.6622431906 , 2.70317446363e-37
-11.6571222342 , 3.05997679395e-39
-11.6520012777 , 3.0462797408e-39
-11.6468803213 , 3.0462797408e-39
-11.6417593648 , 3.0462797408e-39
-11.6366384084 , 3.0462797408e-39
-11.6315174519 , 3.0462797408e-39
-11.6263964955 , 3.0462797408e-39
-11.621275539 , 3.0462797408e-39
-11.6161545826 , 3.0462797408e-39
-11.6110336261 , 3.0462797408e-39
-11.6059126696 , 3.0462797408e-39
-11.6007917132 , 3.0462797408e-39
-11.5956707567 , 3.0462797408e-39
-11.5905498003 , 3.0462797408e-39
-11.5854288438 , 3.0462797408e-39
-11.5803078874 , 3.0462797408e-39
-11.5751869309 , 3.0462797408e-39
-11.5700659745 , 3.0462797408e-39
-11.564945018 , 3.0462797408e-39
-11.5598240616 , 3.0462797408e-39
-11.5547031051 , 3.0462797408e-39
-11.5495821487 , 3.0462797408e-39
-11.5444611922 , 3.47587233115e-39
-11.5393402358 , 6.91683460215e-36
-11.5342192793 , 6.56382293812e-32
-11.5290983229 , 3.68822920405e-28
-11.5239773664 , 1.22658984174e-24
-11.51885641 , 2.41435551655e-21
-11.5137354535 , 2.81270039057e-18
-11.5086144971 , 1.93939432913e-15
-11.5034935406 , 7.91460352582e-13
-11.4983725842 , 1.91166857749e-10
-11.4932516277 , 2.73285401756e-08
-11.4881306713 , 2.31228125813e-06
-11.4830097148 , 0.000115793792564
-11.4778887584 , 0.00343202380316
-11.4727678019 , 0.06020543479
-11.4676468455 , 0.625088480706
-11.462525889 , 3.84120677918
-11.4574049326 , 13.9705746324
-11.4522839761 , 30.0733109315
-11.4471630197 , 38.3149806684
-11.4420420632 , 28.8919176349
-11.4369211068 , 12.8945002877
-11.4318001503 , 3.40606596535
-11.4266791939 , 0.532502907366
-11.4215582374 , 0.0492732605379
-11.4164372809 , 0.00269849121976
-11.4113163245 , 8.74683846377e-05
-11.406195368 , 1.6780372276e-06
-11.4010744116 , 1.90533991367e-08
-11.3959534551 , 1.28045325082e-10
-11.3908324987 , 5.09301993929e-13
-11.3857115422 , 1.19896750586e-15
-11.3805905858 , 1.67055137688e-18
-11.3754696293 , 1.37763017486e-21
-11.3703486729 , 6.7239711755e-25
-11.3652277164 , 1.94240337991e-28
-11.36010676 , 3.32103484549e-32
-11.3549858035 , 3.3637293706e-36
-11.3498648471 , 3.24613470741e-39
-11.3447438906 , 3.0462797408e-39
-11.3396229342 , 3.0462797408e-39
-11.3345019777 , 3.0462797408e-39
-11.3293810213 , 3.0462797408e-39
-11.3242600648 , 3.0462797408e-39
-11.3191391084 , 3.04818220588e-39
-11.3140181519 , 6.32621848174e-38
-11.3088971955 , 7.29241323065e-34
-11.303776239 , 5.22684821489e-30
-11.2986552826 , 2.21732838973e-26
-11.2935343261 , 5.5672387257e-23
-11.2884133697 , 8.27312086252e-20
-11.2832924132 , 7.27643394555e-17
-11.2781714568 , 3.7878041116e-14
-11.2730505003 , 1.16701416832e-11
-11.2679295439 , 2.12806281921e-09
-11.2628085874 , 2.29674329321e-07
-11.257687631 , 1.46710152133e-05
-11.2525666745 , 0.000554660930262
-11.2474457181 , 0.0124112259357
-11.2423247616 , 0.164369595072
-11.2372038052 , 1.28839190229
-11.2320828487 , 5.97715042243
-11.2269618922 , 16.4119461073
-11.2218409358 , 26.6713916363
-11.2167199793 , 25.6537565199
-11.2115990229 , 14.6041390371
-11.2064780664 , 4.92063129203
-11.20135711 , 0.981359853968
-11.1962361535 , 0.118611292527
-11.1911151971 , 0.0554000712694
-11.1859942406 , 0.474264294037
-11.1808732842 , 2.8099551658
-11.1757523277 , 9.86056456385
-11.1706313713 , 20.479764712
-11.1655104148 , 25.17489607
-11.1603894584 , 18.3159709669
-11.1552685019 , 7.88699822627
-11.1501475455 , 2.01007876897
-11.145026589 , 0.303203315768
-11.1399056326 , 0.0270691334289
-11.1347846761 , 0.00143032357174
-11.1296637197 , 4.47315323133e-05
-11.1245427632 , 8.27966550372e-07
-11.1194218068 , 9.07050244193e-09
-11.1143008503 , 5.88124719978e-11
-11.1091798939 , 2.25697661866e-13
-11.1040589374 , 5.12630241169e-16
-11.098937981 , 6.89129627451e-19
-11.0938170245 , 5.48298625924e-22
-11.0886960681 , 2.5819803327e-25
-11.0835751116 , 7.1962830796e-29
-11.0784541552 , 1.18708876783e-32
-11.0733331987 , 1.16202940968e-36
-11.0682122423 , 3.1123121379e-39
-11.0630912858 , 3.0462797408e-39
-11.0579703294 , 3.0462797408e-39
-11.0528493729 , 3.0462797408e-39
-11.0477284165 , 3.0462797408e-39
-11.04260746 , 3.0462797408e-39
-11.0374865035 , 3.0462797408e-39
-11.0323655471 , 3.0462797408e-39
-11.0272445906 , 3.0462797408e-39
-11.0221236342 , 3.0462797408e-39
-11.0170026777 , 3.0462797408e-39
-11.0118817213 , 3.0462797408e-39
-11.0067607648 , 3.0462797408e-39
-11.0016398084 , 3.0462797408e-39
-10.9965188519 , 3.0462797408e-39
-10.9913978955 , 3.0462797408e-39
-10.986276939 , 3.0462797408e-39
-10.9811559826 , 3.0462797408e-39
-10.9760350261 , 3.0462797408e-39
-10.9709140697 , 3.07844188729e-39
-10.9657931132 , 6.87415577324e-37
-10.9606721568 , 7.76223177945e-33
-10.9555512003 , 5.21074483869e-29
-10.9504302439 , 2.07029809584e-25
-10.9453092874 , 4.8683933816e-22
-10.940188331 , 6.77576209395e-19
-10.9350673745 , 5.58149242141e-16
-10.9299464181 , 2.72121110539e-13
-10.9248254616 , 7.8522448741e-11
-10.9197045052 , 1.34105052182e-08
-10.9145835487 , 1.35555189636e-06
-10.9094625923 , 8.10973873147e-05
-10.9043416358 , 0.00287155594292
-10.8992206794 , 0.0601793378073
-10.8940997229 , 0.746444001144
-10.8889787665 , 5.47982594425
-10.88385781 , 23.8098140658
-10.8787368536 , 61.2301102496
-10.8736158971 , 93.1958110209
-10.8684949407 , 83.9692533545
-10.8633739842 , 44.9875878457
-10.8582530278 , 16.11266555
-10.8531320713 , 13.002936745
-10.8480111149 , 32.2850266926
-10.8428901584 , 58.4686878949
-10.8377692019 , 63.2015528573
-10.8326482455 , 40.4467603602
-10.827527289 , 15.3201942739
-10.8224063326 , 3.43451003929
-10.8172853761 , 0.455706404082
-10.8121644197 , 0.0357869998733
-10.8070434632 , 0.00166335825392
-10.8019225068 , 4.5982776132e-05
-10.7968015503 , 1.55570391837e-05
-10.7916805939 , 0.000577169076873
-10.7865596374 , 0.0133106852379
-10.781438681 , 0.181686520867
-10.7763177245 , 1.46779208537
-10.7711967681 , 7.01820275979
-10.7660758116 , 19.8612609353
-10.7609548552 , 33.2665114213
-10.7558338987 , 32.978222143
-10.7507129423 , 19.3493666879
-10.7455919858 , 6.71932747356
-10.7404710294 , 1.38103408182
-10.7353500729 , 0.167997385148
-10.7302291165 , 0.0120953985803
-10.72510816 , 0.000515415391031
-10.7199872036 , 1.29991249543e-05
-10.7148662471 , 1.9403960881e-07
-10.7097452907 , 1.71429752827e-09
-10.7046243342 , 8.96399373028e-12
-10.6995033778 , 2.77419143036e-14
-10.6943824213 , 5.08152060941e-17
-10.6892614649 , 5.41833727823e-19
-10.6841405084 , 4.20922798779e-16
-10.679019552 , 2.15438401074e-13
-10.6738985955 , 6.52624508366e-11
-10.6687776391 , 1.17010059053e-08
-10.6636566826 , 1.24165967132e-06
-10.6585357262 , 7.79832822487e-05
-10.6534147697 , 0.00289881168067
-10.6482938132 , 0.0637761138862
-10.6431728568 , 0.830454150687
-10.6380519003 , 6.40018938571
-10.6329309439 , 29.1937273699
-10.6278099874 , 78.8144462119
-10.622689031 , 125.933613866
-10.6175680745 , 119.095968882
-10.6124471181 , 66.661029275
-10.6073261616 , 22.0834298429
-10.6022052052 , 4.32992719724
-10.5970842487 , 0.502474723924
-10.5919632923 , 0.0345117835403
-10.5868423358 , 0.00140294338301
-10.5817213794 , 3.37545594283e-05
-10.5766004229 , 4.80666992723e-07
-10.5714794665 , 4.05112565717e-09
-10.56635851 , 2.02081560022e-11
-10.5612375536 , 5.96619185787e-14
-10.5561165971 , 1.04252697712e-16
-10.5509956407 , 1.07819408831e-19
-10.5458746842 , 6.59972969139e-23
-10.5407537278 , 2.3909742992e-26
-10.5356327713 , 5.12676281084e-30
-10.5305118149 , 6.50628570212e-34
-10.5253908584 , 1.52465071326e-37
-10.520269902 , 1.31697933159e-33
-10.5151489455 , 1.02080734412e-29
-10.5100279891 , 4.6830543492e-26
-10.5049070326 , 1.27155220094e-22
-10.4997860762 , 2.04342533462e-19
-10.4946651197 , 1.94358230625e-16
-10.4895441633 , 1.09412435032e-13
-10.4844232068 , 3.64544049928e-11
-10.4793022504 , 7.1887425118e-09
-10.4741812939 , 8.39026013293e-07
-10.4690603375 , 5.79585494034e-05
-10.463939381 , 0.00236962254045
-10.4588184245 , 0.0573403607457
-10.4536974681 , 0.821223281639
-10.4485765116 , 6.96116085455
-10.4434555552 , 34.9238148949
-10.4383345987 , 103.700642608
-10.4332136423 , 182.248722024
-10.4280926858 , 189.602315448
-10.4229717294 , 117.172495759
-10.4178507729 , 46.0785845911
-10.4127298165 , 25.0735736823
-10.40760886 , 43.2644231493
-10.4024879036 , 66.0943010358
-10.3973669471 , 62.1471017226
-10.3922459907 , 41.9669465509
-10.3871250342 , 52.4166977012
-10.3820040778 , 124.382346917
-10.3768831213 , 219.235321762
-10.3717621649 , 249.505490516
-10.3666412084 , 198.192969907
-10.361520252 , 123.933871474
-10.3563992955 , 77.0319040939
-10.3512783391 , 100.613860028
-10.3461573826 , 210.762169354
-10.3410364262 , 329.838644247
-10.3359154697 , 337.03119841
-10.3307945133 , 223.845839715
-10.3256735568 , 95.9977005004
-10.3205526004 , 26.1138945742
-10.3154316439 , 4.43015393593
-10.3103106875 , 0.800580352373
-10.305189731 , 3.76591308274
-10.3000687746 , 23.898592484
-10.2949478181 , 90.4338353422
-10.2898268617 , 202.580852245
-10.2847059052 , 268.99262088
-10.2795849488 , 214.359136971
-10.2744639923 , 113.88443933
-10.2693430359 , 68.018637203
-10.2642220794 , 66.6896631453
-10.2591011229 , 56.2941283136
-10.2539801665 , 29.673638488
-10.24885921 , 9.31338597433
-10.2437382536 , 1.74270264047
-10.2386172971 , 0.450160850959
-10.2334963407 , 3.48070498879
-10.2283753842 , 27.7634374059
-10.2232544278 , 133.519987508
-10.2181334713 , 386.727097203
-10.2130125149 , 676.18773189
-10.2078915584 , 715.938239688
-10.202770602 , 465.534613183
-10.1976496455 , 209.340138866
-10.1925286891 , 116.539379626
-10.1874077326 , 109.602388094
-10.1822867762 , 85.4224052338
-10.1771658197 , 41.1791182778
-10.1720448633 , 11.8046860516
-10.1669239068 , 2.00654021767
-10.1618029504 , 0.268024783302
-10.1566819939 , 0.990124017824
-10.1515610375 , 8.52212365145
-10.146440081 , 44.2836838322
-10.1413191246 , 138.479363402
-10.1361981681 , 265.184609389
-10.1310772117 , 320.735835448
-10.1259562552 , 255.801120405
-10.1208352988 , 139.623183403
-10.1157143423 , 52.3290607992
-10.1105933859 , 13.0225553947
-10.1054724294 , 2.05946443791
-10.100351473 , 0.200219362012
-10.0952305165 , 0.0117372274684
-10.0901095601 , 0.00041082048738
-10.0849886036 , 8.54505739076e-06
-10.0798676472 , 1.05396094265e-07
-10.0747466907 , 2.18906929305e-09
-10.0696257342 , 2.03845933748e-07
-10.0645047778 , 1.73298680539e-05
-10.0593838213 , 0.0008719975587
-10.0542628649 , 0.0259689862382
-10.0491419084 , 0.457735333298
-10.044020952 , 4.77522232351
-10.0388999955 , 29.4844153209
-10.0337790391 , 107.748681921
-10.0286580826 , 233.057900651
-10.0235371262 , 298.493766981
-10.0184161697 , 227.912189103
-10.0132952133 , 114.71383508
-10.0081742568 , 84.3908402841
-10.0030533004 , 158.506752125
-9.99793234393 , 277.163297144
-9.99281138748 , 372.886640839
-9.98769043103 , 418.095465066
-9.98256947458 , 395.218600377
-9.97744851812 , 317.532859619
-9.97232756167 , 264.240284608
-9.96720660522 , 274.472065281
-9.96208564877 , 298.7226821
-9.95696469232 , 364.992360906
-9.95184373587 , 529.375489351
-9.94672277942 , 654.566790146
-9.94160182296 , 598.41979792
-9.93648086651 , 423.475440443
-9.93135991006 , 257.829023313
-9.92623895361 , 220.405406771
-9.92111799716 , 362.344376232
-9.91599704071 , 564.315709198
-9.91087608426 , 646.763623213
-9.90575512781 , 570.730307386
-9.90063417135 , 402.274429349
-9.8955132149 , 212.958825554
-9.89039225845 , 76.5706294443
-9.885271302 , 18.7582463533
-9.88015034555 , 11.2126743917
-9.8750293891 , 31.8092647361
-9.86990843265 , 66.9847978915
-9.86478747619 , 83.9812419549
-9.85966651974 , 62.3257272501
-9.85454556329 , 27.3762106105
-9.84942460684 , 7.11703892943
-9.84430365039 , 1.09544308174
-9.83918269394 , 0.110260035487
-9.83406173749 , 0.1839201008
-9.82894078104 , 1.7912852532
-9.82381982458 , 10.6349264471
-9.81869886813 , 37.386703369
-9.81357791168 , 78.0517962443
-9.80845695523 , 99.6158313368
-9.80333599878 , 98.4706248098
-9.79821504233 , 158.712921537
-9.79309408588 , 364.289743865
-9.78797312942 , 621.809044459
-9.78285217297 , 690.064011123
-9.77773121652 , 519.740205403
-9.77261026007 , 347.78735596
-9.76748930362 , 315.128613569
-9.76236834717 , 294.042122882
-9.75724739072 , 186.857325013
-9.75212643427 , 71.9881166866
-9.74700547781 , 16.47829855
-9.74188452136 , 2.24162293639
-9.73676356491 , 0.368553493312
-9.73164260846 , 2.74776780879
-9.72652165201 , 23.7448581135
-9.72140069556 , 123.622417967
-9.71627973911 , 387.681040971
-9.71115878265 , 734.471169866
-9.7060378262 , 842.980120037
-9.70091686975 , 588.663799039
-9.6957959133 , 260.695744233
-9.69067495685 , 121.03703699
-9.6855540004 , 168.682604804
-9.68043304395 , 262.251748803
-9.6753120875 , 258.223634354
-9.67019113104 , 175.659964169
-9.66507017459 , 173.067821756
-9.65994921814 , 320.239447478
-9.65482826169 , 471.560393378
-9.64970730524 , 440.295494819
-9.64458634879 , 294.387828455
-9.63946539234 , 223.159895031
-9.63434443588 , 225.320063129
-9.62922347943 , 205.228796637
-9.62410252298 , 159.396670078
-9.61898156653 , 109.621875644
-9.61386061008 , 57.5723794135
-9.60873965363 , 19.7520998431
-9.60361869718 , 4.13311602223
-9.59849774073 , 0.516194719487
-9.59337678427 , 0.0382442933874
-9.58825582782 , 0.00167806935815
-9.58313487137 , 4.35859030382e-05
-9.57801391492 , 6.71308791314e-07
-9.57289295847 , 1.92895522575e-07
-9.56777200202 , 1.67309495738e-05
-9.56265104557 , 0.000888802215346
-9.55753008911 , 0.0280090612161
-9.55240913266 , 0.523690788153
-9.54728817621 , 5.81077308102
-9.54216721976 , 38.2814696349
-9.53704626331 , 149.991840387
-9.53192530686 , 351.962653642
-9.52680435041 , 509.374715238
-9.52168339396 , 506.550966753
-9.5165624375 , 440.934673838
-9.51144148105 , 377.189363121
-9.5063205246 , 254.411749441
-9.50119956815 , 111.166868082
-9.4960786117 , 29.4801064011
-9.49095765525 , 5.8426108995
-9.4858366988 , 10.8328454688
-9.48071574234 , 52.5949808298
-9.47559478589 , 157.341787467
-9.47047382944 , 279.942970104
-9.46535287299 , 305.620477571
-9.46023191654 , 255.280294714
-9.45511096009 , 310.843388357
-9.44999000364 , 524.403633847
-9.44486904719 , 725.858366695
-9.43974809073 , 807.738669193
-9.43462713428 , 820.623978973
-9.42950617783 , 736.860594196
-9.42438522138 , 519.959969872
-9.41926426493 , 282.865599911
-9.41414330848 , 123.569519981
-9.40902235203 , 41.9952816268
-9.40390139557 , 10.1346414708
-9.39878043912 , 3.62763524328
-9.39365948267 , 16.1834855388
-9.38853852622 , 72.0117885764
-9.38341756977 , 191.263915675
-9.37829661332 , 300.704690252
-9.37317565687 , 279.980822209
-9.36805470042 , 156.255519483
-9.36293374396 , 65.2367287993
-9.35781278751 , 71.390462297
-9.35269183106 , 152.753380308
-9.34757087461 , 234.169433261
-9.34244991816 , 283.306368293
-9.33732896171 , 402.051017759
-9.33220800526 , 592.931630271
-9.32708704881 , 615.678191597
-9.32196609235 , 395.343910755
-9.3168451359 , 178.093752782
-9.31172417945 , 146.317644763
-9.306603223 , 255.132950079
-9.30148226655 , 345.237156139
-9.2963613101 , 342.106415329
-9.29124035365 , 330.621469033
-9.28611939719 , 324.000991613
-9.28099844074 , 239.563595342
-9.27587748429 , 114.042339034
-9.27075652784 , 47.442568935
-9.26563557139 , 77.4872892354
-9.26051461494 , 195.197933504
-9.25539365849 , 310.883188299
-9.25027270204 , 294.544645251
-9.24515174558 , 172.921599286
-9.24003078913 , 107.22588771
-9.23490983268 , 201.767684518
-9.22978887623 , 410.414088524
-9.22466791978 , 518.98369109
-9.21954696333 , 391.874596405
-9.21442600688 , 187.612250729
-9.20930505042 , 92.6949118902
-9.20418409397 , 97.4734273721
-9.19906313752 , 110.166955872
-9.19394218107 , 115.974052368
-9.18882122462 , 187.713273847
-9.18370026817 , 351.669906306
-9.17857931172 , 539.203547689
-9.17345835527 , 674.618667582
-9.16833739881 , 662.830313903
-9.16321644236 , 456.336520122
-9.15809548591 , 201.984381992
-9.15297452946 , 55.2228749622
-9.14785357301 , 9.34330680503
-9.14273261656 , 3.06260393593
-9.13761166011 , 15.8673657118
-9.13249070365 , 70.4054326978
-9.1273697472 , 195.268906268
-9.12224879075 , 361.961343824
-9.1171278343 , 505.498007552
-9.11200687785 , 593.317997454
-9.1068859214 , 585.961085589
-9.10176496495 , 446.796844747
-9.0966440085 , 239.848805535
-9.09152305204 , 90.5738522293
-9.08640209559 , 54.645154176
-9.08128113914 , 112.714786854
-9.07616018269 , 197.496225684
-9.07103922624 , 209.665002002
-9.06591826979 , 139.220738216
-9.06079731334 , 94.2797687373
-9.05567635688 , 156.880816815
-9.05055540043 , 277.659337791
-9.04543444398 , 309.249740467
-9.04031348753 , 207.148002482
-9.03519253108 , 97.0121044308
-9.03007157463 , 85.5058225534
-9.02495061818 , 180.957154548
-9.01982966173 , 336.058425808
-9.01470870527 , 463.243319696
-9.00958774882 , 504.772329289
-9.00446679237 , 511.404599824
-8.99934583592 , 559.73633522
-8.99422487947 , 659.500689761
-8.98910392302 , 751.834969492
-8.98398296657 , 707.717303524
-8.97886201011 , 474.06438824
-8.97374105366 , 206.823787188
-8.96862009721 , 56.4726123887
-8.96349914076 , 9.92652660806
-8.95837818431 , 5.71299713875
-8.95325722786 , 29.5590477195
-8.94813627141 , 108.827434153
-8.94301531496 , 239.469962891
-8.9378943585 , 320.773563271
-8.93277340205 , 279.819402969
-8.9276524456 , 191.278905279
-8.92253148915 , 151.487360251
-8.9174105327 , 216.375921987
-8.91228957625 , 400.374578794
-8.9071686198 , 578.243624238
-8.90204766334 , 582.993980112
-8.89692670689 , 453.09575757
-8.89180575044 , 377.474783192
-8.88668479399 , 443.048525253
-8.88156383754 , 595.492401554
-8.87644288109 , 669.94737084
-8.87132192464 , 518.862163453
-8.86620096819 , 253.358746557
-8.86108001173 , 75.584839333
-8.85595905528 , 14.2456921285
-8.85083809883 , 7.84717744923
-8.84571714238 , 37.6765927755
-8.84059618593 , 132.938166001
-8.83547522948 , 288.64287303
-8.83035427303 , 405.699276036
-8.82523331657 , 405.181294957
-8.82011236012 , 312.075870167
-8.81499140367 , 182.136511385
-8.80987044722 , 79.3661502822
-8.80474949077 , 58.0253066249
-8.79962853432 , 139.357008983
-8.79450757787 , 292.367749586
-8.78938662142 , 410.800765816
-8.78426566496 , 414.561566201
-8.77914470851 , 346.122809664
-8.77402375206 , 325.733323658
-8.76890279561 , 396.235234957
-8.76378183916 , 412.909130167
-8.75866088271 , 278.32177317
-8.75353992626 , 112.949284708
-8.7484189698 , 27.2166355094
-8.74329801335 , 3.88404735948
-8.7381770569 , 0.32843990445
-8.73305610045 , 0.0273446035445
-8.727935144 , 0.222276891386
-8.72281418755 , 2.71703263852
-8.7176932311 , 20.142039062
-8.71257227465 , 90.5845157411
-8.70745131819 , 249.076245234
-8.70233036174 , 430.70098602
-8.69720940529 , 510.333452077
-8.69208844884 , 488.62126335
-8.68696749239 , 417.675083801
-8.68184653594 , 306.098687923
-8.67672557949 , 238.851849906
-8.67160462303 , 281.499966396
-8.66648366658 , 378.836615249
-8.66136271013 , 480.608219993
-8.65624175368 , 571.09414715
-8.65112079723 , 624.496682533
-8.64599984078 , 626.683745713
-8.64087888433 , 625.765544158
-8.63575792788 , 642.599878243
-8.63063697142 , 566.724164309
-8.62551601497 , 371.586740883
-8.62039505852 , 224.936463839
-8.61527410207 , 245.49081092
-8.61015314562 , 344.456422709
-8.60503218917 , 381.39751189
-8.59991123272 , 336.745559376
-8.59479027626 , 241.449267865
-8.58966931981 , 136.797108781
-8.58454836336 , 94.4383329955
-8.57942740691 , 140.921776956
-8.57430645046 , 245.022214436
-8.56918549401 , 350.250794586
-8.56406453756 , 361.8703531
-8.55894358111 , 248.679562172
-8.55382262465 , 134.388320784
-8.5487016682 , 130.65601555
-8.54358071175 , 194.468369935
-8.5384597553 , 206.204405496
-8.53333879885 , 150.605169063
-8.5282178424 , 143.297106245
-8.52309688595 , 250.01465102
-8.51797592949 , 372.671933003
-8.51285497304 , 382.572361168
-8.50773401659 , 323.881729771
-8.50261306014 , 321.003775998
-8.49749210369 , 343.665206844
-8.49237114724 , 284.849669178
-8.48725019079 , 199.486725395
-8.48212923434 , 202.805974861
-8.47700827788 , 268.280721858
-8.47188732143 , 346.787494485
-8.46676636498 , 475.385474132
-8.46164540853 , 592.835275866
-8.45652445208 , 538.519130159
-8.45140349563 , 324.417791776
-8.44628253918 , 124.964269906
-8.44116158272 , 31.3637252098
-8.43604062627 , 16.7589328248
-8.43091966982 , 66.1262727879
-8.42579871337 , 215.120287536
-8.42067775692 , 455.191022787
-8.41555680047 , 683.705816111
-8.41043584402 , 801.16472327
-8.40531488757 , 728.561368911
-8.40019393111 , 468.956398548
-8.39507297466 , 207.546764624
-8.38995201821 , 106.714954021
-8.38483106176 , 149.767765529
-8.37971010531 , 221.337856359
-8.37458914886 , 257.871532763
-8.36946819241 , 348.520985609
-8.36434723595 , 545.798043548
-8.3592262795 , 683.993045313
-8.35410532305 , 644.972816033
-8.3489843666 , 525.600068701
-8.34386341015 , 380.965830252
-8.3387424537 , 207.009153331
-8.33362149725 , 72.7537952424
-8.3285005408 , 15.5587072152
-8.32337958434 , 1.99052494415
-8.31825862789 , 0.259851548956
-8.31313767144 , 1.43425515563
-8.30801671499 , 11.0135456275
-8.30289575854 , 50.2897822792
-8.29777480209 , 135.912355643
-8.29265384564 , 217.399101934
-8.28753288918 , 205.815202388
-8.28241193273 , 115.342903417
-8.27729097628 , 38.6236540785
-8.27217001983 , 11.669652677
-8.26704906338 , 27.9405803019
-8.26192810693 , 104.231237749
-8.25680715048 , 237.278642314
-8.25168619403 , 319.898445866
-8.24656523757 , 255.602265132
-8.24144428112 , 123.869432087
-8.23632332467 , 51.2317657163
-8.23120236822 , 60.1100301977
-8.22608141177 , 100.945888933
-8.22096045532 , 110.288419248
-8.21583949887 , 79.470195826
-8.21071854241 , 75.4245252514
-8.20559758596 , 160.26081359
-8.20047662951 , 290.619442418
-8.19535567306 , 322.966375815
-8.19023471661 , 217.242627682
-8.18511376016 , 108.936545346
-8.17999280371 , 112.368346989
-8.17487184726 , 259.820964008
-8.1697508908 , 569.864710286
-8.16462993435 , 918.195237479
-8.1595089779 , 967.811042913
-8.15438802145 , 631.763305198
-8.149267065 , 250.547670137
-8.14414610855 , 63.3636765472
-8.1390251521 , 33.1322588844
-8.13390419564 , 98.9394508804
-8.12878323919 , 232.414572896
-8.12366228274 , 325.507218228
-8.11854132629 , 270.573581412
-8.11342036984 , 140.433648467
-8.10829941339 , 90.2863607273
-8.10317845694 , 213.786496255
-8.09805750049 , 516.838758413
-8.09293654403 , 802.029298924
-8.08781558758 , 774.233738313
-8.08269463113 , 461.588233964
-8.07757367468 , 171.14969027
-8.07245271823 , 57.6327130266
-8.06733176178 , 96.2036490729
-8.06221080533 , 252.588652363
-8.05708984887 , 437.534835617
-8.05196889242 , 489.167416977
-8.04684793597 , 366.661279176
-8.04172697952 , 223.43268661
-8.03660602307 , 227.194267591
-8.03148506662 , 401.235998648
-8.02636411017 , 632.09411841
-8.02124315372 , 757.684094068
-8.01612219726 , 668.131476254
-8.01100124081 , 418.861576669
-8.00588028436 , 205.514079397
-8.00075932791 , 168.585576547
-7.99563837146 , 276.432464275
-7.99051741501 , 365.666969302
-7.98539645856 , 315.177452655
-7.9802755021 , 188.468449648
-7.97515454565 , 131.205778256
-7.9700335892 , 199.32223756
-7.96491263275 , 299.035371737
-7.9597916763 , 302.791745242
-7.95467071985 , 248.655310168
-7.9495497634 , 248.202598045
-7.94442880695 , 292.419139205
-7.93930785049 , 353.220221257
-7.93418689404 , 441.50308619
-7.92906593759 , 506.595263091
-7.92394498114 , 503.916525038
-7.91882402469 , 466.587123289
-7.91370306824 , 405.884518636
-7.90858211179 , 364.906457443
-7.90346115533 , 477.928061393
-7.89834019888 , 712.792978053
-7.89321924243 , 814.240298335
-7.88809828598 , 643.353722433
-7.88297732953 , 342.420429552
-7.87785637308 , 119.138116368
-7.87273541663 , 27.2949177646
-7.86761446018 , 15.2085385557
-7.86249350372 , 73.9432121689
-7.85737254727 , 281.405394397
-7.85225159082 , 653.39465491
-7.84713063437 , 926.45849643
-7.84200967792 , 805.255269965
-7.83688872147 , 429.960913723
-7.83176776502 , 141.037527146
-7.82664680856 , 28.7931113693
-7.82152585211 , 8.15585966896
-7.81640489566 , 28.9920286409
-7.81128393921 , 105.72347365
-7.80616298276 , 236.685780795
-7.80104202631 , 348.130684994
-7.79592106986 , 440.935960348
-7.79080011341 , 653.315119154
-7.78567915695 , 903.41279347
-7.7805582005 , 859.04023102
-7.77543724405 , 512.603256975
-7.7703162876 , 208.895493358
-7.76519533115 , 141.841152374
-7.7600743747 , 280.230455349
-7.75495341825 , 526.976642795
-7.74983246179 , 740.760292542
-7.74471150534 , 798.726011033
-7.73959054889 , 764.144077612
-7.73446959244 , 764.648620878
-7.72934863599 , 706.476463354
-7.72422767954 , 478.52360315
-7.71910672309 , 211.613996016
-7.71398576664 , 59.1714278621
-7.70886481018 , 18.059084207
-7.70374385373 , 51.0999359199
-7.69862289728 , 186.100453157
-7.69350194083 , 425.480571388
-7.68838098438 , 604.688750734
-7.68326002793 , 538.943986901
-7.67813907148 , 317.789738052
-7.67301811502 , 207.942019488
-7.66789715857 , 364.455522616
-7.66277620212 , 706.748960434
-7.65765524567 , 932.520947514
-7.65253428922 , 823.347594046
-7.64741333277 , 512.374485961
-7.64229237632 , 240.837741029
-7.63717141987 , 88.8062107685
-7.63205046341 , 32.9964598196
-7.62692950696 , 59.7245779353
-7.62180855051 , 198.720437831
-7.61668759406 , 437.107734871
-7.61156663761 , 602.211686958
-7.60644568116 , 534.927831666
-7.60132472471 , 341.109090546
-7.59620376825 , 197.726328753
-7.5910828118 , 114.333295469
-7.58596185535 , 52.1307311826
-7.5808408989 , 15.3993550795
-7.57571994245 , 2.75479236683
-7.570598986 , 0.297750062806
-7.56547802955 , 0.126108708452
-7.5603570731 , 1.53813888358
-7.55523611664 , 13.1893090281
-7.55011516019 , 68.8205259861
-7.54499420374 , 223.290156391
-7.53987324729 , 465.132044816
-7.53475229084 , 644.102746269
-7.52963133439 , 609.615612957
-7.52451037794 , 423.7179834
-7.51938942148 , 319.662936616
-7.51426846503 , 420.708762542
-7.50914750858 , 630.704287749
-7.50402655213 , 772.122206785
-7.49890559568 , 709.036914198
-7.49378463923 , 490.606977334
-7.48866368278 , 325.172795851
-7.48354272633 , 323.536045915
-7.47842176987 , 404.889508389
-7.47330081342 , 465.054890326
-7.46817985697 , 550.05987702
-7.46305890052 , 706.652504186
-7.45793794407 , 834.086318778
-7.45281698762 , 796.558332466
-7.44769603117 , 573.670504661
-7.44257507471 , 305.709155018
-7.43745411826 , 151.125565045
-7.43233316181 , 117.779160829
-7.42721220536 , 108.524885577
-7.42209124891 , 90.3124391303
-7.41697029246 , 130.393280551
-7.41184933601 , 268.362745909
-7.40672837956 , 413.801539627
-7.4016074231 , 439.695766273
-7.39648646665 , 334.691586975
-7.3913655102 , 181.800234947
-7.38624455375 , 68.2438562851
-7.3811235973 , 28.6376845578
-7.37600264085 , 60.7908979131
-7.3708816844 , 168.905885317
-7.36576072794 , 360.971790691
-7.36063977149 , 655.585445369
-7.35551881504 , 977.59985429
-7.35039785859 , 1074.8004103
-7.34527690214 , 867.223987441
-7.34015594569 , 555.537301903
-7.33503498924 , 303.401340066
-7.32991403279 , 209.050377382
-7.32479307633 , 303.27919884
-7.31967211988 , 434.574431577
-7.31455116343 , 409.216682678
-7.30943020698 , 290.442078565
-7.30430925053 , 314.190225203
-7.29918829408 , 531.457049721
-7.29406733763 , 719.75954991
-7.28894638118 , 668.720871679
-7.28382542472 , 464.174174813
-7.27870446827 , 349.959873553
-7.27358351182 , 401.120995245
-7.26846255537 , 466.6473669
-7.26334159892 , 454.650088431
-7.25822064247 , 472.062417507
-7.25309968602 , 532.061470009
-7.24797872956 , 474.270828316
-7.24285777311 , 279.290197449
-7.23773681666 , 102.820256319
-7.23261586021 , 23.4983996711
-7.22749490376 , 6.86836350918
-7.22237394731 , 24.8721268655
-7.21725299086 , 96.6855242631
-7.21213203441 , 224.779504872
-7.20701107795 , 310.123986566
-7.2018901215 , 260.463078829
-7.19676916505 , 168.46610285
-7.1916482086 , 185.668131997
-7.18652725215 , 292.582150786
-7.1814062957 , 325.140118838
-7.17628533925 , 236.382481876
-7.17116438279 , 190.060235533
-7.16604342634 , 316.984690896
-7.16092246989 , 502.179668585
-7.15580151344 , 504.022462589
-7.15068055699 , 318.600180103
-7.14555960054 , 184.428127387
-7.14043864409 , 221.322095111
-7.13531768764 , 312.00717501
-7.13019673118 , 312.486563715
-7.12507577473 , 278.375250482
-7.11995481828 , 318.174313644
-7.11483386183 , 356.987945733
-7.10971290538 , 314.296593965
-7.10459194893 , 270.423540445
-7.09947099248 , 277.541397013
-7.09435003602 , 279.761485805
-7.08922907957 , 288.841148744
-7.08410812312 , 408.313077325
-7.07898716667 , 604.966490007
-7.07386621022 , 687.725499637
-7.06874525377 , 575.975737833
-7.06362429732 , 379.22818018
-7.05850334087 , 252.683755074
-7.05338238441 , 273.582472148
-7.04826142796 , 370.254489672
-7.04314047151 , 433.004234121
-7.03801951506 , 430.120828301
-7.03289855861 , 345.802591862
-7.02777760216 , 244.148710222
-7.02265664571 , 276.818628998
-7.01753568925 , 459.069449669
-7.0124147328 , 628.527985133
-7.00729377635 , 653.540987633
-7.0021728199 , 522.547189304
-6.99705186345 , 304.063663864
-6.991930907 , 118.429250068
-6.98680995055 , 29.1541640989
-6.9816889941 , 5.68870741062
-6.97656803764 , 12.0559185074
-6.97144708119 , 61.7308422873
-6.96632612474 , 201.881661045
-6.96120516829 , 419.240660554
-6.95608421184 , 567.931488745
-6.95096325539 , 510.125361756
-6.94584229894 , 306.983858419
-6.94072134248 , 140.630425034
-6.93560038603 , 87.464535179
-6.93047942958 , 84.0785081117
-6.92535847313 , 72.5784446297
-6.92023751668 , 96.3901004172
-6.91511656023 , 263.016619286
-6.90999560378 , 598.009116627
-6.90487464733 , 894.107778411
-6.89975369087 , 876.468958953
-6.89463273442 , 567.999235468
-6.88951177797 , 246.401572661
-6.88439082152 , 99.5377421781
-6.87926986507 , 132.941655881
-6.87414890862 , 259.927104589
-6.86902795217 , 326.284521617
-6.86390699571 , 249.535917714
-6.85878603926 , 147.002069013
-6.85366508281 , 160.440365457
-6.84854412636 , 262.99867806
-6.84342316991 , 299.194816381
-6.83830221346 , 205.153094933
-6.83318125701 , 91.2186124334
-6.82806030056 , 66.0615581284
-6.8229393441 , 150.244751625
-6.81781838765 , 282.692371722
-6.8126974312 , 351.795297868
-6.80757647475 , 391.037215439
-6.8024555183 , 563.394399201
-6.79733456185 , 790.269818287
-6.7922136054 , 819.070096698
-6.78709264894 , 668.974909015
-6.78197169249 , 523.669629338
-6.77685073604 , 448.443332488
-6.77172977959 , 399.70060661
-6.76660882314 , 291.369596083
-6.76148786669 , 141.76393074
-6.75636691024 , 42.4212714439
-6.75124595379 , 9.23528051612
-6.74612499733 , 15.67185254
-6.74100404088 , 78.2768318129
-6.73588308443 , 245.980376868
-6.73076212798 , 465.547081609
-6.72564117153 , 549.78665914
-6.72052021508 , 476.340370926
-6.71539925863 , 438.055595943
-6.71027830217 , 446.792643717
-6.70515734572 , 357.849620885
-6.70003638927 , 222.24158944
-6.69491543282 , 205.019006648
-6.68979447637 , 299.437823472
-6.68467351992 , 341.78555974
-6.67955256347 , 271.104348705
-6.67443160702 , 178.429857182
-6.66931065056 , 109.532082975
-6.66418969411 , 56.2046276826
-6.65906873766 , 40.3637028013
-6.65394778121 , 98.6726920074
-6.64882682476 , 228.323555898
-6.64370586831 , 322.236918364
-6.63858491186 , 269.56313818
-6.6334639554 , 133.495134229
-6.62834299895 , 39.5176194763
-6.6232220425 , 11.1579031913
-6.61810108605 , 28.8989480467
-6.6129801296 , 108.180968631
-6.60785917315 , 248.849168267
-6.6027382167 , 353.041878502
-6.59761726025 , 331.222159679
-6.59249630379 , 240.22205748
-6.58737534734 , 186.884811812
-6.58225439089 , 227.340699373
-6.57713343444 , 310.626339841
-6.57201247799 , 298.776291532
-6.56689152154 , 175.936334905
-6.56177056509 , 64.5476760886
-6.55664960863 , 34.409624923
-6.55152865218 , 92.5797836947
-6.54640769573 , 228.291679153
-6.54128673928 , 350.954416986
-6.53616578283 , 371.977774717
-6.53104482638 , 374.092913326
-6.52592386993 , 455.453455801
-6.52080291348 , 546.721253775
-6.51568195702 , 533.421030217
-6.51056100057 , 393.80160303
-6.50544004412 , 215.165833102
-6.50031908767 , 123.595355315
-6.49519813122 , 177.643768963
-6.49007717477 , 300.754301396
-6.48495621832 , 330.946283089
-6.47983526186 , 244.038710111
-6.47471430541 , 201.687505491
-6.46959334896 , 273.936265437
-6.46447239251 , 321.199197289
-6.45935143606 , 235.307662849
-6.45423047961 , 102.646377043
-6.44910952316 , 26.5364164673
-6.44398856671 , 4.40208008559
-6.43886761025 , 4.41275348726
-6.4337466538 , 28.3567568682
-6.42862569735 , 119.291564656
-6.4235047409 , 302.083819771
-6.41838378445 , 461.852604258
-6.413262828 , 435.629850893
-6.40814187155 , 282.977307254
-6.40302091509 , 176.166894347
-6.39789995864 , 127.093260529
-6.39277900219 , 75.7074895742
-6.38765804574 , 28.9673615318
-6.38253708929 , 6.92086633926
-6.37741613284 , 4.10219116112
-6.37229517639 , 23.3363064564
-6.36717421994 , 103.354513516
-6.36205326348 , 284.301399988
-6.35693230703 , 492.300640411
-6.35181135058 , 543.611521894
-6.34669039413 , 384.192671096
-6.34156943768 , 173.186971756
-6.33644848123 , 54.5386560838
-6.33132752478 , 35.5319074336
-6.32620656832 , 71.7951470529
-6.32108561187 , 109.586220737
-6.31596465542 , 100.123986248
-6.31084369897 , 54.1680603938
-6.30572274252 , 17.3551126145
-6.30060178607 , 3.49906871827
-6.29548082962 , 2.96887689542
-6.29035987317 , 18.9083536796
-6.28523891671 , 81.1720968382
-6.28011796026 , 206.505580815
-6.27499700381 , 310.945161873
-6.26987604736 , 277.158463478
-6.26475509091 , 146.968848608
-6.25963413446 , 53.446706623
-6.25451317801 , 54.2319565083
-6.24939222155 , 165.989441725
-6.2442712651 , 379.621143897
-6.23915030865 , 593.517222815
-6.2340293522 , 690.11097095
-6.22890839575 , 660.807525578
-6.2237874393 , 591.059665936
-6.21866648285 , 527.9283211
-6.2135455264 , 404.814253215
-6.20842456994 , 235.301179196
-6.20330361349 , 175.534827724
-6.19818265704 , 299.317586987
-6.19306170059 , 470.569933404
-6.18794074414 , 472.834708205
-6.18281978769 , 293.614652735
-6.17769883124 , 112.425586572
-6.17257787478 , 26.4693387093
-6.16745691833 , 3.81356497716
-6.16233596188 , 0.364533975459
-6.15721500543 , 0.553790090665
-6.15209404898 , 5.54899165132
-6.14697309253 , 33.9864912061
-6.14185213608 , 123.234905139
-6.13673117963 , 264.867734346
-6.13161022317 , 341.665919226
-6.12648926672 , 294.625095799
-6.12136831027 , 292.022062434
-6.11624735382 , 487.084610655
-6.11112639737 , 708.048008705
-6.10600544092 , 664.444409563
-6.10088448447 , 395.379523044
-6.09576352801 , 161.387329241
-6.09064257156 , 87.3350380684
-6.08552161511 , 156.535289231
-6.08040065866 , 290.166023997
-6.07527970221 , 348.328496004
-6.07015874576 , 261.229847879
-6.06503778931 , 138.079686738
-6.05991683286 , 111.285048795
-6.0547958764 , 177.014969631
-6.04967491995 , 219.97332433
-6.0445539635 , 166.174003808
-6.03943300705 , 77.7140053003
-6.0343120506 , 46.3189618185
-6.02919109415 , 124.483880227
-6.0240701377 , 332.253693072
-6.01894918124 , 546.400731657
-6.01382822479 , 545.439834057
-6.00870726834 , 354.585581582
-6.00358631189 , 247.51493345
-5.99846535544 , 368.329479989
-5.99334439899 , 607.076511142
-5.98822344254 , 786.150780421
-5.98310248609 , 819.70736137
-5.97798152963 , 682.270592899
-5.97286057318 , 442.246020574
-5.96773961673 , 249.063048898
-5.96261866028 , 141.899533832
-5.95749770383 , 70.889447242
-5.95237674738 , 24.3968497879
-5.94725579093 , 5.18428601114
-5.94213483447 , 0.659057538257
-5.93701387802 , 0.0497211518961
-5.93189292157 , 0.00222382285948
-5.92677196512 , 0.00020572529599
-5.92165100867 , 0.00581995323669
-5.91653005222 , 0.136765556896
-5.91140909577 , 1.90910140358
-5.90628813932 , 15.8373171373
-5.90116718286 , 78.134172728
-5.89604622641 , 229.426163649
-5.89092526996 , 401.278468752
-5.88580431351 , 418.42786732
-5.88068335706 , 260.337060137
-5.87556240061 , 96.7256281106
-5.87044144416 , 21.4817376765
-5.8653204877 , 2.99637555412
-5.86019953125 , 2.25290936227
-5.8550785748 , 16.8734755167
-5.84995761835 , 83.8985472038
-5.8448366619 , 249.951095038
-5.83971570545 , 446.567503897
-5.834594749 , 479.890514447
-5.82947379255 , 316.424870923
-5.82435283609 , 151.747674136
-5.81923187964 , 105.208033801
-5.81411092319 , 119.90180248
-5.80898996674 , 132.968352954
-5.80386901029 , 166.036056197
-5.79874805384 , 212.651282265
-5.79362709739 , 194.939804481
-5.78850614093 , 110.119873978
-5.78338518448 , 37.2963565499
-5.77826422803 , 10.2668885089
-5.77314327158 , 24.1002899954
-5.76802231513 , 113.030625945
-5.76290135868 , 330.101543794
-5.75778040223 , 580.161572909
-5.75265944578 , 615.746365988
-5.74753848932 , 411.583684844
-5.74241753287 , 251.796436673
-5.73729657642 , 321.684925337
-5.73217561997 , 481.826692311
-5.72705466352 , 471.144692477
-5.72193370707 , 283.63227531
-5.71681275062 , 142.943221134
-5.71169179416 , 166.38927213
-5.70657083771 , 269.561342107
-5.70144988126 , 293.047326952
-5.69632892481 , 221.365962401
-5.69120796836 , 210.521411604
-5.68608701191 , 321.693759898
-5.68096605546 , 396.58756825
-5.67584509901 , 304.705443242
-5.67072414255 , 150.797746354
-5.6656031861 , 94.9015772642
-5.66048222965 , 170.057695074
-5.6553612732 , 280.633608356
-5.65024031675 , 283.381331912
-5.6451193603 , 169.695198999
-5.63999840385 , 60.1501441784
-5.63487744739 , 12.6190377758
-5.62975649094 , 1.56687928699
-5.62463553449 , 0.115150125493
-5.61951457804 , 0.00500881885301
-5.61439362159 , 0.000150616477823
-5.60927266514 , 0.00107447973688
-5.60415170869 , 0.031404967629
-5.59903075224 , 0.54426873125
-5.59390979578 , 5.58276413217
-5.58878883933 , 33.892670691
-5.58366788288 , 121.781949624
-5.57854692643 , 258.988617934
-5.57342596998 , 325.986300779
-5.56830501353 , 242.858482088
-5.56318405708 , 107.263761231
-5.55806310062 , 30.3640352252
-5.55294214417 , 22.9955219229
-5.54782118772 , 86.0922062663
-5.54270023127 , 233.915768382
-5.53757927482 , 380.012051561
-5.53245831837 , 367.772139114
-5.52733736192 , 212.147527955
-5.52221640547 , 72.9835776423
-5.51709544901 , 14.9815962739
-5.51197449256 , 1.83588325275
-5.50685353611 , 0.140216711417
-5.50173257966 , 0.140795527913
-5.49661162321 , 1.85568252243
-5.49149066676 , 15.4319570405
-5.48636971031 , 77.8734262409
-5.48124875385 , 239.039705889
-5.4761277974 , 447.283084513
-5.47100684095 , 514.1336192
-5.4658858845 , 384.937302522
-5.46076492805 , 261.341375855
-5.4556439716 , 287.567143454
-5.45052301515 , 390.280684323
-5.4454020587 , 435.456831332
-5.44028110224 , 351.101417124
-5.43516014579 , 187.763203237
-5.43003918934 , 62.7204982781
-5.42491823289 , 12.6850488549
-5.41979727644 , 1.53227438978
-5.41467631999 , 0.109940227941
-5.40955536354 , 0.004902208575
-5.40443440708 , 0.00829731377664
-5.39931345063 , 0.176472038585
-5.39419249418 , 2.28589289824
-5.38907153773 , 17.8030532471
-5.38395058128 , 83.6642504707
-5.37882962483 , 240.112926959
-5.37370866838 , 438.136899847
-5.36858771193 , 568.312533442
-5.36346675547 , 626.443797804
-5.35834579902 , 612.174940005
-5.35322484257 , 452.018127287
-5.34810388612 , 221.167879627
-5.34298292967 , 83.9366629072
-5.33786197322 , 98.9877458545
-5.33274101677 , 246.008387145
-5.32762006031 , 407.14180039
-5.32249910386 , 400.780441132
-5.31737814741 , 233.556346325
-5.31225719096 , 80.5708246663
-5.30713623451 , 16.6578320286
-5.30201527806 , 4.40322401144
-5.29689432161 , 16.5326426834
-5.29177336516 , 65.9202668233
-5.2866524087 , 158.083104658
-5.28153145225 , 233.224355803
-5.2764104958 , 241.992354988
-5.27128953935 , 244.184084484
-5.2661685829 , 271.243994478
-5.26104762645 , 272.891707584
-5.25592667 , 291.436435956
-5.25080571355 , 385.112456049
-5.24568475709 , 459.551098166
-5.24056380064 , 417.84546513
-5.23544284419 , 286.979960317
-5.23032188774 , 162.615325213
-5.22520093129 , 143.780710391
-5.22007997484 , 233.568055134
-5.21495901839 , 304.019261081
-5.20983806193 , 274.757695448
-5.20471710548 , 259.921756697
-5.19959614903 , 356.665983305
-5.19447519258 , 470.699183274
-5.18935423613 , 499.930313393
-5.18423327968 , 430.501535627
-5.17911232323 , 275.498651981
-5.17399136678 , 116.339786464
-5.16887041032 , 30.2896473315
-5.16374945387 , 4.73252260073
-5.15862849742 , 0.439618589692
-5.15350754097 , 0.0242054747165
-5.14838658452 , 0.000789177901339
-5.14326562807 , 1.52307562084e-05
-5.13814467162 , 1.73983778813e-07
-5.13302371516 , 1.17631194149e-09
-5.12790275871 , 4.7071508892e-12
-5.12278180226 , 1.11484407301e-14
-5.11766084581 , 1.56275199221e-17
-5.11253988936 , 1.29653953477e-20
-5.10741893291 , 6.36650658306e-24
-5.10229797646 , 2.17154964045e-27
-5.09717702001 , 1.23177688935e-24
-5.09205606355 , 2.79516641275e-21
-5.0869351071 , 3.75407911614e-18
-5.08181415065 , 2.98414030295e-15
-5.0766931942 , 1.40396164366e-12
-5.07157223775 , 3.90941508675e-10
-5.0664512813 , 6.44302565866e-08
-5.06133032485 , 6.28481264003e-06
-5.05620936839 , 0.000362850285251
-5.05108841194 , 0.0123999313958
-5.04596745549 , 0.250864027392
-5.04084649904 , 3.0060450779
-5.03572554259 , 21.3663885858
-5.03060458614 , 90.4964621052
-5.02548362969 , 231.695761899
-5.02036267324 , 374.462581861
-5.01524171678 , 426.421895327
-5.01012076033 , 403.263426341
-5.00499980388 , 329.2357967
-4.99987884743 , 202.261892339
-4.99475789098 , 88.6900455644
-4.98963693453 , 60.1640943774
-4.98451597808 , 127.495764941
-4.97939502162 , 230.250694979
-4.97427406517 , 254.062517536
-4.96915310872 , 182.101884927
-4.96403215227 , 138.210210478
-4.95891119582 , 187.46482349
-4.95379023937 , 235.840140931
-4.94866928292 , 187.392016988
-4.94354832647 , 92.7029483371
-4.93842737001 , 50.5548088596
-4.93330641356 , 93.7901578495
-4.92818545711 , 184.563015204
-4.92306450066 , 223.803065239
-4.91794354421 , 160.939502309
-4.91282258776 , 68.5046003959
-4.90770163131 , 17.2583131591
-4.90258067485 , 2.57333673162
-4.8974597184 , 0.2270986071
-4.89233876195 , 0.011861835448
-4.8872178055 , 0.000366698296574
-4.88209684905 , 6.70942747807e-06
-4.8769758926 , 7.26576933657e-08
-4.87185493615 , 4.65690440179e-10
-4.8667339797 , 1.76657716331e-12
-4.86161302324 , 3.9663174822e-15
-4.85649206679 , 5.27062247128e-18
-4.85137111034 , 4.14529953191e-21
-4.84625015389 , 1.92960980975e-24
-4.84112919744 , 5.3162164166e-28
-4.83600824099 , 8.66872835923e-32
-4.83088728454 , 8.36922705851e-36
-4.82576632808 , 3.51579959933e-39
-4.82064537163 , 3.0462797408e-39
-4.81552441518 , 3.0462797408e-39
-4.81040345873 , 3.0462797408e-39
-4.80528250228 , 3.0462797408e-39
-4.80016154583 , 3.0462797408e-39
-4.79504058938 , 3.0462797408e-39
-4.78991963293 , 3.0462797408e-39
-4.78479867647 , 1.07631768969e-38
-4.77967772002 , 1.15031404216e-34
-4.77455676357 , 1.01398853247e-30
-4.76943580712 , 5.2903079282e-27
-4.76431485067 , 1.63361108426e-23
-4.75919389422 , 2.98563148877e-20
-4.75407293777 , 3.22956138952e-17
-4.74895198131 , 2.06761986868e-14
-4.74383102486 , 7.83461500664e-12
-4.73871006841 , 1.7570512689e-09
-4.73358911196 , 2.33222807145e-07
-4.72846815551 , 1.83221913012e-05
-4.72334719906 , 0.000851929424882
-4.71822624261 , 0.023444967465
-4.71310528616 , 0.381869929009
-4.7079843297 , 3.68129903344
-4.70286337325 , 21.0042192674
-4.6977424168 , 70.9303005375
-4.69262146035 , 141.767560675
-4.6875005039 , 167.703352098
-4.68237954745 , 117.415769912
-4.677258591 , 48.6553864984
-4.67213763454 , 11.9331536659
-4.66701667809 , 1.73220524521
-4.66189572164 , 0.148820677429
-4.65677476519 , 0.00756749352747
-4.65165380874 , 0.000234741166045
-4.64653285229 , 0.000334398666841
-4.64141189584 , 0.00927753009768
-4.63629093939 , 0.155329376452
-4.63116998293 , 1.55574912814
-4.62604902648 , 9.36629193292
-4.62092807003 , 34.1071207563
-4.61580711358 , 75.6831347499
-4.61068615713 , 103.132924455
-4.60556520068 , 86.8708700506
-4.60044424423 , 45.4035342515
-4.59532328777 , 14.9531578754
-4.59020233132 , 5.3455417698
-4.58508137487 , 13.902091611
-4.57996041842 , 45.1041784117
-4.57483946197 , 88.8069107225
-4.56971850552 , 103.54970659
-4.56459754907 , 71.5001547065
-4.55947659262 , 29.7918453603
-4.55435563616 , 12.4352714738
-4.54923467971 , 29.3696451471
-4.54411372326 , 88.5803876276
-4.53899276681 , 163.441344497
-4.53387181036 , 178.662924417
-4.52875085391 , 115.781776786
-4.52362989746 , 46.0120044682
-4.518508941 , 18.9395642442
-4.51338798455 , 28.0864960091
-4.5082670281 , 47.6066868374
-4.50314607165 , 49.942610739
-4.4980251152 , 31.0876197448
-4.49290415875 , 11.6921459119
-4.4877832023 , 4.9046035662
-4.48266224585 , 14.1270996905
-4.47754128939 , 46.8221364748
-4.47242033294 , 93.8910849378
-4.46729937649 , 111.489723856
-4.46217842004 , 78.3555563334
-4.45705746359 , 32.5930075681
-4.45193650714 , 8.02414279588
-4.44681555069 , 1.16920975384
-4.44169459423 , 0.100833717858
-4.43657363778 , 0.00514681669353
-4.43145268133 , 0.000155485964194
-4.42633172488 , 2.7801181374e-06
-4.42121076843 , 2.94208273025e-08
-4.41608981198 , 1.84274855868e-10
-4.41096885553 , 6.83119762165e-13
-4.40584789908 , 1.49881209213e-15
-4.40072694262 , 1.94633277916e-18
-4.39560598617 , 1.49591382283e-21
-4.39048502972 , 6.80480404225e-25
-4.38536407327 , 1.83207918777e-28
-4.38024311682 , 2.91939240628e-32
-4.37512216037 , 2.75638426756e-36
-4.37000120392 , 3.1957904504e-39
-4.36488024746 , 3.0462797408e-39
-4.35975929101 , 3.0462797408e-39
-4.35463833456 , 3.0462797408e-39
-4.34951737811 , 3.0462797408e-39
-4.34439642166 , 3.0462797408e-39
-4.33927546521 , 3.0462797408e-39
-4.33415450876 , 3.0462797408e-39
-4.32903355231 , 3.0462797408e-39
-4.32391259585 , 3.0462797408e-39
-4.3187916394 , 3.0462797408e-39
-4.31367068295 , 3.0462797408e-39
-4.3085497265 , 3.0462797408e-39
-4.30342877005 , 3.0462797408e-39
-4.2983078136 , 3.0462797408e-39
-4.29318685715 , 3.0462797408e-39
-4.28806590069 , 3.0462797408e-39
-4.28294494424 , 3.0462797408e-39
-4.27782398779 , 3.0462797408e-39
-4.27270303134 , 4.32141299656e-39
-4.26758207489 , 2.03547151977e-35
-4.26246111844 , 1.91701295955e-31
-4.25734016199 , 1.06873376392e-27
-4.25221920554 , 3.526416224e-24
-4.24709824908 , 6.8867951438e-21
-4.24197729263 , 7.96013275964e-18
-4.23685633618 , 5.44556580156e-15
-4.23173537973 , 2.20488154406e-12
-4.22661442328 , 5.28380847361e-10
-4.22149346683 , 7.49425427951e-08
-4.21637251038 , 6.29113978382e-06
-4.21125155392 , 0.00031257180315
-4.20613059747 , 0.00919157243461
-4.20100964102 , 0.159973992144
-4.19588868457 , 1.64789108501
-4.19076772812 , 10.0467866198
-4.18564677167 , 36.2531214208
-4.18052581522 , 77.4253514613
-4.17540485877 , 97.867956009
-4.17028390231 , 73.2179227617
-4.16516294586 , 32.4200620498
-4.16004198941 , 8.49629988249
-4.15492103296 , 1.31784816594
-4.14980007651 , 0.120981923936
-4.14467912006 , 0.00657393141939
-4.13955816361 , 0.000243682664652
-4.13443720715 , 0.00136090085242
-4.1293162507 , 0.03374655692
-4.12419529425 , 0.496748732559
-4.1190743378 , 4.3277706813
-4.11395338135 , 22.3157406317
-4.1088324249 , 68.1048375648
-4.10371146845 , 123.016738749
-4.098590512 , 131.51341313
-4.09346955554 , 83.2138240509
-4.08834859909 , 31.1630892219
-4.08322764264 , 6.90724908448
-4.07810668619 , 0.906127526171
-4.07298572974 , 0.0703547009054
-4.06786477329 , 0.00323308044065
-4.06274381684 , 8.79345389481e-05
-4.05762286038 , 1.41553972942e-06
-4.05250190393 , 1.34866543392e-08
-4.04738094748 , 7.6051184395e-11
-4.04225999103 , 2.53830093323e-13
-4.03713903458 , 5.96765332101e-15
-4.03201807813 , 1.91743950344e-12
-4.02689712168 , 3.98080940352e-10
-4.02177616523 , 4.89148547168e-08
-4.01665520877 , 3.55737532158e-06
-4.01153425232 , 0.000153122194442
-4.00641329587 , 0.00390091185974
-4.00129233942 , 0.0588184624184
-3.99617138297 , 0.524905029025
-3.99105042652 , 2.77247307135
-3.98592947007 , 8.6670933876
-3.98080851361 , 16.0361146355
-3.97568755716 , 17.5608027539
-3.97056660071 , 11.3817518872
-3.96544564426 , 4.36609720022
-3.96032468781 , 0.991282005012
-3.95520373136 , 0.133205016729
-3.95008277491 , 0.0105940855835
-3.94496181846 , 0.000498684545289
-3.939840862 , 1.38933788381e-05
-3.93471990555 , 2.29091722819e-07
-3.9295989491 , 2.23881165739e-09
-3.92447799265 , 7.04360417217e-10
-3.9193570362 , 9.35534073717e-08
-3.91423607975 , 7.49169907774e-06
-3.9091151233 , 0.000355075820022
-3.90399416684 , 0.00996051347454
-3.89887321039 , 0.165372088274
-3.89375225394 , 1.62503437041
-3.88863129749 , 9.45110942063
-3.88351034104 , 32.5329664559
-3.87838938459 , 66.2823319307
-3.87326842814 , 79.9689811484
-3.86814747169 , 57.6223570452
-3.86302651523 , 28.3338355997
-3.85790555878 , 24.2340564543
-3.85278460233 , 47.1697945484
-3.84766364588 , 69.6841502976
-3.84254268943 , 61.9673047643
-3.83742173298 , 32.6469434503
-3.83230077653 , 10.1804571286
-3.82717982007 , 1.87894116628
-3.82205886362 , 0.205247962554
-3.81693790717 , 0.0132697951406
-3.81181695072 , 0.000507772606504
-3.80669599427 , 1.14998989794e-05
-3.80157503782 , 1.54287286777e-07
-3.79645408137 , 2.03187659504e-08
-3.79133312492 , 1.55157992565e-06
-3.78621216846 , 7.46149772185e-05
-3.78109121201 , 0.00212372858733
-3.77597025556 , 0.035775981075
-3.77084929911 , 0.356700425804
-3.76572834266 , 2.10491828127
-3.76060738621 , 7.35167650859
-3.75548642976 , 15.1969723815
-3.7503654733 , 18.5929069649
-3.74524451685 , 13.4634714815
-3.7401235604 , 5.77013999213
-3.73500260395 , 1.46364307289
-3.7298816475 , 0.21973718167
-3.72476069105 , 0.0195250185391
-3.7196397346 , 0.00102683082241
-3.71451877815 , 3.19614058972e-05
-3.70939782169 , 5.88806220101e-07
-3.70427686524 , 6.42005044445e-09
-3.69915590879 , 4.14308676721e-11
-3.69403495234 , 1.58277367026e-13
-3.68891399589 , 2.02658228656e-14
-3.68379303944 , 7.1791144769e-12
-3.67867208299 , 1.53226691405e-09
-3.67355112653 , 1.93564302441e-07
-3.66843017008 , 1.4472953491e-05
-3.66330921363 , 0.000640573923416
-3.65818825718 , 0.0167869786147
-3.65306730073 , 0.260664239044
-3.64794634428 , 2.40316306877
-3.64282538783 , 13.2298158247
-3.63770443138 , 44.1664262615
-3.63258347492 , 92.9114799739
-3.62746251847 , 133.047565323
-3.62234156202 , 142.462322012
-3.61722060557 , 116.424378499
-3.61209964912 , 67.0908655952
-3.60697869267 , 24.9221334402
-3.60185773622 , 5.67107874955
-3.59673677976 , 0.773572620142
-3.59161582331 , 0.0627396564891
-3.58649486686 , 0.00301652669484
-3.58137391041 , 8.58896317252e-05
-3.57625295396 , 1.4477110859e-06
-3.57113199751 , 1.44435482485e-08
-3.56601104106 , 8.52897281032e-11
-3.56089008461 , 2.98087218201e-13
-3.55576912815 , 6.16611027217e-16
-3.5506481717 , 7.5491778142e-19
-3.54552721525 , 5.47026227722e-22
-3.5404062588 , 2.34604675353e-25
-3.53528530235 , 5.95504649588e-29
-3.5301643459 , 8.94651266856e-33
-3.52504338945 , 6.29832712124e-36
-3.51992243299 , 5.52140318643e-32
-3.51480147654 , 3.28075075911e-28
-3.50968052009 , 1.15376415307e-24
-3.50455956364 , 2.40149036268e-21
-3.49943860719 , 2.9584528909e-18
-3.49431765074 , 2.15709102491e-15
-3.48919669429 , 9.30876977572e-13
-3.48407573784 , 2.37758532389e-10
-3.47895478138 , 3.59418094716e-08
-3.47383382493 , 3.21576103597e-06
-3.46871286848 , 0.000170289395911
-3.46359191203 , 0.0053371750394
-3.45847095558 , 0.0990045817147
-3.45334999913 , 1.08697397503
-3.44822904268 , 7.06322441486
-3.44310808622 , 27.1648224176
-3.43798712977 , 61.834484174
-3.43286617332 , 83.305681404
-3.42774521687 , 66.4260620876
-3.42262426042 , 31.348906787
-3.41750330397 , 8.75641431265
-3.41238234752 , 1.44760653171
-3.40726139107 , 0.141708963625
-3.40214043461 , 0.0106162030964
-3.39701947816 , 0.0522909812767
-3.39189852171 , 0.663362349675
-3.38677756526 , 5.00758907835
-3.38165660881 , 22.3733080804
-3.37653565236 , 59.1632006506
-3.37141469591 , 92.5961759018
-3.36629373945 , 85.7737454749
-3.361172783 , 47.0257396694
-3.35605182655 , 15.2594064661
-3.3509308701 , 2.93177983935
-3.34580991365 , 0.361255953813
-3.3406889572 , 0.422771462168
-3.33556800075 , 3.37252520891
-3.3304470443 , 16.8054231217
-3.32532608784 , 49.5766468329
-3.32020513139 , 86.5615437134
-3.31508417494 , 89.452492452
-3.30996321849 , 54.7116114174
-3.30484226204 , 19.8055165564
-3.29972130559 , 4.24338657892
-3.29460034914 , 0.538170384443
-3.28947939268 , 0.0427209085839
-3.28435843623 , 0.0441844018779
-3.27923747978 , 0.455417199042
-3.27411652333 , 2.89521265343
-3.26899556688 , 10.8947140102
-3.26387461043 , 24.2644737543
-3.25875365398 , 31.9849360147
-3.25363269753 , 24.9539707918
-3.24851174107 , 11.5226774574
-3.24339078462 , 3.14910190677
-3.23826982817 , 0.509377304847
-3.23314887172 , 0.0487654273244
-3.22802791527 , 0.00276314734285
-3.22290695882 , 9.26649766076e-05
-3.21778600237 , 1.83927540574e-06
-3.21266504592 , 2.16071493357e-08
-3.20754408946 , 1.50233842875e-10
-3.20242313301 , 6.23594339828e-13
-3.19730217656 , 1.87430393489e-12
-3.19218122011 , 3.87750603266e-10
-3.18706026366 , 4.751530569e-08
-3.18193930721 , 3.44614948548e-06
-3.17681835076 , 0.000147929310578
-3.1716973943 , 0.00375832117533
-3.16657643785 , 0.056513614547
-3.1614554814 , 0.502958110758
-3.15633452495 , 2.649293558
-3.1512135685 , 8.25938836338
-3.14609261205 , 15.2400091622
-3.1409716556 , 16.6434020829
-3.13585069915 , 10.7576774624
-3.13072974269 , 4.1154228963
-3.12560878624 , 0.93181555603
-3.12048782979 , 0.124871974803
-3.11536687334 , 0.00990420315726
-3.11024591689 , 0.00046493649452
-3.10512496044 , 1.29177617448e-05
-3.10000400399 , 2.12422462979e-07
-3.09488304753 , 2.06744110428e-09
-3.08976209108 , 1.19092768056e-11
-3.08464113463 , 4.06029108261e-14
-3.07952017818 , 8.19341642244e-17
-3.07439922173 , 3.83820855341e-18
-3.06927826528 , 2.65321863483e-15
-3.06415730883 , 1.11391572218e-12
-3.05903635238 , 2.76790508525e-10
-3.05391539592 , 4.07070477831e-08
-3.04879443947 , 3.54329714245e-06
-3.04367348302 , 0.000182542962569
-3.03855252657 , 0.00556598675873
-3.03343157012 , 0.100447422386
-3.02831061367 , 1.07288945817
-3.02318965722 , 6.78251422248
-3.01806870076 , 25.3773343586
-3.01294774431 , 56.1979979317
-3.00782678786 , 73.6572058064
-3.00270583141 , 57.1385465959
-2.99758487496 , 26.2338899455
-2.99246391851 , 7.12878880949
-2.98734296206 , 1.1465377516
-2.98222200561 , 0.109139138915
-2.97710104915 , 0.00614882652197
-2.9719800927 , 0.000205032879681
-2.96685913625 , 4.04645146839e-06
-2.9617381798 , 4.72655498166e-08
-2.95661722335 , 3.26764332749e-10
-2.9514962669 , 1.33703917241e-12
-2.94637531045 , 3.23797260707e-15
-2.94125435399 , 4.6415019209e-18
-2.93613339754 , 4.94087083586e-19
-2.93101244109 , 3.61833147769e-16
-2.92589148464 , 1.58091073409e-13
-2.92077052819 , 4.08814117798e-11
-2.91564957174 , 6.25696835611e-09
-2.91052861529 , 5.66789203372e-07
-2.90540765884 , 3.03877621019e-05
-2.90028670238 , 0.000964262817776
-2.89516574593 , 0.0181097231374
-2.89004478948 , 0.201302444926
-2.88492383303 , 1.32439409039
-2.87980287658 , 5.15827103237
-2.87468192013 , 11.914398366
-2.86956096368 , 16.5676908437
-2.86444000722 , 15.5968416175
-2.85931905077 , 16.6842722998
-2.85419809432 , 27.4224497358
-2.84907713787 , 37.6372597413
-2.84395618142 , 32.1985012217
-2.83883522497 , 16.4042271875
-2.83371426852 , 4.95000181943
-2.82859331207 , 0.884117952655
-2.82347235561 , 0.0934627983556
-2.81835139916 , 0.0058477317573
-2.81323044271 , 0.000216548799483
-2.80810948626 , 4.74617497298e-06
-2.80298852981 , 6.15674733143e-08
-2.79786757336 , 4.72692310457e-10
-2.79274661691 , 2.1479559208e-12
-2.78762566045 , 5.77685960113e-15
-2.782504704 , 9.19555362413e-18
-2.77738374755 , 8.66338054361e-21
-2.7722627911 , 1.91715045266e-22
-2.76714183465 , 2.71210192091e-19
-2.7620208782 , 2.32947888731e-16
-2.75689992175 , 1.1842169916e-13
-2.7517789653 , 3.5630635448e-11
-2.74665800884 , 6.34506025634e-09
-2.74153705239 , 6.68756999124e-07
-2.73641609594 , 4.17179763652e-05
-2.73129513949 , 0.00154030805145
-2.72617418304 , 0.0336626555707
-2.72105322659 , 0.435559297952
-2.71593227014 , 3.33954415408
-2.71081131368 , 15.2230934441
-2.70569035723 , 41.7619497601
-2.70056940078 , 71.9158559142
-2.69544844433 , 87.5216177916
-2.69032748788 , 90.525089356
-2.68520653143 , 81.7385612446
-2.68008557498 , 54.0725042705
-2.67496461853 , 22.8170067622
-2.66984366207 , 5.82314419616
-2.66472270562 , 0.884765617486
-2.65960174917 , 0.0796892445554
-2.65448079272 , 0.00424983196435
-2.64935983627 , 0.00013415641869
-2.64423887982 , 2.50659133147e-06
-2.63911792337 , 2.77190687938e-08
-2.63399696691 , 1.81423810538e-10
-2.62887601046 , 7.02796872107e-13
-2.62375505401 , 1.61133213526e-15
-2.61863409756 , 2.18655287384e-18
-2.61351314111 , 1.75612147293e-21
-2.60839218466 , 8.34773730899e-25
-2.60327122821 , 2.34856532757e-28
-2.59815027176 , 3.91071529372e-32
-2.5930293153 , 3.85720006842e-36
-2.58790835885 , 3.26845761784e-39
-2.5827874024 , 3.04786236197e-39
-2.57766644595 , 6.59399844243e-38
-2.5725454895 , 7.73511394416e-34
-2.56742453305 , 5.63031212182e-30
-2.5623035766 , 2.42560201098e-26
-2.55718262014 , 6.18480805084e-23
-2.55206166369 , 9.33367158175e-20
-2.54694070724 , 8.33678139959e-17
-2.54181975079 , 4.40721178497e-14
-2.53669879434 , 1.37895164045e-11
-2.53157783789 , 2.5536052313e-09
-2.52645688144 , 2.79884012396e-07
-2.52133592499 , 1.81560776564e-05
-2.51621496853 , 0.000697084747565
-2.51109401208 , 0.0158404945881
-2.50597305563 , 0.213045076945
-2.50085209918 , 1.69587515168
-2.49573114273 , 7.98979909702
-2.49061018628 , 22.279090099
-2.48548922983 , 36.7687316431
-2.48036827337 , 35.9152965218
-2.47524731692 , 20.7634670132
-2.47012636047 , 7.10460433564
-2.46500540402 , 1.43879706957
-2.45988444757 , 0.17246042475
-2.45476349112 , 0.0124422942567
-2.44964253467 , 0.00655290273997
-2.44452157822 , 0.103775472955
-2.43940062176 , 1.05516800939
-2.43427966531 , 6.35069836293
-2.42915870886 , 22.6225283872
-2.42403775241 , 47.6958580878
-2.41891679596 , 59.5175616545
-2.41379583951 , 43.9740112627
-2.40867488306 , 19.4646201354
-2.4035539266 , 7.03735502901
-2.39843297015 , 10.8439105458
-2.3933120137 , 29.1863658506
-2.38819105725 , 49.7711572884
-2.3830701008 , 50.3453697469
-2.37794914435 , 30.1433561679
-2.3728281879 , 10.6818040966
-2.36770723145 , 2.24035904646
-2.36258627499 , 0.278106171065
-2.35746531854 , 0.02043259891
-2.35234436209 , 0.000888498252299
-2.34722340564 , 2.28670178056e-05
-2.34210244919 , 3.48323252029e-07
-2.33698149274 , 3.14033071922e-09
-2.33186053629 , 1.67566922553e-11
-2.32673957983 , 5.29201644562e-14
-2.32161862338 , 9.8917711938e-17
-2.31649766693 , 1.09432652243e-19
-2.31137671048 , 7.16620122117e-23
-2.30625575403 , 2.13915867848e-23
-2.30113479758 , 3.32594678233e-20
-2.29601384113 , 3.06458204762e-17
-2.29089288468 , 1.67127049869e-14
-2.28577192822 , 5.39438299445e-12
-2.28065097177 , 1.03051980977e-09
-2.27553001532 , 1.16517309654e-07
-2.27040905887 , 7.79729721118e-06
-2.26528810242 , 0.000308828424227
-2.26016714597 , 0.00723952344553
-2.25504618952 , 0.100443590539
-2.24992523306 , 0.824810185919
-2.24480427661 , 4.00871645527
-2.23968332016 , 11.5312449753
-2.23456236371 , 19.6320926509
-2.22944140726 , 19.7822883517
-2.22432045081 , 11.7979350083
-2.21919949436 , 4.16442881968
-2.21407853791 , 0.870210745101
-2.20895758145 , 0.113311543677
-2.203836625 , 0.104222258025
-2.19871566855 , 0.958140291586
-2.1935947121 , 5.63532757566
-2.18847375565 , 19.6237511888
-2.1833527992 , 40.4450257118
-2.17823184275 , 49.3364437104
-2.17311088629 , 35.6200354013
-2.16798992984 , 15.228689331
-2.16286897339 , 3.95701720811
-2.15774801694 , 1.42333956225
-2.15262706049 , 3.99785618102
-2.14750610404 , 10.8858903079
-2.14238514759 , 17.7619155096
-2.13726419114 , 17.156865954
-2.13214323468 , 9.80861317788
-2.12702227823 , 3.31892035623
-2.12190132178 , 0.664669256295
-2.11678036533 , 0.0787832492531
-2.11165940888 , 0.00552690146728
-2.10653845243 , 0.000229482246327
-2.10141749598 , 5.63944024493e-06
-2.09629653952 , 8.20242829909e-08
-2.09117558307 , 7.06103595214e-10
-2.08605462662 , 3.59760882088e-12
-2.08093367017 , 1.0848732295e-14
-2.07581271372 , 1.93625959291e-17
-2.07069175727 , 2.0453503471e-20
-2.06557080082 , 1.2787668572e-23
-2.06044984437 , 4.73188924959e-27
-2.05532888791 , 1.03632818257e-30
-2.05020793146 , 1.34335076355e-34
-2.04508697501 , 1.33513779367e-38
-2.03996601856 , 3.0462797408e-39
-2.03484506211 , 3.0462797408e-39
-2.02972410566 , 3.0462797408e-39
-2.02460314921 , 3.0462797408e-39
-2.01948219275 , 3.0462797408e-39
-2.0143612363 , 3.0462797408e-39
-2.00924027985 , 3.0462797408e-39
-2.0041193234 , 3.0462797408e-39
-1.99899836695 , 3.0462797408e-39
-1.9938774105 , 3.0462797408e-39
-1.98875645405 , 3.0462797408e-39
-1.9836354976 , 3.0462797408e-39
-1.97851454114 , 3.0462797408e-39
-1.97339358469 , 3.0462797408e-39
-1.96827262824 , 3.0462797408e-39
-1.96315167179 , 3.0462797408e-39
-1.95803071534 , 3.05875227497e-39
-1.95290975889 , 2.46686379712e-37
-1.94778880244 , 2.67122266682e-33
-1.94266784598 , 1.73335990996e-29
-1.93754688953 , 6.6571360994e-26
-1.93242593308 , 1.51323250136e-22
-1.92730497663 , 2.0358389629e-19
-1.92218402018 , 1.62106608473e-16
-1.91706306373 , 7.63972197913e-14
-1.91194210728 , 2.1309532661e-11
-1.90682115083 , 3.51795137999e-09
-1.90170019437 , 3.43736204501e-07
-1.89657923792 , 1.98783465701e-05
-1.89145828147 , 0.00068038507057
-1.88633732502 , 0.0137831610114
-1.88121636857 , 0.165257972452
-1.87609541212 , 1.17272328208
-1.87097445567 , 4.92547604315
-1.86585349921 , 12.2439179731
-1.86073254276 , 18.0140825416
-1.85561158631 , 15.6864049366
-1.85049062986 , 8.08451985624
-1.84536967341 , 2.46606533673
-1.84024871696 , 0.445219791629
-1.83512776051 , 0.047573366155
-1.83000680406 , 0.00300865810368
-1.8248858476 , 0.000112616319954
-1.81976489115 , 2.4948782742e-06
-1.8146439347 , 3.27127404118e-08
-1.80952297825 , 2.53865701891e-10
