Ef: -4.97713122026
-12.0514358809 , 0.0
-12.0463149245 , 0.0
-12.041193968 , 0.0
-12.0360730116 , 0.0
-12.0309520551 , 0.0
-12.0258310987 , 0.0
-12.0207101422 , 0.0
-12.0155891858 , 0.0
-12.0104682293 , 0.0
-12.0053472729 , 0.0
-12.0002263164 , 0.0
-11.9951053599 , 0.0
-11.9899844035 , 0.0
-11.984863447 , 0.0
-11.9797424906 , 0.0
-11.9746215341 , 0.0
-11.9695005777 , 0.0
-11.9643796212 , 0.0
-11.9592586648 , 0.0
-11.9541377083 , 0.0
-11.9490167519 , 0.0
-11.9438957954 , 0.0
-11.938774839 , 0.0
-11.9336538825 , 0.0
-11.9285329261 , 0.0
-11.9234119696 , 0.0
-11.9182910132 , 0.0
-11.9131700567 , 0.0
-11.9080491003 , 0.0
-11.9029281438 , 0.0
-11.8978071874 , 0.0
-11.8926862309 , 0.0
-11.8875652745 , 0.0
-11.882444318 , 0.0
-11.8773233616 , 0.0
-11.8722024051 , 0.0
-11.8670814487 , 0.0
-11.8619604922 , 0.0
-11.8568395358 , 0.0
-11.8517185793 , 0.0
-11.8465976229 , 0.0
-11.8414766664 , 0.0
-11.83635571 , 0.0
-11.8312347535 , 0.0
-11.8261137971 , 0.0
-11.8209928406 , 0.0
-11.8158718842 , 0.0
-11.8107509277 , 0.0
-11.8056299712 , 0.0
-11.8005090148 , 0.0
-11.7953880583 , 0.0
-11.7902671019 , 0.0
-11.7851461454 , 0.0
-11.780025189 , 0.0
-11.7749042325 , 0.0
-11.7697832761 , 0.0
-11.7646623196 , 0.0
-11.7595413632 , 0.0
-11.7544204067 , 0.0
-11.7492994503 , 0.0
-11.7441784938 , 0.0
-11.7390575374 , 0.0
-11.7339365809 , 0.0
-11.7288156245 , 0.0
-11.723694668 , 0.0
-11.7185737116 , 0.0
-11.7134527551 , 0.0
-11.7083317987 , 0.0
-11.7032108422 , 0.0
-11.6980898858 , 0.0
-11.6929689293 , 0.0
-11.6878479729 , 0.0
-11.6827270164 , 0.0
-11.67760606 , 0.0
-11.6724851035 , 0.0
-11.6673641471 , 0.0
-11.6622431906 , 0.0
-11.6571222342 , 0.0
-11.6520012777 , 0.0
-11.6468803213 , 0.0
-11.6417593648 , 0.0
-11.6366384084 , 0.0
-11.6315174519 , 0.0
-11.6263964955 , 0.0
-11.621275539 , 0.0
-11.6161545826 , 0.0
-11.6110336261 , 0.0
-11.6059126696 , 0.0
-11.6007917132 , 0.0
-11.5956707567 , 0.0
-11.5905498003 , 0.0
-11.5854288438 , 0.0
-11.5803078874 , 0.0
-11.5751869309 , 0.0
-11.5700659745 , 0.0
-11.564945018 , 0.0
-11.5598240616 , 0.0
-11.5547031051 , 0.0
-11.5495821487 , 0.0
-11.5444611922 , 0.0
-11.5393402358 , 0.0
-11.5342192793 , 0.0
-11.5290983229 , 0.0
-11.5239773664 , 0.0
-11.51885641 , 0.0
-11.5137354535 , 0.0
-11.5086144971 , 0.0
-11.5034935406 , 0.0
-11.4983725842 , 0.0
-11.4932516277 , 0.0
-11.4881306713 , 0.0
-11.4830097148 , 0.0
-11.4778887584 , 0.0
-11.4727678019 , 0.0
-11.4676468455 , 0.0
-11.462525889 , 0.0
-11.4574049326 , 0.0
-11.4522839761 , 0.0
-11.4471630197 , 0.0
-11.4420420632 , 0.0
-11.4369211068 , 0.0
-11.4318001503 , 0.0
-11.4266791939 , 0.0
-11.4215582374 , 0.0
-11.4164372809 , 0.0
-11.4113163245 , 0.0
-11.406195368 , 0.0
-11.4010744116 , 0.0
-11.3959534551 , 0.0
-11.3908324987 , 0.0
-11.3857115422 , 0.0
-11.3805905858 , 0.0
-11.3754696293 , 0.0
-11.3703486729 , 0.0
-11.3652277164 , 0.0
-11.36010676 , 0.0
-11.3549858035 , 0.0
-11.3498648471 , 0.0
-11.3447438906 , 0.0
-11.3396229342 , 0.0
-11.3345019777 , 0.0
-11.3293810213 , 0.0
-11.3242600648 , 0.0
-11.3191391084 , 0.0
-11.3140181519 , 0.0
-11.3088971955 , 0.0
-11.303776239 , 0.0
-11.2986552826 , 0.0
-11.2935343261 , 0.0
-11.2884133697 , 0.0
-11.2832924132 , 0.0
-11.2781714568 , 0.0
-11.2730505003 , 0.0
-11.2679295439 , 0.0
-11.2628085874 , 0.0
-11.257687631 , 0.0
-11.2525666745 , 0.0
-11.2474457181 , 0.0
-11.2423247616 , 0.0
-11.2372038052 , 0.0
-11.2320828487 , 0.0
-11.2269618922 , 0.0
-11.2218409358 , 0.0
-11.2167199793 , 0.0
-11.2115990229 , 0.0
-11.2064780664 , 0.0
-11.20135711 , 0.0
-11.1962361535 , 0.0
-11.1911151971 , 0.0
-11.1859942406 , 0.0
-11.1808732842 , 0.0
-11.1757523277 , 0.0
-11.1706313713 , 0.0
-11.1655104148 , 0.0
-11.1603894584 , 0.0
-11.1552685019 , 0.0
-11.1501475455 , 0.0
-11.145026589 , 0.0
-11.1399056326 , 0.0
-11.1347846761 , 0.0
-11.1296637197 , 0.0
-11.1245427632 , 0.0
-11.1194218068 , 0.0
-11.1143008503 , 0.0
-11.1091798939 , 0.0
-11.1040589374 , 0.0
-11.098937981 , 0.0
-11.0938170245 , 0.0
-11.0886960681 , 0.0
-11.0835751116 , 0.0
-11.0784541552 , 0.0
-11.0733331987 , 0.0
-11.0682122423 , 0.0
-11.0630912858 , 0.0
-11.0579703294 , 0.0
-11.0528493729 , 0.0
-11.0477284165 , 0.0
-11.04260746 , 0.0
-11.0374865035 , 0.0
-11.0323655471 , 0.0
-11.0272445906 , 0.0
-11.0221236342 , 0.0
-11.0170026777 , 0.0
-11.0118817213 , 0.0
-11.0067607648 , 0.0
-11.0016398084 , 0.0
-10.9965188519 , 0.0
-10.9913978955 , 0.0
-10.986276939 , 0.0
-10.9811559826 , 0.0
-10.9760350261 , 0.0
-10.9709140697 , 0.0
-10.9657931132 , 0.0
-10.9606721568 , 0.0
-10.9555512003 , 0.0
-10.9504302439 , 0.0
-10.9453092874 , 0.0
-10.940188331 , 0.0
-10.9350673745 , 0.0
-10.9299464181 , 0.0
-10.9248254616 , 0.0
-10.9197045052 , 0.0
-10.9145835487 , 0.0
-10.9094625923 , 0.0
-10.9043416358 , 0.0
-10.8992206794 , 0.0
-10.8940997229 , 0.0
-10.8889787665 , 0.0
-10.88385781 , 0.0
-10.8787368536 , 0.0
-10.8736158971 , 0.0
-10.8684949407 , 0.0
-10.8633739842 , 0.0
-10.8582530278 , 0.0
-10.8531320713 , 0.0
-10.8480111149 , 0.0
-10.8428901584 , 0.0
-10.8377692019 , 0.0
-10.8326482455 , 0.0
-10.827527289 , 0.0
-10.8224063326 , 0.0
-10.8172853761 , 0.0
-10.8121644197 , 0.0
-10.8070434632 , 0.0
-10.8019225068 , 0.0
-10.7968015503 , 0.0
-10.7916805939 , 0.0
-10.7865596374 , 0.0
-10.781438681 , 0.0
-10.7763177245 , 0.0
-10.7711967681 , 0.0
-10.7660758116 , 0.0
-10.7609548552 , 0.0
-10.7558338987 , 0.0
-10.7507129423 , 0.0
-10.7455919858 , 0.0
-10.7404710294 , 0.0
-10.7353500729 , 0.0
-10.7302291165 , 0.0
-10.72510816 , 0.0
-10.7199872036 , 0.0
-10.7148662471 , 0.0
-10.7097452907 , 0.0
-10.7046243342 , 0.0
-10.6995033778 , 0.0
-10.6943824213 , 0.0
-10.6892614649 , 0.0
-10.6841405084 , 0.0
-10.679019552 , 0.0
-10.6738985955 , 0.0
-10.6687776391 , 0.0
-10.6636566826 , 0.0
-10.6585357262 , 0.0
-10.6534147697 , 0.0
-10.6482938132 , 0.0
-10.6431728568 , 0.0
-10.6380519003 , 0.0
-10.6329309439 , 0.0
-10.6278099874 , 0.0
-10.622689031 , 0.0
-10.6175680745 , 0.0
-10.6124471181 , 0.0
-10.6073261616 , 0.0
-10.6022052052 , 0.0
-10.5970842487 , 0.0
-10.5919632923 , 0.0
-10.5868423358 , 0.0
-10.5817213794 , 0.0
-10.5766004229 , 0.0
-10.5714794665 , 0.0
-10.56635851 , 0.0
-10.5612375536 , 0.0
-10.5561165971 , 0.0
-10.5509956407 , 0.0
-10.5458746842 , 0.0
-10.5407537278 , 0.0
-10.5356327713 , 0.0
-10.5305118149 , 0.0
-10.5253908584 , 0.0
-10.520269902 , 0.0
-10.5151489455 , 0.0
-10.5100279891 , 0.0
-10.5049070326 , 0.0
-10.4997860762 , 0.0
-10.4946651197 , 0.0
-10.4895441633 , 0.0
-10.4844232068 , 0.0
-10.4793022504 , 0.0
-10.4741812939 , 0.0
-10.4690603375 , 0.0
-10.463939381 , 0.0
-10.4588184245 , 0.0
-10.4536974681 , 0.0
-10.4485765116 , 0.0
-10.4434555552 , 0.0
-10.4383345987 , 0.0
-10.4332136423 , 0.0
-10.4280926858 , 0.0
-10.4229717294 , 0.0
-10.4178507729 , 0.0
-10.4127298165 , 0.0
-10.40760886 , 0.0
-10.4024879036 , 0.0
-10.3973669471 , 0.0
-10.3922459907 , 0.0
-10.3871250342 , 0.0
-10.3820040778 , 0.0
-10.3768831213 , 0.0
-10.3717621649 , 0.0
-10.3666412084 , 0.0
-10.361520252 , 0.0
-10.3563992955 , 0.0
-10.3512783391 , 0.0
-10.3461573826 , 0.0
-10.3410364262 , 0.0
-10.3359154697 , 0.0
-10.3307945133 , 0.0
-10.3256735568 , 0.0
-10.3205526004 , 0.0
-10.3154316439 , 0.0
-10.3103106875 , 0.0
-10.305189731 , 0.0
-10.3000687746 , 0.0
-10.2949478181 , 0.0
-10.2898268617 , 0.0
-10.2847059052 , 0.0
-10.2795849488 , 0.0
-10.2744639923 , 0.0
-10.2693430359 , 0.0
-10.2642220794 , 0.0
-10.2591011229 , 0.0
-10.2539801665 , 0.0
-10.24885921 , 0.0
-10.2437382536 , 0.0
-10.2386172971 , 0.0
-10.2334963407 , 0.0
-10.2283753842 , 0.0
-10.2232544278 , 0.0
-10.2181334713 , 0.0
-10.2130125149 , 0.0
-10.2078915584 , 0.0
-10.202770602 , 0.0
-10.1976496455 , 0.0
-10.1925286891 , 0.0
-10.1874077326 , 0.0
-10.1822867762 , 0.0
-10.1771658197 , 0.0
-10.1720448633 , 0.0
-10.1669239068 , 0.0
-10.1618029504 , 0.0
-10.1566819939 , 0.0
-10.1515610375 , 0.0
-10.146440081 , 0.0
-10.1413191246 , 0.0
-10.1361981681 , 0.0
-10.1310772117 , 0.0
-10.1259562552 , 0.0
-10.1208352988 , 0.0
-10.1157143423 , 0.0
-10.1105933859 , 0.0
-10.1054724294 , 0.0
-10.100351473 , 0.0
-10.0952305165 , 0.0
-10.0901095601 , 0.0
-10.0849886036 , 0.0
-10.0798676472 , 0.0
-10.0747466907 , 0.0
-10.0696257342 , 0.0
-10.0645047778 , 0.0
-10.0593838213 , 0.0
-10.0542628649 , 0.0
-10.0491419084 , 0.0
-10.044020952 , 0.0
-10.0388999955 , 0.0
-10.0337790391 , 0.0
-10.0286580826 , 0.0
-10.0235371262 , 0.0
-10.0184161697 , 0.0
-10.0132952133 , 0.0
-10.0081742568 , 0.0
-10.0030533004 , 0.0
-9.99793234393 , 0.0
-9.99281138748 , 0.0
-9.98769043103 , 0.0
-9.98256947458 , 0.0
-9.97744851812 , 0.0
-9.97232756167 , 0.0
-9.96720660522 , 0.0
-9.96208564877 , 0.0
-9.95696469232 , 0.0
-9.95184373587 , 0.0
-9.94672277942 , 0.0
-9.94160182296 , 0.0
-9.93648086651 , 0.0
-9.93135991006 , 0.0
-9.92623895361 , 0.0
-9.92111799716 , 0.0
-9.91599704071 , 0.0
-9.91087608426 , 0.0
-9.90575512781 , 0.0
-9.90063417135 , 0.0
-9.8955132149 , 0.0
-9.89039225845 , 0.0
-9.885271302 , 0.0
-9.88015034555 , 0.0
-9.8750293891 , 0.0
-9.86990843265 , 0.0
-9.86478747619 , 0.0
-9.85966651974 , 0.0
-9.85454556329 , 0.0
-9.84942460684 , 0.0
-9.84430365039 , 0.0
-9.83918269394 , 0.0
-9.83406173749 , 0.0
-9.82894078104 , 0.0
-9.82381982458 , 0.0
-9.81869886813 , 0.0
-9.81357791168 , 0.0
-9.80845695523 , 0.0
-9.80333599878 , 0.0
-9.79821504233 , 0.0
-9.79309408588 , 0.0
-9.78797312942 , 0.0
-9.78285217297 , 0.0
-9.77773121652 , 0.0
-9.77261026007 , 0.0
-9.76748930362 , 0.0
-9.76236834717 , 0.0
-9.75724739072 , 0.0
-9.75212643427 , 0.0
-9.74700547781 , 0.0
-9.74188452136 , 0.0
-9.73676356491 , 0.0
-9.73164260846 , 0.0
-9.72652165201 , 0.0
-9.72140069556 , 0.0
-9.71627973911 , 0.0
-9.71115878265 , 0.0
-9.7060378262 , 0.0
-9.70091686975 , 0.0
-9.6957959133 , 0.0
-9.69067495685 , 0.0
-9.6855540004 , 0.0
-9.68043304395 , 0.0
-9.6753120875 , 0.0
-9.67019113104 , 0.0
-9.66507017459 , 0.0
-9.65994921814 , 0.0
-9.65482826169 , 0.0
-9.64970730524 , 0.0
-9.64458634879 , 0.0
-9.63946539234 , 0.0
-9.63434443588 , 0.0
-9.62922347943 , 0.0
-9.62410252298 , 0.0
-9.61898156653 , 0.0
-9.61386061008 , 0.0
-9.60873965363 , 0.0
-9.60361869718 , 0.0
-9.59849774073 , 0.0
-9.59337678427 , 0.0
-9.58825582782 , 0.0
-9.58313487137 , 0.0
-9.57801391492 , 0.0
-9.57289295847 , 0.0
-9.56777200202 , 0.0
-9.56265104557 , 0.0
-9.55753008911 , 0.0
-9.55240913266 , 0.0
-9.54728817621 , 0.0
-9.54216721976 , 0.0
-9.53704626331 , 0.0
-9.53192530686 , 0.0
-9.52680435041 , 0.0
-9.52168339396 , 0.0
-9.5165624375 , 0.0
-9.51144148105 , 0.0
-9.5063205246 , 0.0
-9.50119956815 , 0.0
-9.4960786117 , 0.0
-9.49095765525 , 0.0
-9.4858366988 , 0.0
-9.48071574234 , 0.0
-9.47559478589 , 0.0
-9.47047382944 , 0.0
-9.46535287299 , 0.0
-9.46023191654 , 0.0
-9.45511096009 , 0.0
-9.44999000364 , 0.0
-9.44486904719 , 0.0
-9.43974809073 , 0.0
-9.43462713428 , 0.0
-9.42950617783 , 0.0
-9.42438522138 , 0.0
-9.41926426493 , 0.0
-9.41414330848 , 0.0
-9.40902235203 , 0.0
-9.40390139557 , 0.0
-9.39878043912 , 0.0
-9.39365948267 , 0.0
-9.38853852622 , 0.0
-9.38341756977 , 0.0
-9.37829661332 , 0.0
-9.37317565687 , 0.0
-9.36805470042 , 0.0
-9.36293374396 , 0.0
-9.35781278751 , 0.0
-9.35269183106 , 0.0
-9.34757087461 , 0.0
-9.34244991816 , 0.0
-9.33732896171 , 0.0
-9.33220800526 , 0.0
-9.32708704881 , 0.0
-9.32196609235 , 0.0
-9.3168451359 , 0.0
-9.31172417945 , 0.0
-9.306603223 , 0.0
-9.30148226655 , 0.0
-9.2963613101 , 0.0
-9.29124035365 , 0.0
-9.28611939719 , 0.0
-9.28099844074 , 0.0
-9.27587748429 , 0.0
-9.27075652784 , 0.0
-9.26563557139 , 0.0
-9.26051461494 , 0.0
-9.25539365849 , 0.0
-9.25027270204 , 0.0
-9.24515174558 , 0.0
-9.24003078913 , 0.0
-9.23490983268 , 0.0
-9.22978887623 , 0.0
-9.22466791978 , 0.0
-9.21954696333 , 0.0
-9.21442600688 , 0.0
-9.20930505042 , 0.0
-9.20418409397 , 0.0
-9.19906313752 , 0.0
-9.19394218107 , 0.0
-9.18882122462 , 0.0
-9.18370026817 , 0.0
-9.17857931172 , 0.0
-9.17345835527 , 0.0
-9.16833739881 , 0.0
-9.16321644236 , 0.0
-9.15809548591 , 0.0
-9.15297452946 , 0.0
-9.14785357301 , 0.0
-9.14273261656 , 0.0
-9.13761166011 , 0.0
-9.13249070365 , 0.0
-9.1273697472 , 0.0
-9.12224879075 , 0.0
-9.1171278343 , 0.0
-9.11200687785 , 0.0
-9.1068859214 , 0.0
-9.10176496495 , 0.0
-9.0966440085 , 0.0
-9.09152305204 , 0.0
-9.08640209559 , 0.0
-9.08128113914 , 0.0
-9.07616018269 , 0.0
-9.07103922624 , 0.0
-9.06591826979 , 0.0
-9.06079731334 , 0.0
-9.05567635688 , 0.0
-9.05055540043 , 0.0
-9.04543444398 , 0.0
-9.04031348753 , 0.0
-9.03519253108 , 0.0
-9.03007157463 , 0.0
-9.02495061818 , 0.0
-9.01982966173 , 0.0
-9.01470870527 , 0.0
-9.00958774882 , 0.0
-9.00446679237 , 0.0
-8.99934583592 , 0.0
-8.99422487947 , 0.0
-8.98910392302 , 0.0
-8.98398296657 , 0.0
-8.97886201011 , 0.0
-8.97374105366 , 0.0
-8.96862009721 , 0.0
-8.96349914076 , 0.0
-8.95837818431 , 0.0
-8.95325722786 , 0.0
-8.94813627141 , 0.0
-8.94301531496 , 0.0
-8.9378943585 , 0.0
-8.93277340205 , 0.0
-8.9276524456 , 0.0
-8.92253148915 , 0.0
-8.9174105327 , 0.0
-8.91228957625 , 0.0
-8.9071686198 , 0.0
-8.90204766334 , 0.0
-8.89692670689 , 0.0
-8.89180575044 , 0.0
-8.88668479399 , 0.0
-8.88156383754 , 0.0
-8.87644288109 , 0.0
-8.87132192464 , 0.0
-8.86620096819 , 0.0
-8.86108001173 , 0.0
-8.85595905528 , 0.0
-8.85083809883 , 0.0
-8.84571714238 , 0.0
-8.84059618593 , 0.0
-8.83547522948 , 0.0
-8.83035427303 , 0.0
-8.82523331657 , 0.0
-8.82011236012 , 0.0
-8.81499140367 , 0.0
-8.80987044722 , 0.0
-8.80474949077 , 0.0
-8.79962853432 , 0.0
-8.79450757787 , 0.0
-8.78938662142 , 0.0
-8.78426566496 , 0.0
-8.77914470851 , 0.0
-8.77402375206 , 0.0
-8.76890279561 , 0.0
-8.76378183916 , 0.0
-8.75866088271 , 0.0
-8.75353992626 , 0.0
-8.7484189698 , 0.0
-8.74329801335 , 0.0
-8.7381770569 , 0.0
-8.73305610045 , 0.0
-8.727935144 , 0.0
-8.72281418755 , 0.0
-8.7176932311 , 0.0
-8.71257227465 , 0.0
-8.70745131819 , 0.0
-8.70233036174 , 0.0
-8.69720940529 , 0.0
-8.69208844884 , 0.0
-8.68696749239 , 0.0
-8.68184653594 , 0.0
-8.67672557949 , 0.0
-8.67160462303 , 0.0
-8.66648366658 , 0.0
-8.66136271013 , 0.0
-8.65624175368 , 0.0
-8.65112079723 , 0.0
-8.64599984078 , 0.0
-8.64087888433 , 0.0
-8.63575792788 , 0.0
-8.63063697142 , 0.0
-8.62551601497 , 0.0
-8.62039505852 , 0.0
-8.61527410207 , 0.0
-8.61015314562 , 0.0
-8.60503218917 , 0.0
-8.59991123272 , 0.0
-8.59479027626 , 0.0
-8.58966931981 , 0.0
-8.58454836336 , 0.0
-8.57942740691 , 0.0
-8.57430645046 , 0.0
-8.56918549401 , 0.0
-8.56406453756 , 0.0
-8.55894358111 , 0.0
-8.55382262465 , 0.0
-8.5487016682 , 0.0
-8.54358071175 , 0.0
-8.5384597553 , 0.0
-8.53333879885 , 0.0
-8.5282178424 , 0.0
-8.52309688595 , 0.0
-8.51797592949 , 0.0
-8.51285497304 , 0.0
-8.50773401659 , 0.0
-8.50261306014 , 0.0
-8.49749210369 , 0.0
-8.49237114724 , 0.0
-8.48725019079 , 0.0
-8.48212923434 , 0.0
-8.47700827788 , 0.0
-8.47188732143 , 0.0
-8.46676636498 , 0.0
-8.46164540853 , 0.0
-8.45652445208 , 0.0
-8.45140349563 , 0.0
-8.44628253918 , 0.0
-8.44116158272 , 0.0
-8.43604062627 , 0.0
-8.43091966982 , 0.0
-8.42579871337 , 0.0
-8.42067775692 , 0.0
-8.41555680047 , 0.0
-8.41043584402 , 0.0
-8.40531488757 , 0.0
-8.40019393111 , 0.0
-8.39507297466 , 0.0
-8.38995201821 , 0.0
-8.38483106176 , 0.0
-8.37971010531 , 0.0
-8.37458914886 , 0.0
-8.36946819241 , 0.0
-8.36434723595 , 0.0
-8.3592262795 , 0.0
-8.35410532305 , 0.0
-8.3489843666 , 0.0
-8.34386341015 , 0.0
-8.3387424537 , 0.0
-8.33362149725 , 0.0
-8.3285005408 , 0.0
-8.32337958434 , 0.0
-8.31825862789 , 0.0
-8.31313767144 , 0.0
-8.30801671499 , 0.0
-8.30289575854 , 0.0
-8.29777480209 , 0.0
-8.29265384564 , 0.0
-8.28753288918 , 0.0
-8.28241193273 , 0.0
-8.27729097628 , 0.0
-8.27217001983 , 0.0
-8.26704906338 , 0.0
-8.26192810693 , 0.0
-8.25680715048 , 0.0
-8.25168619403 , 0.0
-8.24656523757 , 0.0
-8.24144428112 , 0.0
-8.23632332467 , 0.0
-8.23120236822 , 0.0
-8.22608141177 , 0.0
-8.22096045532 , 0.0
-8.21583949887 , 0.0
-8.21071854241 , 0.0
-8.20559758596 , 0.0
-8.20047662951 , 0.0
-8.19535567306 , 0.0
-8.19023471661 , 0.0
-8.18511376016 , 0.0
-8.17999280371 , 0.0
-8.17487184726 , 0.0
-8.1697508908 , 0.0
-8.16462993435 , 0.0
-8.1595089779 , 0.0
-8.15438802145 , 0.0
-8.149267065 , 0.0
-8.14414610855 , 0.0
-8.1390251521 , 0.0
-8.13390419564 , 0.0
-8.12878323919 , 0.0
-8.12366228274 , 0.0
-8.11854132629 , 0.0
-8.11342036984 , 0.0
-8.10829941339 , 0.0
-8.10317845694 , 0.0
-8.09805750049 , 0.0
-8.09293654403 , 0.0
-8.08781558758 , 0.0
-8.08269463113 , 0.0
-8.07757367468 , 0.0
-8.07245271823 , 0.0
-8.06733176178 , 0.0
-8.06221080533 , 0.0
-8.05708984887 , 0.0
-8.05196889242 , 0.0
-8.04684793597 , 0.0
-8.04172697952 , 0.0
-8.03660602307 , 0.0
-8.03148506662 , 0.0
-8.02636411017 , 0.0
-8.02124315372 , 0.0
-8.01612219726 , 0.0
-8.01100124081 , 0.0
-8.00588028436 , 0.0
-8.00075932791 , 0.0
-7.99563837146 , 0.0
-7.99051741501 , 0.0
-7.98539645856 , 0.0
-7.9802755021 , 0.0
-7.97515454565 , 0.0
-7.9700335892 , 0.0
-7.96491263275 , 0.0
-7.9597916763 , 0.0
-7.95467071985 , 0.0
-7.9495497634 , 0.0
-7.94442880695 , 0.0
-7.93930785049 , 0.0
-7.93418689404 , 0.0
-7.92906593759 , 0.0
-7.92394498114 , 0.0
-7.91882402469 , 0.0
-7.91370306824 , 0.0
-7.90858211179 , 0.0
-7.90346115533 , 0.0
-7.89834019888 , 0.0
-7.89321924243 , 0.0
-7.88809828598 , 0.0
-7.88297732953 , 0.0
-7.87785637308 , 0.0
-7.87273541663 , 0.0
-7.86761446018 , 0.0
-7.86249350372 , 0.0
-7.85737254727 , 0.0
-7.85225159082 , 0.0
-7.84713063437 , 0.0
-7.84200967792 , 0.0
-7.83688872147 , 0.0
-7.83176776502 , 0.0
-7.82664680856 , 0.0
-7.82152585211 , 0.0
-7.81640489566 , 0.0
-7.81128393921 , 0.0
-7.80616298276 , 0.0
-7.80104202631 , 0.0
-7.79592106986 , 0.0
-7.79080011341 , 0.0
-7.78567915695 , 0.0
-7.7805582005 , 0.0
-7.77543724405 , 0.0
-7.7703162876 , 0.0
-7.76519533115 , 0.0
-7.7600743747 , 0.0
-7.75495341825 , 0.0
-7.74983246179 , 0.0
-7.74471150534 , 0.0
-7.73959054889 , 0.0
-7.73446959244 , 0.0
-7.72934863599 , 0.0
-7.72422767954 , 0.0
-7.71910672309 , 0.0
-7.71398576664 , 0.0
-7.70886481018 , 0.0
-7.70374385373 , 0.0
-7.69862289728 , 0.0
-7.69350194083 , 0.0
-7.68838098438 , 0.0
-7.68326002793 , 0.0
-7.67813907148 , 0.0
-7.67301811502 , 0.0
-7.66789715857 , 0.0
-7.66277620212 , 0.0
-7.65765524567 , 0.0
-7.65253428922 , 0.0
-7.64741333277 , 0.0
-7.64229237632 , 0.0
-7.63717141987 , 0.0
-7.63205046341 , 0.0
-7.62692950696 , 0.0
-7.62180855051 , 0.0
-7.61668759406 , 0.0
-7.61156663761 , 0.0
-7.60644568116 , 0.0
-7.60132472471 , 0.0
-7.59620376825 , 0.0
-7.5910828118 , 0.0
-7.58596185535 , 0.0
-7.5808408989 , 0.0
-7.57571994245 , 0.0
-7.570598986 , 0.0
-7.56547802955 , 0.0
-7.5603570731 , 0.0
-7.55523611664 , 0.0
-7.55011516019 , 0.0
-7.54499420374 , 0.0
-7.53987324729 , 0.0
-7.53475229084 , 0.0
-7.52963133439 , 0.0
-7.52451037794 , 0.0
-7.51938942148 , 0.0
-7.51426846503 , 0.0
-7.50914750858 , 0.0
-7.50402655213 , 0.0
-7.49890559568 , 0.0
-7.49378463923 , 0.0
-7.48866368278 , 0.0
-7.48354272633 , 0.0
-7.47842176987 , 0.0
-7.47330081342 , 0.0
-7.46817985697 , 0.0
-7.46305890052 , 0.0
-7.45793794407 , 0.0
-7.45281698762 , 0.0
-7.44769603117 , 0.0
-7.44257507471 , 0.0
-7.43745411826 , 0.0
-7.43233316181 , 0.0
-7.42721220536 , 0.0
-7.42209124891 , 0.0
-7.41697029246 , 0.0
-7.41184933601 , 0.0
-7.40672837956 , 0.0
-7.4016074231 , 0.0
-7.39648646665 , 0.0
-7.3913655102 , 0.0
-7.38624455375 , 0.0
-7.3811235973 , 0.0
-7.37600264085 , 0.0
-7.3708816844 , 0.0
-7.36576072794 , 0.0
-7.36063977149 , 0.0
-7.35551881504 , 0.0
-7.35039785859 , 0.0
-7.34527690214 , 0.0
-7.34015594569 , 0.0
-7.33503498924 , 0.0
-7.32991403279 , 0.0
-7.32479307633 , 0.0
-7.31967211988 , 0.0
-7.31455116343 , 0.0
-7.30943020698 , 0.0
-7.30430925053 , 0.0
-7.29918829408 , 0.0
-7.29406733763 , 0.0
-7.28894638118 , 0.0
-7.28382542472 , 0.0
-7.27870446827 , 0.0
-7.27358351182 , 0.0
-7.26846255537 , 0.0
-7.26334159892 , 0.0
-7.25822064247 , 0.0
-7.25309968602 , 0.0
-7.24797872956 , 0.0
-7.24285777311 , 0.0
-7.23773681666 , 0.0
-7.23261586021 , 0.0
-7.22749490376 , 0.0
-7.22237394731 , 0.0
-7.21725299086 , 0.0
-7.21213203441 , 0.0
-7.20701107795 , 0.0
-7.2018901215 , 0.0
-7.19676916505 , 0.0
-7.1916482086 , 0.0
-7.18652725215 , 0.0
-7.1814062957 , 0.0
-7.17628533925 , 0.0
-7.17116438279 , 0.0
-7.16604342634 , 0.0
-7.16092246989 , 0.0
-7.15580151344 , 0.0
-7.15068055699 , 0.0
-7.14555960054 , 0.0
-7.14043864409 , 0.0
-7.13531768764 , 0.0
-7.13019673118 , 0.0
-7.12507577473 , 0.0
-7.11995481828 , 0.0
-7.11483386183 , 0.0
-7.10971290538 , 0.0
-7.10459194893 , 0.0
-7.09947099248 , 0.0
-7.09435003602 , 0.0
-7.08922907957 , 0.0
-7.08410812312 , 0.0
-7.07898716667 , 0.0
-7.07386621022 , 0.0
-7.06874525377 , 0.0
-7.06362429732 , 0.0
-7.05850334087 , 0.0
-7.05338238441 , 0.0
-7.04826142796 , 0.0
-7.04314047151 , 0.0
-7.03801951506 , 0.0
-7.03289855861 , 0.0
-7.02777760216 , 0.0
-7.02265664571 , 0.0
-7.01753568925 , 0.0
-7.0124147328 , 0.0
-7.00729377635 , 0.0
-7.0021728199 , 0.0
-6.99705186345 , 0.0
-6.991930907 , 0.0
-6.98680995055 , 0.0
-6.9816889941 , 0.0
-6.97656803764 , 0.0
-6.97144708119 , 0.0
-6.96632612474 , 0.0
-6.96120516829 , 0.0
-6.95608421184 , 0.0
-6.95096325539 , 0.0
-6.94584229894 , 0.0
-6.94072134248 , 0.0
-6.93560038603 , 0.0
-6.93047942958 , 0.0
-6.92535847313 , 0.0
-6.92023751668 , 0.0
-6.91511656023 , 0.0
-6.90999560378 , 0.0
-6.90487464733 , 0.0
-6.89975369087 , 0.0
-6.89463273442 , 0.0
-6.88951177797 , 0.0
-6.88439082152 , 0.0
-6.87926986507 , 0.0
-6.87414890862 , 0.0
-6.86902795217 , 0.0
-6.86390699571 , 0.0
-6.85878603926 , 0.0
-6.85366508281 , 0.0
-6.84854412636 , 0.0
-6.84342316991 , 0.0
-6.83830221346 , 0.0
-6.83318125701 , 0.0
-6.82806030056 , 0.0
-6.8229393441 , 0.0
-6.81781838765 , 0.0
-6.8126974312 , 0.0
-6.80757647475 , 0.0
-6.8024555183 , 0.0
-6.79733456185 , 0.0
-6.7922136054 , 0.0
-6.78709264894 , 0.0
-6.78197169249 , 0.0
-6.77685073604 , 0.0
-6.77172977959 , 0.0
-6.76660882314 , 0.0
-6.76148786669 , 0.0
-6.75636691024 , 0.0
-6.75124595379 , 0.0
-6.74612499733 , 0.0
-6.74100404088 , 0.0
-6.73588308443 , 0.0
-6.73076212798 , 0.0
-6.72564117153 , 0.0
-6.72052021508 , 0.0
-6.71539925863 , 0.0
-6.71027830217 , 0.0
-6.70515734572 , 0.0
-6.70003638927 , 0.0
-6.69491543282 , 0.0
-6.68979447637 , 0.0
-6.68467351992 , 0.0
-6.67955256347 , 0.0
-6.67443160702 , 0.0
-6.66931065056 , 0.0
-6.66418969411 , 0.0
-6.65906873766 , 0.0
-6.65394778121 , 0.0
-6.64882682476 , 0.0
-6.64370586831 , 0.0
-6.63858491186 , 0.0
-6.6334639554 , 0.0
-6.62834299895 , 0.0
-6.6232220425 , 0.0
-6.61810108605 , 0.0
-6.6129801296 , 0.0
-6.60785917315 , 0.0
-6.6027382167 , 0.0
-6.59761726025 , 0.0
-6.59249630379 , 0.0
-6.58737534734 , 0.0
-6.58225439089 , 0.0
-6.57713343444 , 0.0
-6.57201247799 , 0.0
-6.56689152154 , 0.0
-6.56177056509 , 0.0
-6.55664960863 , 0.0
-6.55152865218 , 0.0
-6.54640769573 , 0.0
-6.54128673928 , 0.0
-6.53616578283 , 0.0
-6.53104482638 , 0.0
-6.52592386993 , 0.0
-6.52080291348 , 0.0
-6.51568195702 , 0.0
-6.51056100057 , 0.0
-6.50544004412 , 0.0
-6.50031908767 , 0.0
-6.49519813122 , 0.0
-6.49007717477 , 0.0
-6.48495621832 , 0.0
-6.47983526186 , 0.0
-6.47471430541 , 0.0
-6.46959334896 , 0.0
-6.46447239251 , 0.0
-6.45935143606 , 0.0
-6.45423047961 , 0.0
-6.44910952316 , 0.0
-6.44398856671 , 0.0
-6.43886761025 , 0.0
-6.4337466538 , 0.0
-6.42862569735 , 0.0
-6.4235047409 , 0.0
-6.41838378445 , 0.0
-6.413262828 , 0.0
-6.40814187155 , 0.0
-6.40302091509 , 0.0
-6.39789995864 , 0.0
-6.39277900219 , 0.0
-6.38765804574 , 0.0
-6.38253708929 , 0.0
-6.37741613284 , 0.0
-6.37229517639 , 0.0
-6.36717421994 , 0.0
-6.36205326348 , 0.0
-6.35693230703 , 0.0
-6.35181135058 , 0.0
-6.34669039413 , 0.0
-6.34156943768 , 0.0
-6.33644848123 , 0.0
-6.33132752478 , 0.0
-6.32620656832 , 0.0
-6.32108561187 , 0.0
-6.31596465542 , 0.0
-6.31084369897 , 0.0
-6.30572274252 , 0.0
-6.30060178607 , 0.0
-6.29548082962 , 0.0
-6.29035987317 , 0.0
-6.28523891671 , 0.0
-6.28011796026 , 0.0
-6.27499700381 , 0.0
-6.26987604736 , 0.0
-6.26475509091 , 0.0
-6.25963413446 , 0.0
-6.25451317801 , 0.0
-6.24939222155 , 0.0
-6.2442712651 , 0.0
-6.23915030865 , 0.0
-6.2340293522 , 0.0
-6.22890839575 , 0.0
-6.2237874393 , 0.0
-6.21866648285 , 0.0
-6.2135455264 , 0.0
-6.20842456994 , 0.0
-6.20330361349 , 0.0
-6.19818265704 , 0.0
-6.19306170059 , 0.0
-6.18794074414 , 0.0
-6.18281978769 , 0.0
-6.17769883124 , 0.0
-6.17257787478 , 0.0
-6.16745691833 , 0.0
-6.16233596188 , 0.0
-6.15721500543 , 0.0
-6.15209404898 , 0.0
-6.14697309253 , 0.0
-6.14185213608 , 0.0
-6.13673117963 , 0.0
-6.13161022317 , 0.0
-6.12648926672 , 0.0
-6.12136831027 , 0.0
-6.11624735382 , 0.0
-6.11112639737 , 0.0
-6.10600544092 , 0.0
-6.10088448447 , 0.0
-6.09576352801 , 0.0
-6.09064257156 , 0.0
-6.08552161511 , 0.0
-6.08040065866 , 0.0
-6.07527970221 , 0.0
-6.07015874576 , 0.0
-6.06503778931 , 0.0
-6.05991683286 , 0.0
-6.0547958764 , 0.0
-6.04967491995 , 0.0
-6.0445539635 , 0.0
-6.03943300705 , 0.0
-6.0343120506 , 0.0
-6.02919109415 , 0.0
-6.0240701377 , 0.0
-6.01894918124 , 0.0
-6.01382822479 , 0.0
-6.00870726834 , 0.0
-6.00358631189 , 0.0
-5.99846535544 , 0.0
-5.99334439899 , 0.0
-5.98822344254 , 0.0
-5.98310248609 , 0.0
-5.97798152963 , 0.0
-5.97286057318 , 0.0
-5.96773961673 , 0.0
-5.96261866028 , 0.0
-5.95749770383 , 0.0
-5.95237674738 , 0.0
-5.94725579093 , 0.0
-5.94213483447 , 0.0
-5.93701387802 , 0.0
-5.93189292157 , 0.0
-5.92677196512 , 0.0
-5.92165100867 , 0.0
-5.91653005222 , 0.0
-5.91140909577 , 0.0
-5.90628813932 , 0.0
-5.90116718286 , 0.0
-5.89604622641 , 0.0
-5.89092526996 , 0.0
-5.88580431351 , 0.0
-5.88068335706 , 0.0
-5.87556240061 , 0.0
-5.87044144416 , 0.0
-5.8653204877 , 0.0
-5.86019953125 , 0.0
-5.8550785748 , 0.0
-5.84995761835 , 0.0
-5.8448366619 , 0.0
-5.83971570545 , 0.0
-5.834594749 , 0.0
-5.82947379255 , 0.0
-5.82435283609 , 0.0
-5.81923187964 , 0.0
-5.81411092319 , 0.0
-5.80898996674 , 0.0
-5.80386901029 , 0.0
-5.79874805384 , 0.0
-5.79362709739 , 0.0
-5.78850614093 , 0.0
-5.78338518448 , 0.0
-5.77826422803 , 0.0
-5.77314327158 , 0.0
-5.76802231513 , 0.0
-5.76290135868 , 0.0
-5.75778040223 , 0.0
-5.75265944578 , 0.0
-5.74753848932 , 0.0
-5.74241753287 , 0.0
-5.73729657642 , 0.0
-5.73217561997 , 0.0
-5.72705466352 , 0.0
-5.72193370707 , 0.0
-5.71681275062 , 0.0
-5.71169179416 , 0.0
-5.70657083771 , 0.0
-5.70144988126 , 0.0
-5.69632892481 , 0.0
-5.69120796836 , 0.0
-5.68608701191 , 0.0
-5.68096605546 , 0.0
-5.67584509901 , 0.0
-5.67072414255 , 0.0
-5.6656031861 , 0.0
-5.66048222965 , 0.0
-5.6553612732 , 0.0
-5.65024031675 , 0.0
-5.6451193603 , 0.0
-5.63999840385 , 0.0
-5.63487744739 , 0.0
-5.62975649094 , 0.0
-5.62463553449 , 0.0
-5.61951457804 , 0.0
-5.61439362159 , 0.0
-5.60927266514 , 0.0
-5.60415170869 , 0.0
-5.59903075224 , 0.0
-5.59390979578 , 0.0
-5.58878883933 , 0.0
-5.58366788288 , 0.0
-5.57854692643 , 0.0
-5.57342596998 , 0.0
-5.56830501353 , 0.0
-5.56318405708 , 0.0
-5.55806310062 , 0.0
-5.55294214417 , 0.0
-5.54782118772 , 0.0
-5.54270023127 , 0.0
-5.53757927482 , 0.0
-5.53245831837 , 0.0
-5.52733736192 , 0.0
-5.52221640547 , 0.0
-5.51709544901 , 0.0
-5.51197449256 , 0.0
-5.50685353611 , 0.0
-5.50173257966 , 0.0
-5.49661162321 , 0.0
-5.49149066676 , 0.0
-5.48636971031 , 0.0
-5.48124875385 , 0.0
-5.4761277974 , 0.0
-5.47100684095 , 0.0
-5.4658858845 , 0.0
-5.46076492805 , 0.0
-5.4556439716 , 0.0
-5.45052301515 , 0.0
-5.4454020587 , 0.0
-5.44028110224 , 0.0
-5.43516014579 , 0.0
-5.43003918934 , 0.0
-5.42491823289 , 0.0
-5.41979727644 , 0.0
-5.41467631999 , 0.0
-5.40955536354 , 0.0
-5.40443440708 , 0.0
-5.39931345063 , 0.0
-5.39419249418 , 0.0
-5.38907153773 , 0.0
-5.38395058128 , 0.0
-5.37882962483 , 0.0
-5.37370866838 , 0.0
-5.36858771193 , 0.0
-5.36346675547 , 0.0
-5.35834579902 , 0.0
-5.35322484257 , 0.0
-5.34810388612 , 0.0
-5.34298292967 , 0.0
-5.33786197322 , 0.0
-5.33274101677 , 0.0
-5.32762006031 , 0.0
-5.32249910386 , 0.0
-5.31737814741 , 0.0
-5.31225719096 , 0.0
-5.30713623451 , 0.0
-5.30201527806 , 0.0
-5.29689432161 , 0.0
-5.29177336516 , 0.0
-5.2866524087 , 0.0
-5.28153145225 , 0.0
-5.2764104958 , 0.0
-5.27128953935 , 0.0
-5.2661685829 , 0.0
-5.26104762645 , 0.0
-5.25592667 , 0.0
-5.25080571355 , 0.0
-5.24568475709 , 0.0
-5.24056380064 , 0.0
-5.23544284419 , 0.0
-5.23032188774 , 0.0
-5.22520093129 , 0.0
-5.22007997484 , 0.0
-5.21495901839 , 0.0
-5.20983806193 , 0.0
-5.20471710548 , 0.0
-5.19959614903 , 0.0
-5.19447519258 , 0.0
-5.18935423613 , 0.0
-5.18423327968 , 0.0
-5.17911232323 , 0.0
-5.17399136678 , 0.0
-5.16887041032 , 0.0
-5.16374945387 , 0.0
-5.15862849742 , 0.0
-5.15350754097 , 0.0
-5.14838658452 , 0.0
-5.14326562807 , 0.0
-5.13814467162 , 0.0
-5.13302371516 , 0.0
-5.12790275871 , 0.0
-5.12278180226 , 0.0
-5.11766084581 , 0.0
-5.11253988936 , 0.0
-5.10741893291 , 0.0
-5.10229797646 , 0.0
-5.09717702001 , 0.0
-5.09205606355 , 0.0
-5.0869351071 , 0.0
-5.08181415065 , 0.0
-5.0766931942 , 0.0
-5.07157223775 , 0.0
-5.0664512813 , 0.0
-5.06133032485 , 0.0
-5.05620936839 , 0.0
-5.05108841194 , 0.0
-5.04596745549 , 0.0
-5.04084649904 , 0.0
-5.03572554259 , 0.0
-5.03060458614 , 0.0
-5.02548362969 , 0.0
-5.02036267324 , 0.0
-5.01524171678 , 0.0
-5.01012076033 , 0.0
-5.00499980388 , 0.0
-4.99987884743 , 0.0
-4.99475789098 , 0.0
-4.98963693453 , 0.0
-4.98451597808 , 0.0
-4.97939502162 , 0.0
-4.97427406517 , 0.0
-4.96915310872 , 0.0
-4.96403215227 , 0.0
-4.95891119582 , 0.0
-4.95379023937 , 0.0
-4.94866928292 , 0.0
-4.94354832647 , 0.0
-4.93842737001 , 0.0
-4.93330641356 , 0.0
-4.92818545711 , 0.0
-4.92306450066 , 0.0
-4.91794354421 , 0.0
-4.91282258776 , 0.0
-4.90770163131 , 0.0
-4.90258067485 , 0.0
-4.8974597184 , 0.0
-4.89233876195 , 0.0
-4.8872178055 , 0.0
-4.88209684905 , 0.0
-4.8769758926 , 0.0
-4.87185493615 , 0.0
-4.8667339797 , 0.0
-4.86161302324 , 0.0
-4.85649206679 , 0.0
-4.85137111034 , 0.0
-4.84625015389 , 0.0
-4.84112919744 , 0.0
-4.83600824099 , 0.0
-4.83088728454 , 0.0
-4.82576632808 , 0.0
-4.82064537163 , 0.0
-4.81552441518 , 0.0
-4.81040345873 , 0.0
-4.80528250228 , 0.0
-4.80016154583 , 0.0
-4.79504058938 , 0.0
-4.78991963293 , 0.0
-4.78479867647 , 0.0
-4.77967772002 , 0.0
-4.77455676357 , 0.0
-4.76943580712 , 0.0
-4.76431485067 , 0.0
-4.75919389422 , 0.0
-4.75407293777 , 0.0
-4.74895198131 , 0.0
-4.74383102486 , 0.0
-4.73871006841 , 0.0
-4.73358911196 , 0.0
-4.72846815551 , 0.0
-4.72334719906 , 0.0
-4.71822624261 , 0.0
-4.71310528616 , 0.0
-4.7079843297 , 0.0
-4.70286337325 , 0.0
-4.6977424168 , 0.0
-4.69262146035 , 0.0
-4.6875005039 , 0.0
-4.68237954745 , 0.0
-4.677258591 , 0.0
-4.67213763454 , 0.0
-4.66701667809 , 0.0
-4.66189572164 , 0.0
-4.65677476519 , 0.0
-4.65165380874 , 0.0
-4.64653285229 , 0.0
-4.64141189584 , 0.0
-4.63629093939 , 0.0
-4.63116998293 , 0.0
-4.62604902648 , 0.0
-4.62092807003 , 0.0
-4.61580711358 , 0.0
-4.61068615713 , 0.0
-4.60556520068 , 0.0
-4.60044424423 , 0.0
-4.59532328777 , 0.0
-4.59020233132 , 0.0
-4.58508137487 , 0.0
-4.57996041842 , 0.0
-4.57483946197 , 0.0
-4.56971850552 , 0.0
-4.56459754907 , 0.0
-4.55947659262 , 0.0
-4.55435563616 , 0.0
-4.54923467971 , 0.0
-4.54411372326 , 0.0
-4.53899276681 , 0.0
-4.53387181036 , 0.0
-4.52875085391 , 0.0
-4.52362989746 , 0.0
-4.518508941 , 0.0
-4.51338798455 , 0.0
-4.5082670281 , 0.0
-4.50314607165 , 0.0
-4.4980251152 , 0.0
-4.49290415875 , 0.0
-4.4877832023 , 0.0
-4.48266224585 , 0.0
-4.47754128939 , 0.0
-4.47242033294 , 0.0
-4.46729937649 , 0.0
-4.46217842004 , 0.0
-4.45705746359 , 0.0
-4.45193650714 , 0.0
-4.44681555069 , 0.0
-4.44169459423 , 0.0
-4.43657363778 , 0.0
-4.43145268133 , 0.0
-4.42633172488 , 0.0
-4.42121076843 , 0.0
-4.41608981198 , 0.0
-4.41096885553 , 0.0
-4.40584789908 , 0.0
-4.40072694262 , 0.0
-4.39560598617 , 0.0
-4.39048502972 , 0.0
-4.38536407327 , 0.0
-4.38024311682 , 0.0
-4.37512216037 , 0.0
-4.37000120392 , 0.0
-4.36488024746 , 0.0
-4.35975929101 , 0.0
-4.35463833456 , 0.0
-4.34951737811 , 0.0
-4.34439642166 , 0.0
-4.33927546521 , 0.0
-4.33415450876 , 0.0
-4.32903355231 , 0.0
-4.32391259585 , 0.0
-4.3187916394 , 0.0
-4.31367068295 , 0.0
-4.3085497265 , 0.0
-4.30342877005 , 0.0
-4.2983078136 , 0.0
-4.29318685715 , 0.0
-4.28806590069 , 0.0
-4.28294494424 , 0.0
-4.27782398779 , 0.0
-4.27270303134 , 0.0
-4.26758207489 , 0.0
-4.26246111844 , 0.0
-4.25734016199 , 0.0
-4.25221920554 , 0.0
-4.24709824908 , 0.0
-4.24197729263 , 0.0
-4.23685633618 , 0.0
-4.23173537973 , 0.0
-4.22661442328 , 0.0
-4.22149346683 , 0.0
-4.21637251038 , 0.0
-4.21125155392 , 0.0
-4.20613059747 , 0.0
-4.20100964102 , 0.0
-4.19588868457 , 0.0
-4.19076772812 , 0.0
-4.18564677167 , 0.0
-4.18052581522 , 0.0
-4.17540485877 , 0.0
-4.17028390231 , 0.0
-4.16516294586 , 0.0
-4.16004198941 , 0.0
-4.15492103296 , 0.0
-4.14980007651 , 0.0
-4.14467912006 , 0.0
-4.13955816361 , 0.0
-4.13443720715 , 0.0
-4.1293162507 , 0.0
-4.12419529425 , 0.0
-4.1190743378 , 0.0
-4.11395338135 , 0.0
-4.1088324249 , 0.0
-4.10371146845 , 0.0
-4.098590512 , 0.0
-4.09346955554 , 0.0
-4.08834859909 , 0.0
-4.08322764264 , 0.0
-4.07810668619 , 0.0
-4.07298572974 , 0.0
-4.06786477329 , 0.0
-4.06274381684 , 0.0
-4.05762286038 , 0.0
-4.05250190393 , 0.0
-4.04738094748 , 0.0
-4.04225999103 , 0.0
-4.03713903458 , 0.0
-4.03201807813 , 0.0
-4.02689712168 , 0.0
-4.02177616523 , 0.0
-4.01665520877 , 0.0
-4.01153425232 , 0.0
-4.00641329587 , 0.0
-4.00129233942 , 0.0
-3.99617138297 , 0.0
-3.99105042652 , 0.0
-3.98592947007 , 0.0
-3.98080851361 , 0.0
-3.97568755716 , 0.0
-3.97056660071 , 0.0
-3.96544564426 , 0.0
-3.96032468781 , 0.0
-3.95520373136 , 0.0
-3.95008277491 , 0.0
-3.94496181846 , 0.0
-3.939840862 , 0.0
-3.93471990555 , 0.0
-3.9295989491 , 0.0
-3.92447799265 , 0.0
-3.9193570362 , 0.0
-3.91423607975 , 0.0
-3.9091151233 , 0.0
-3.90399416684 , 0.0
-3.89887321039 , 0.0
-3.89375225394 , 0.0
-3.88863129749 , 0.0
-3.88351034104 , 0.0
-3.87838938459 , 0.0
-3.87326842814 , 0.0
-3.86814747169 , 0.0
-3.86302651523 , 0.0
-3.85790555878 , 0.0
-3.85278460233 , 0.0
-3.84766364588 , 0.0
-3.84254268943 , 0.0
-3.83742173298 , 0.0
-3.83230077653 , 0.0
-3.82717982007 , 0.0
-3.82205886362 , 0.0
-3.81693790717 , 0.0
-3.81181695072 , 0.0
-3.80669599427 , 0.0
-3.80157503782 , 0.0
-3.79645408137 , 0.0
-3.79133312492 , 0.0
-3.78621216846 , 0.0
-3.78109121201 , 0.0
-3.77597025556 , 0.0
-3.77084929911 , 0.0
-3.76572834266 , 0.0
-3.76060738621 , 0.0
-3.75548642976 , 0.0
-3.7503654733 , 0.0
-3.74524451685 , 0.0
-3.7401235604 , 0.0
-3.73500260395 , 0.0
-3.7298816475 , 0.0
-3.72476069105 , 0.0
-3.7196397346 , 0.0
-3.71451877815 , 0.0
-3.70939782169 , 0.0
-3.70427686524 , 0.0
-3.69915590879 , 0.0
-3.69403495234 , 0.0
-3.68891399589 , 0.0
-3.68379303944 , 0.0
-3.67867208299 , 0.0
-3.67355112653 , 0.0
-3.66843017008 , 0.0
-3.66330921363 , 0.0
-3.65818825718 , 0.0
-3.65306730073 , 0.0
-3.64794634428 , 0.0
-3.64282538783 , 0.0
-3.63770443138 , 0.0
-3.63258347492 , 0.0
-3.62746251847 , 0.0
-3.62234156202 , 0.0
-3.61722060557 , 0.0
-3.61209964912 , 0.0
-3.60697869267 , 0.0
-3.60185773622 , 0.0
-3.59673677976 , 0.0
-3.59161582331 , 0.0
-3.58649486686 , 0.0
-3.58137391041 , 0.0
-3.57625295396 , 0.0
-3.57113199751 , 0.0
-3.56601104106 , 0.0
-3.56089008461 , 0.0
-3.55576912815 , 0.0
-3.5506481717 , 0.0
-3.54552721525 , 0.0
-3.5404062588 , 0.0
-3.53528530235 , 0.0
-3.5301643459 , 0.0
-3.52504338945 , 0.0
-3.51992243299 , 0.0
-3.51480147654 , 0.0
-3.50968052009 , 0.0
-3.50455956364 , 0.0
-3.49943860719 , 0.0
-3.49431765074 , 0.0
-3.48919669429 , 0.0
-3.48407573784 , 0.0
-3.47895478138 , 0.0
-3.47383382493 , 0.0
-3.46871286848 , 0.0
-3.46359191203 , 0.0
-3.45847095558 , 0.0
-3.45334999913 , 0.0
-3.44822904268 , 0.0
-3.44310808622 , 0.0
-3.43798712977 , 0.0
-3.43286617332 , 0.0
-3.42774521687 , 0.0
-3.42262426042 , 0.0
-3.41750330397 , 0.0
-3.41238234752 , 0.0
-3.40726139107 , 0.0
-3.40214043461 , 0.0
-3.39701947816 , 0.0
-3.39189852171 , 0.0
-3.38677756526 , 0.0
-3.38165660881 , 0.0
-3.37653565236 , 0.0
-3.37141469591 , 0.0
-3.36629373945 , 0.0
-3.361172783 , 0.0
-3.35605182655 , 0.0
-3.3509308701 , 0.0
-3.34580991365 , 0.0
-3.3406889572 , 0.0
-3.33556800075 , 0.0
-3.3304470443 , 0.0
-3.32532608784 , 0.0
-3.32020513139 , 0.0
-3.31508417494 , 0.0
-3.30996321849 , 0.0
-3.30484226204 , 0.0
-3.29972130559 , 0.0
-3.29460034914 , 0.0
-3.28947939268 , 0.0
-3.28435843623 , 0.0
-3.27923747978 , 0.0
-3.27411652333 , 0.0
-3.26899556688 , 0.0
-3.26387461043 , 0.0
-3.25875365398 , 0.0
-3.25363269753 , 0.0
-3.24851174107 , 0.0
-3.24339078462 , 0.0
-3.23826982817 , 0.0
-3.23314887172 , 0.0
-3.22802791527 , 0.0
-3.22290695882 , 0.0
-3.21778600237 , 0.0
-3.21266504592 , 0.0
-3.20754408946 , 0.0
-3.20242313301 , 0.0
-3.19730217656 , 0.0
-3.19218122011 , 0.0
-3.18706026366 , 0.0
-3.18193930721 , 0.0
-3.17681835076 , 0.0
-3.1716973943 , 0.0
-3.16657643785 , 0.0
-3.1614554814 , 0.0
-3.15633452495 , 0.0
-3.1512135685 , 0.0
-3.14609261205 , 0.0
-3.1409716556 , 0.0
-3.13585069915 , 0.0
-3.13072974269 , 0.0
-3.12560878624 , 0.0
-3.12048782979 , 0.0
-3.11536687334 , 0.0
-3.11024591689 , 0.0
-3.10512496044 , 0.0
-3.10000400399 , 0.0
-3.09488304753 , 0.0
-3.08976209108 , 0.0
-3.08464113463 , 0.0
-3.07952017818 , 0.0
-3.07439922173 , 0.0
-3.06927826528 , 0.0
-3.06415730883 , 0.0
-3.05903635238 , 0.0
-3.05391539592 , 0.0
-3.04879443947 , 0.0
-3.04367348302 , 0.0
-3.03855252657 , 0.0
-3.03343157012 , 0.0
-3.02831061367 , 0.0
-3.02318965722 , 0.0
-3.01806870076 , 0.0
-3.01294774431 , 0.0
-3.00782678786 , 0.0
-3.00270583141 , 0.0
-2.99758487496 , 0.0
-2.99246391851 , 0.0
-2.98734296206 , 0.0
-2.98222200561 , 0.0
-2.97710104915 , 0.0
-2.9719800927 , 0.0
-2.96685913625 , 0.0
-2.9617381798 , 0.0
-2.95661722335 , 0.0
-2.9514962669 , 0.0
-2.94637531045 , 0.0
-2.94125435399 , 0.0
-2.93613339754 , 0.0
-2.93101244109 , 0.0
-2.92589148464 , 0.0
-2.92077052819 , 0.0
-2.91564957174 , 0.0
-2.91052861529 , 0.0
-2.90540765884 , 0.0
-2.90028670238 , 0.0
-2.89516574593 , 0.0
-2.89004478948 , 0.0
-2.88492383303 , 0.0
-2.87980287658 , 0.0
-2.87468192013 , 0.0
-2.86956096368 , 0.0
-2.86444000722 , 0.0
-2.85931905077 , 0.0
-2.85419809432 , 0.0
-2.84907713787 , 0.0
-2.84395618142 , 0.0
-2.83883522497 , 0.0
-2.83371426852 , 0.0
-2.82859331207 , 0.0
-2.82347235561 , 0.0
-2.81835139916 , 0.0
-2.81323044271 , 0.0
-2.80810948626 , 0.0
-2.80298852981 , 0.0
-2.79786757336 , 0.0
-2.79274661691 , 0.0
-2.78762566045 , 0.0
-2.782504704 , 0.0
-2.77738374755 , 0.0
-2.7722627911 , 0.0
-2.76714183465 , 0.0
-2.7620208782 , 0.0
-2.75689992175 , 0.0
-2.7517789653 , 0.0
-2.74665800884 , 0.0
-2.74153705239 , 0.0
-2.73641609594 , 0.0
-2.73129513949 , 0.0
-2.72617418304 , 0.0
-2.72105322659 , 0.0
-2.71593227014 , 0.0
-2.71081131368 , 0.0
-2.70569035723 , 0.0
-2.70056940078 , 0.0
-2.69544844433 , 0.0
-2.69032748788 , 0.0
-2.68520653143 , 0.0
-2.68008557498 , 0.0
-2.67496461853 , 0.0
-2.66984366207 , 0.0
-2.66472270562 , 0.0
-2.65960174917 , 0.0
-2.65448079272 , 0.0
-2.64935983627 , 0.0
-2.64423887982 , 0.0
-2.63911792337 , 0.0
-2.63399696691 , 0.0
-2.62887601046 , 0.0
-2.62375505401 , 0.0
-2.61863409756 , 0.0
-2.61351314111 , 0.0
-2.60839218466 , 0.0
-2.60327122821 , 0.0
-2.59815027176 , 0.0
-2.5930293153 , 0.0
-2.58790835885 , 0.0
-2.5827874024 , 0.0
-2.57766644595 , 0.0
-2.5725454895 , 0.0
-2.56742453305 , 0.0
-2.5623035766 , 0.0
-2.55718262014 , 0.0
-2.55206166369 , 0.0
-2.54694070724 , 0.0
-2.54181975079 , 0.0
-2.53669879434 , 0.0
-2.53157783789 , 0.0
-2.52645688144 , 0.0
-2.52133592499 , 0.0
-2.51621496853 , 0.0
-2.51109401208 , 0.0
-2.50597305563 , 0.0
-2.50085209918 , 0.0
-2.49573114273 , 0.0
-2.49061018628 , 0.0
-2.48548922983 , 0.0
-2.48036827337 , 0.0
-2.47524731692 , 0.0
-2.47012636047 , 0.0
-2.46500540402 , 0.0
-2.45988444757 , 0.0
-2.45476349112 , 0.0
-2.44964253467 , 0.0
-2.44452157822 , 0.0
-2.43940062176 , 0.0
-2.43427966531 , 0.0
-2.42915870886 , 0.0
-2.42403775241 , 0.0
-2.41891679596 , 0.0
-2.41379583951 , 0.0
-2.40867488306 , 0.0
-2.4035539266 , 0.0
-2.39843297015 , 0.0
-2.3933120137 , 0.0
-2.38819105725 , 0.0
-2.3830701008 , 0.0
-2.37794914435 , 0.0
-2.3728281879 , 0.0
-2.36770723145 , 0.0
-2.36258627499 , 0.0
-2.35746531854 , 0.0
-2.35234436209 , 0.0
-2.34722340564 , 0.0
-2.34210244919 , 0.0
-2.33698149274 , 0.0
-2.33186053629 , 0.0
-2.32673957983 , 0.0
-2.32161862338 , 0.0
-2.31649766693 , 0.0
-2.31137671048 , 0.0
-2.30625575403 , 0.0
-2.30113479758 , 0.0
-2.29601384113 , 0.0
-2.29089288468 , 0.0
-2.28577192822 , 0.0
-2.28065097177 , 0.0
-2.27553001532 , 0.0
-2.27040905887 , 0.0
-2.26528810242 , 0.0
-2.26016714597 , 0.0
-2.25504618952 , 0.0
-2.24992523306 , 0.0
-2.24480427661 , 0.0
-2.23968332016 , 0.0
-2.23456236371 , 0.0
-2.22944140726 , 0.0
-2.22432045081 , 0.0
-2.21919949436 , 0.0
-2.21407853791 , 0.0
-2.20895758145 , 0.0
-2.203836625 , 0.0
-2.19871566855 , 0.0
-2.1935947121 , 0.0
-2.18847375565 , 0.0
-2.1833527992 , 0.0
-2.17823184275 , 0.0
-2.17311088629 , 0.0
-2.16798992984 , 0.0
-2.16286897339 , 0.0
-2.15774801694 , 0.0
-2.15262706049 , 0.0
-2.14750610404 , 0.0
-2.14238514759 , 0.0
-2.13726419114 , 0.0
-2.13214323468 , 0.0
-2.12702227823 , 0.0
-2.12190132178 , 0.0
-2.11678036533 , 0.0
-2.11165940888 , 0.0
-2.10653845243 , 0.0
-2.10141749598 , 0.0
-2.09629653952 , 0.0
-2.09117558307 , 0.0
-2.08605462662 , 0.0
-2.08093367017 , 0.0
-2.07581271372 , 0.0
-2.07069175727 , 0.0
-2.06557080082 , 0.0
-2.06044984437 , 0.0
-2.05532888791 , 0.0
-2.05020793146 , 0.0
-2.04508697501 , 0.0
-2.03996601856 , 0.0
-2.03484506211 , 0.0
-2.02972410566 , 0.0
-2.02460314921 , 0.0
-2.01948219275 , 0.0
-2.0143612363 , 0.0
-2.00924027985 , 0.0
-2.0041193234 , 0.0
-1.99899836695 , 0.0
-1.9938774105 , 0.0
-1.98875645405 , 0.0
-1.9836354976 , 0.0
-1.97851454114 , 0.0
-1.97339358469 , 0.0
-1.96827262824 , 0.0
-1.96315167179 , 0.0
-1.95803071534 , 0.0
-1.95290975889 , 0.0
-1.94778880244 , 0.0
-1.94266784598 , 0.0
-1.93754688953 , 0.0
-1.93242593308 , 0.0
-1.92730497663 , 0.0
-1.92218402018 , 0.0
-1.91706306373 , 0.0
-1.91194210728 , 0.0
-1.90682115083 , 0.0
-1.90170019437 , 0.0
-1.89657923792 , 0.0
-1.89145828147 , 0.0
-1.88633732502 , 0.0
-1.88121636857 , 0.0
-1.87609541212 , 0.0
-1.87097445567 , 0.0
-1.86585349921 , 0.0
-1.86073254276 , 0.0
-1.85561158631 , 0.0
-1.85049062986 , 0.0
-1.84536967341 , 0.0
-1.84024871696 , 0.0
-1.83512776051 , 0.0
-1.83000680406 , 0.0
-1.8248858476 , 0.0
-1.81976489115 , 0.0
-1.8146439347 , 0.0
-1.80952297825 , 0.0
