Ef: -4.97713122026
-12.0514358809 , 8.72462997663e-10
-12.0463149245 , 1.12424228042e-07
-12.041193968 , 8.57417509219e-06
-12.0360730116 , 0.000387029722255
-12.0309520551 , 0.0103398877774
-12.0258310987 , 0.163495900925
-12.0207101422 , 1.53009166315
-12.0155891858 , 8.47515335901
-12.0104682293 , 27.7841566463
-12.0053472729 , 53.9096371493
-12.0002263164 , 61.9091918967
-11.9951053599 , 42.078805047
-11.9899844035 , 16.9274366782
-11.984863447 , 4.03031076073
-11.9797424906 , 0.567943857557
-11.9746215341 , 0.0473687382096
-11.9695005777 , 0.00233828671543
-11.9643796212 , 6.83161282048e-05
-11.9592586648 , 1.18132192396e-06
-11.9541377083 , 1.20901814769e-08
-11.9490167519 , 7.32347008901e-11
-11.9438957954 , 2.62555149813e-13
-11.938774839 , 5.57113530959e-16
-11.9336538825 , 6.99658973665e-19
-11.9285329261 , 5.20054246976e-22
-11.9234119696 , 2.28786514834e-25
-11.9182910132 , 5.9570567099e-29
-11.9131700567 , 9.18021144281e-33
-11.9080491003 , 8.394629425e-37
-11.9029281438 , 2.18524580788e-39
-11.8978071874 , 2.14238131508e-39
-11.8926862309 , 2.14238131508e-39
-11.8875652745 , 2.14238131508e-39
-11.882444318 , 2.14238131508e-39
-11.8773233616 , 2.14238131508e-39
-11.8722024051 , 2.14238131508e-39
-11.8670814487 , 2.14238131508e-39
-11.8619604922 , 2.14238131508e-39
-11.8568395358 , 2.14238131508e-39
-11.8517185793 , 1.66568644648e-38
-11.8465976229 , 2.10052046804e-34
-11.8414766664 , 1.79829145969e-30
-11.83635571 , 9.11210575006e-27
-11.8312347535 , 2.73274124948e-23
-11.8261137971 , 4.85064357879e-20
-11.8209928406 , 5.09590480821e-17
-11.8158718842 , 3.16857754252e-14
-11.8107509277 , 1.16608031281e-11
-11.8056299712 , 2.53988279702e-09
-11.8005090148 , 3.27431139764e-07
-11.7953880583 , 2.49831602008e-05
-11.7902671019 , 0.0011282253542
-11.7851461454 , 0.0301554231405
-11.780025189 , 0.477041418194
-11.7749042325 , 4.46650512609
-11.7697832761 , 24.7514516227
-11.7646623196 , 81.1810380841
-11.7595413632 , 157.590347913
-11.7544204067 , 181.06133401
-11.7492994503 , 123.124053415
-11.7441784938 , 49.5542811492
-11.7390575374 , 11.8043082835
-11.7339365809 , 1.66425929845
-11.7288156245 , 0.138874506028
-11.723694668 , 0.00685875276087
-11.7185737116 , 0.000200488217332
-11.7134527551 , 3.46859541421e-06
-11.7083317987 , 3.55172654876e-08
-11.7032108422 , 2.15251646403e-10
-11.6980898858 , 7.72101731241e-13
-11.6929689293 , 1.63916870579e-15
-11.6878479729 , 2.05965208198e-18
-11.6827270164 , 1.53174037157e-21
-11.67760606 , 6.74213641279e-25
-11.6724851035 , 1.75643059538e-28
-11.6673641471 , 2.70823014263e-32
-11.6622431906 , 2.47363861616e-36
-11.6571222342 , 2.26903997857e-39
-11.6520012777 , 2.14238131508e-39
-11.6468803213 , 2.14238131508e-39
-11.6417593648 , 2.14238131508e-39
-11.6366384084 , 2.14238131508e-39
-11.6315174519 , 2.14238131508e-39
-11.6263964955 , 2.14238131508e-39
-11.621275539 , 2.14238131508e-39
-11.6161545826 , 2.14238131508e-39
-11.6110336261 , 2.14238131508e-39
-11.6059126696 , 2.14238131508e-39
-11.6007917132 , 2.14238131508e-39
-11.5956707567 , 2.14238131508e-39
-11.5905498003 , 2.14238131508e-39
-11.5854288438 , 2.14238131508e-39
-11.5803078874 , 2.14238131508e-39
-11.5751869309 , 2.14238131508e-39
-11.5700659745 , 2.14238131508e-39
-11.564945018 , 2.14238131508e-39
-11.5598240616 , 2.14238131508e-39
-11.5547031051 , 2.14238131508e-39
-11.5495821487 , 2.14238131508e-39
-11.5444611922 , 3.99865116832e-39
-11.5393402358 , 2.98766247745e-35
-11.5342192793 , 2.83622795515e-31
-11.5290983229 , 1.59368387159e-27
-11.5239773664 , 5.30009459787e-24
-11.51885641 , 1.04324295479e-20
-11.5137354535 , 1.2153677147e-17
-11.5086144971 , 8.38012169893e-15
-11.5034935406 , 3.41989955547e-12
-11.4983725842 , 8.26031806974e-10
-11.4932516277 , 1.1808659079e-07
-11.4881306713 , 9.99136426049e-06
-11.4830097148 , 0.000500344804275
-11.4778887584 , 0.014829769111
-11.4727678019 , 0.260147572414
-11.4676468455 , 2.70100605963
-11.462525889 , 16.5978460421
-11.4574049326 , 60.3668198
-11.4522839761 , 129.946699823
-11.4471630197 , 165.558927018
-11.4420420632 , 124.841892278
-11.4369211068 , 55.7170960753
-11.4318001503 , 14.717599962
-11.4266791939 , 2.30094323824
-11.4215582374 , 0.212909581347
-11.4164372809 , 0.0116601703716
-11.4113163245 , 0.000377950544479
-11.406195368 , 7.25079193854e-06
-11.4010744116 , 8.23296557502e-08
-11.3959534551 , 5.53283276826e-10
-11.3908324987 , 2.20069154847e-12
-11.3857115422 , 5.18073281101e-15
-11.3805905858 , 7.21844415277e-18
-11.3754696293 , 5.95273286265e-21
-11.3703486729 , 2.90542435143e-24
-11.3652277164 , 8.39311428604e-28
-11.36010676 , 1.43501715625e-31
-11.3549858035 , 1.4523634305e-35
-11.3498648471 , 3.00595341416e-39
-11.3447438906 , 2.14238131508e-39
-11.3396229342 , 2.14238131508e-39
-11.3345019777 , 2.14238131508e-39
-11.3293810213 , 2.14238131508e-39
-11.3242600648 , 2.14238131508e-39
-11.3191391084 , 2.15239509275e-39
-11.3140181519 , 3.19093633313e-37
-11.3088971955 , 3.83840637643e-33
-11.303776239 , 2.7511935347e-29
-11.2986552826 , 1.16710860674e-25
-11.2935343261 , 2.93036081955e-22
-11.2884133697 , 4.35462361924e-19
-11.2832924132 , 3.83000945751e-16
-11.2781714568 , 1.99374112236e-13
-11.2730505003 , 6.14267282818e-11
-11.2679295439 , 1.12012296172e-08
-11.2628085874 , 1.20890928528e-06
-11.257687631 , 7.72220673568e-05
-11.2525666745 , 0.0029195023743
-11.2474457181 , 0.0653274850222
-11.2423247616 , 0.865172572294
-11.2372038052 , 6.78155431702
-11.2320828487 , 31.4612116148
-11.2269618922 , 86.3855973805
-11.2218409358 , 140.387013588
-11.2167199793 , 135.03060946
-11.2115990229 , 76.8700596549
-11.2064780664 , 25.9001312796
-11.20135711 , 5.16512445592
-11.1962361535 , 0.614539002585
-11.1911151971 , 0.126051859589
-11.1859942406 , 0.837902448862
-11.1808732842 , 4.95755810251
-11.1757523277 , 17.3967332544
-11.1706313713 , 36.1319063469
-11.1655104148 , 44.4154022174
-11.1603894584 , 32.3143823608
-11.1552685019 , 13.9148220328
-11.1501475455 , 3.54632872224
-11.145026589 , 0.534933577722
-11.1399056326 , 0.0477573550087
-11.1347846761 , 0.00252348198631
-11.1296637197 , 7.89186574583e-05
-11.1245427632 , 1.46075945081e-06
-11.1194218068 , 1.60028471678e-08
-11.1143008503 , 1.03761286319e-10
-11.1091798939 , 3.98192405778e-13
-11.1040589374 , 9.0441995419e-16
-11.098937981 , 1.21581314569e-18
-11.0938170245 , 9.67348740506e-22
-11.0886960681 , 4.55531950064e-25
-11.0835751116 , 1.26962115972e-28
-11.0784541552 , 2.0943489422e-32
-11.0733331987 , 2.04690561435e-36
-11.0682122423 , 2.25888052398e-39
-11.0630912858 , 2.14238131508e-39
-11.0579703294 , 2.14238131508e-39
-11.0528493729 , 2.14238131508e-39
-11.0477284165 , 2.14238131508e-39
-11.04260746 , 2.14238131508e-39
-11.0374865035 , 2.14238131508e-39
-11.0323655471 , 2.14238131508e-39
-11.0272445906 , 2.14238131508e-39
-11.0221236342 , 2.14238131508e-39
-11.0170026777 , 2.14238131508e-39
-11.0118817213 , 2.14238131508e-39
-11.0067607648 , 2.14238131508e-39
-11.0016398084 , 2.14238131508e-39
-10.9965188519 , 2.14238131508e-39
-10.9913978955 , 2.14238131508e-39
-10.986276939 , 2.14238131508e-39
-10.9811559826 , 2.14238131508e-39
-10.9760350261 , 2.14238131508e-39
-10.9709140697 , 2.20276092162e-39
-10.9657931132 , 1.28694310786e-36
-10.9606721568 , 1.45724225758e-32
-10.9555512003 , 9.78239205785e-29
-10.9504302439 , 3.88667423155e-25
-10.9453092874 , 9.13967857163e-22
-10.940188331 , 1.272047735e-18
-10.9350673745 , 1.04784151339e-15
-10.9299464181 , 5.10866584308e-13
-10.9248254616 , 1.47414124473e-10
-10.9197045052 , 2.51762129324e-08
-10.9145835487 , 2.54484545491e-06
-10.9094625923 , 0.000152248186501
-10.9043416358 , 0.00539091578787
-10.8992206794 , 0.112977685057
-10.8940997229 , 1.40133671319
-10.8889787665 , 10.2875517557
-10.88385781 , 44.6993570042
-10.8787368536 , 114.95037021
-10.8736158971 , 174.961866438
-10.8684949407 , 157.657314476
-10.8633739842 , 84.7198945894
-10.8582530278 , 32.5616809485
-10.8531320713 , 36.471856506
-10.8480111149 , 97.8389445511
-10.8428901584 , 177.780223922
-10.8377692019 , 192.194137868
-10.8326482455 , 122.997985682
-10.827527289 , 46.5884855264
-10.8224063326 , 10.4442944917
-10.8172853761 , 1.38579645673
-10.8121644197 , 0.108827738033
-10.8070434632 , 0.00505824744128
-10.8019225068 , 0.000139789094047
-10.7968015503 , 4.44220510784e-05
-10.7916805939 , 0.00164268112481
-10.7865596374 , 0.0378835139571
-10.781438681 , 0.517097634314
-10.7763177245 , 4.17748004303
-10.7711967681 , 19.974492477
-10.7660758116 , 56.5270940031
-10.7609548552 , 94.6797499109
-10.7558338987 , 93.8592503874
-10.7507129423 , 55.0701928359
-10.7455919858 , 19.123864138
-10.7404710294 , 3.93055826713
-10.7353500729 , 0.478137013229
-10.7302291165 , 0.034424689086
-10.72510816 , 0.00146692268706
-10.7199872036 , 3.6996782865e-05
-10.7148662471 , 5.52255732568e-07
-10.7097452907 , 4.87905867839e-09
-10.7046243342 , 2.55124041664e-11
-10.6995033778 , 7.89562053875e-14
-10.6943824213 , 1.44624483001e-16
-10.6892614649 , 7.08087606863e-19
-10.6841405084 , 4.76747476781e-16
-10.679019552 , 2.44010781489e-13
-10.6738985955 , 7.39178417256e-11
-10.6687776391 , 1.32528443469e-08
-10.6636566826 , 1.40633399306e-06
-10.6585357262 , 8.83257653134e-05
-10.6534147697 , 0.0032832647311
-10.6482938132 , 0.0722343803249
-10.6431728568 , 0.940592603003
-10.6380519003 , 7.24901042363
-10.6329309439 , 33.0655268584
-10.6278099874 , 89.2671619254
-10.622689031 , 142.635479184
-10.6175680745 , 134.890995905
-10.6124471181 , 75.5019058353
-10.6073261616 , 25.0122306667
-10.6022052052 , 4.90418103572
-10.5970842487 , 0.569115114415
-10.5919632923 , 0.0390888868737
-10.5868423358 , 0.00158900785671
-10.5817213794 , 3.82312364041e-05
-10.5766004229 , 5.44415146982e-07
-10.5714794665 , 4.5884036219e-09
-10.56635851 , 2.28882498469e-11
-10.5612375536 , 6.75745426143e-14
-10.5561165971 , 1.18079145505e-16
-10.5509956407 , 1.22118889434e-19
-10.5458746842 , 7.47501465e-23
-10.5407537278 , 2.70807574735e-26
-10.5356327713 , 5.80669647243e-30
-10.5305118149 , 7.36916463437e-34
-10.5253908584 , 1.1502364245e-37
-10.520269902 , 7.53561096857e-34
-10.5151489455 , 5.84094431072e-30
-10.5100279891 , 2.67959079461e-26
-10.5049070326 , 7.27567803921e-23
-10.4997860762 , 1.16922488934e-19
-10.4946651197 , 1.11209583525e-16
-10.4895441633 , 6.26045590087e-14
-10.4844232068 , 2.08587985922e-11
-10.4793022504 , 4.11331722565e-09
-10.4741812939 , 4.80081202452e-07
-10.4690603375 , 3.3163226904e-05
-10.463939381 , 0.00135587123387
-10.4588184245 , 0.0328095062637
-10.4536974681 , 0.469894678398
-10.4485765116 , 3.98309754771
-10.4434555552 , 19.9830123187
-10.4383345987 , 59.3363520288
-10.4332136423 , 104.281270408
-10.4280926858 , 108.501508526
-10.4229717294 , 67.2133791059
-10.4178507729 , 27.6395048206
-10.4127298165 , 20.0432046311
-10.40760886 , 39.8316579136
-10.4024879036 , 61.4310830786
-10.3973669471 , 57.4024661769
-10.3922459907 , 35.604945303
-10.3871250342 , 32.0340945419
-10.3820040778 , 68.3536406842
-10.3768831213 , 128.743595208
-10.3717621649 , 174.212692487
-10.3666412084 , 182.6208265
-10.361520252 , 148.749976337
-10.3563992955 , 93.9360862495
-10.3512783391 , 75.9376531363
-10.3461573826 , 119.860338091
-10.3410364262 , 171.459066253
-10.3359154697 , 161.92010445
-10.3307945133 , 98.7917249707
-10.3256735568 , 39.1469887405
-10.3205526004 , 10.0042065456
-10.3154316439 , 1.62437649371
-10.3103106875 , 0.2671939908
-10.305189731 , 1.14245641831
-10.3000687746 , 7.24148543737
-10.2949478181 , 27.4043619393
-10.2898268617 , 61.4362059773
-10.2847059052 , 82.1653951435
-10.2795849488 , 69.7710893753
-10.2744639923 , 55.3492273434
-10.2693430359 , 73.9548220794
-10.2642220794 , 101.018183051
-10.2591011229 , 89.5121170997
-10.2539801665 , 47.4400766401
-10.24885921 , 14.897863775
-10.2437382536 , 2.77210433203
-10.2386172971 , 0.367535414545
-10.2334963407 , 0.864165786666
-10.2283753842 , 6.79926548966
-10.2232544278 , 32.8864864816
-10.2181334713 , 95.7882979876
-10.2130125149 , 168.363464455
-10.2078915584 , 179.037707574
-10.202770602 , 116.375153522
-10.1976496455 , 50.4327976597
-10.1925286891 , 23.9273798127
-10.1874077326 , 20.0539437
-10.1822867762 , 15.325855068
-10.1771658197 , 7.3718524371
-10.1720448633 , 2.11278315807
-10.1669239068 , 0.359709675677
-10.1618029504 , 0.062665449466
-10.1566819939 , 0.392826465528
-10.1515610375 , 3.40499458012
-10.146440081 , 17.7081020918
-10.1413191246 , 55.4683926325
-10.1361981681 , 106.579070355
-10.1310772117 , 129.691982488
-10.1259562552 , 104.39247947
-10.1208352988 , 57.599219628
-10.1157143423 , 21.7923240728
-10.1105933859 , 5.45779862134
-10.1054724294 , 0.866209078183
-10.100351473 , 0.084363337196
-10.0952305165 , 0.00494976522154
-10.0901095601 , 0.000173317942761
-10.0849886036 , 3.60566527127e-06
-10.0798676472 , 4.44759390205e-08
-10.0747466907 , 7.79390422059e-10
-10.0696257342 , 6.52804671128e-08
-10.0645047778 , 5.54975997864e-06
-10.0593838213 , 0.000279250662874
-10.0542628649 , 0.00831637260139
-10.0491419084 , 0.146586298821
-10.044020952 , 1.52922904425
-10.0388999955 , 9.44216257145
-10.0337790391 , 34.5057220732
-10.0286580826 , 74.6356199847
-10.0235371262 , 95.6020767339
-10.0184161697 , 73.1271189101
-10.0132952133 , 37.7369372426
-10.0081742568 , 31.3611650987
-10.0030533004 , 62.5069996353
-9.99793234393 , 109.733996673
-9.99281138748 , 145.024967202
-9.98769043103 , 153.640530172
-9.98256947458 , 135.124487911
-9.97744851812 , 118.866701614
-9.97232756167 , 150.340278618
-9.96720660522 , 211.92326673
-9.96208564877 , 226.51267724
-9.95696469232 , 204.226645567
-9.95184373587 , 229.55004873
-9.94672277942 , 295.43520898
-9.94160182296 , 329.166793902
-9.93648086651 , 287.870948177
-9.93135991006 , 186.155953965
-9.92623895361 , 107.629096068
-9.92111799716 , 114.674180289
-9.91599704071 , 175.953303776
-9.91087608426 , 219.964573835
-9.90575512781 , 210.834499107
-9.90063417135 , 156.146662262
-9.8955132149 , 84.3037049575
-9.89039225845 , 30.5721408526
-9.885271302 , 8.41868913649
-9.88015034555 , 10.1693694536
-9.8750293891 , 33.0823225975
-9.86990843265 , 69.9260856444
-9.86478747619 , 87.6764389886
-9.85966651974 , 65.0682065809
-9.85454556329 , 28.5808298785
-9.84942460684 , 7.43020211553
-9.84430365039 , 1.14346595117
-9.83918269394 , 0.109977896195
-9.83406173749 , 0.104997385086
-9.82894078104 , 0.997189362605
-9.82381982458 , 5.91987524925
-9.81869886813 , 20.8117962847
-9.81357791168 , 43.4631195306
-9.80845695523 , 55.6571113768
-9.80333599878 , 56.431152929
-9.79821504233 , 96.1652933584
-9.79309408588 , 226.256004196
-9.78797312942 , 390.076210372
-9.78285217297 , 434.833513643
-9.77773121652 , 321.742322506
-9.77261026007 , 193.456846692
-9.76748930362 , 147.734865825
-9.76236834717 , 128.563772006
-9.75724739072 , 80.5934092729
-9.75212643427 , 30.9793815789
-9.74700547781 , 7.08870240537
-9.74188452136 , 0.965388477943
-9.73676356491 , 0.185787911222
-9.73164260846 , 1.57094482
-9.72652165201 , 13.5354993138
-9.72140069556 , 70.1902307409
-9.71627973911 , 219.194831877
-9.71115878265 , 413.472753333
-9.7060378262 , 472.516707915
-9.70091686975 , 328.858184697
-9.6957959133 , 147.325320075
-9.69067495685 , 78.3800477944
-9.6855540004 , 124.895437486
-9.68043304395 , 197.006915408
-9.6753120875 , 193.238720808
-9.67019113104 , 125.15567681
-9.66507017459 , 101.0258188
-9.65994921814 , 167.848934185
-9.65482826169 , 244.465946449
-9.64970730524 , 228.043676701
-9.64458634879 , 150.98669525
-9.63946539234 , 112.176616781
-9.63434443588 , 116.541283384
-9.62922347943 , 119.716658438
-9.62410252298 , 112.262237216
-9.61898156653 , 88.9196804597
-9.61386061008 , 49.5389589631
-9.60873965363 , 17.3120723659
-9.60361869718 , 3.64141753888
-9.59849774073 , 0.455432729043
-9.59337678427 , 0.0337555371212
-9.58825582782 , 0.00148126823266
-9.58313487137 , 3.84753103432e-05
-9.57801391492 , 5.9232117727e-07
-9.57289295847 , 1.29338498393e-07
-9.56777200202 , 1.12178825787e-05
-9.56265104557 , 0.000602531114221
-9.55753008911 , 0.0192105325578
-9.55240913266 , 0.363622533661
-9.54728817621 , 4.08684030666
-9.54216721976 , 27.2835262382
-9.53704626331 , 108.318341565
-9.53192530686 , 256.992973167
-9.52680435041 , 372.020674017
-9.52168339396 , 355.757884374
-9.5165624375 , 277.116912435
-9.51144148105 , 211.618765647
-9.5063205246 , 135.853708218
-9.50119956815 , 58.5386540867
-9.4960786117 , 15.4658324554
-9.49095765525 , 2.99864593314
-9.4858366988 , 5.1261095469
-9.48071574234 , 24.7777937874
-9.47559478589 , 74.1158375793
-9.47047382944 , 131.790064897
-9.46535287299 , 143.157418069
-9.46023191654 , 115.530183864
-9.45511096009 , 129.35982261
-9.44999000364 , 208.358068352
-9.44486904719 , 286.163651187
-9.43974809073 , 327.201520633
-9.43462713428 , 350.841636586
-9.42950617783 , 334.396001177
-9.42438522138 , 256.644562217
-9.41926426493 , 159.382194616
-9.41414330848 , 80.5103124646
-9.40902235203 , 30.2200643888
-9.40390139557 , 7.59386914202
-9.39878043912 , 1.97877030222
-9.39365948267 , 6.28037898218
-9.38853852622 , 27.7050856801
-9.38341756977 , 73.5769081751
-9.37829661332 , 115.676782541
-9.37317565687 , 107.694845136
-9.36805470042 , 59.9897264387
-9.36293374396 , 24.2652981027
-9.35781278751 , 24.0512130875
-9.35269183106 , 50.4026720165
-9.34757087461 , 77.4013988222
-9.34244991816 , 94.7222638351
-9.33732896171 , 136.767347598
-9.33220800526 , 203.211621435
-9.32708704881 , 211.382376824
-9.32196609235 , 136.32873855
-9.3168451359 , 64.8898618862
-9.31172417945 , 64.1030794572
-9.306603223 , 118.394800661
-9.30148226655 , 161.922529003
-9.2963613101 , 165.405802072
-9.29124035365 , 171.149837681
-9.28611939719 , 178.41614694
-9.28099844074 , 136.969323226
-9.27587748429 , 66.5853001163
-9.27075652784 , 25.1810000906
-9.26563557139 , 31.4931354389
-9.26051461494 , 76.4883914024
-9.25539365849 , 121.639678995
-9.25027270204 , 115.416674423
-9.24515174558 , 69.6352243121
-9.24003078913 , 54.4500123662
-9.23490983268 , 125.498243424
-9.22978887623 , 263.180499626
-9.22466791978 , 336.905484952
-9.21954696333 , 257.113825792
-9.21442600688 , 123.574874581
-9.20930505042 , 58.7263904146
-9.20418409397 , 58.5181448003
-9.19906313752 , 63.4491588122
-9.19394218107 , 58.4330411228
-9.18882122462 , 85.1903200519
-9.18370026817 , 175.048628799
-9.17857931172 , 308.20308727
-9.17345835527 , 436.702102565
-9.16833739881 , 474.527097808
-9.16321644236 , 355.2722187
-9.15809548591 , 169.006885711
-9.15297452946 , 49.1399377894
-9.14785357301 , 8.83182553053
-9.14273261656 , 3.91533146056
-9.13761166011 , 22.1392625331
-9.13249070365 , 96.2562598838
-9.1273697472 , 252.756696394
-9.12224879075 , 411.313833722
-9.1171278343 , 442.934466395
-9.11200687785 , 355.590944813
-9.1068859214 , 240.499529405
-9.10176496495 , 138.997840509
-9.0966440085 , 63.03377591
-9.09152305204 , 22.8335746839
-9.08640209559 , 19.0673183476
-9.08128113914 , 45.6841265718
-9.07616018269 , 80.8096002709
-9.07103922624 , 86.0596347262
-9.06591826979 , 59.2751832097
-9.06079731334 , 50.9699476156
-9.05567635688 , 103.731541335
-9.05055540043 , 188.295606553
-9.04543444398 , 209.973363219
-9.04031348753 , 139.376780808
-9.03519253108 , 57.699247815
-9.03007157463 , 27.5378658897
-9.02495061818 , 48.3588021229
-9.01982966173 , 100.389684673
-9.01470870527 , 148.472945126
-9.00958774882 , 172.305786546
-9.00446679237 , 222.540518159
-8.99934583592 , 340.405643635
-8.99422487947 , 449.597404632
-8.98910392302 , 455.085916542
-8.98398296657 , 354.638883895
-8.97886201011 , 205.87462765
-8.97374105366 , 82.8777593689
-8.96862009721 , 21.8311450914
-8.96349914076 , 3.98235076728
-8.95837818431 , 4.09807357612
-8.95325722786 , 23.2072335138
-8.94813627141 , 85.8317095556
-8.94301531496 , 191.316900616
-8.9378943585 , 267.846769454
-8.93277340205 , 264.885428312
-8.9276524456 , 223.03043214
-8.92253148915 , 174.50062866
-8.9174105327 , 149.986266563
-8.91228957625 , 218.746170473
-8.9071686198 , 365.248896367
-8.90204766334 , 437.238756883
-8.89692670689 , 346.339663581
-8.89180575044 , 204.24733908
-8.88668479399 , 128.502852553
-8.88156383754 , 115.315203585
-8.87644288109 , 115.463732071
-8.87132192464 , 90.2347397266
-8.86620096819 , 46.0227888594
-8.86108001173 , 14.4075542557
-8.85595905528 , 3.04625247821
-8.85083809883 , 3.71065741117
-8.84571714238 , 20.1656624491
-8.84059618593 , 71.6817598858
-8.83547522948 , 157.158486963
-8.83035427303 , 222.773577201
-8.82523331657 , 219.473245261
-8.82011236012 , 158.577219276
-8.81499140367 , 82.8688293232
-8.80987044722 , 34.1027525858
-8.80474949077 , 37.3998498795
-8.79962853432 , 105.851259289
-8.79450757787 , 214.073734814
-8.78938662142 , 271.693106955
-8.78426566496 , 232.625887926
-8.77914470851 , 175.081286631
-8.77402375206 , 201.331413455
-8.76890279561 , 302.773538904
-8.76378183916 , 336.619910281
-8.75866088271 , 230.430663533
-8.75353992626 , 94.0022125937
-8.7484189698 , 22.7254653744
-8.74329801335 , 3.25263943014
-8.7381770569 , 0.275708463203
-8.73305610045 , 0.0185183215531
-8.727935144 , 0.0950836625186
-8.72281418755 , 1.15159937948
-8.7176932311 , 8.47185450337
-8.71257227465 , 37.7656296072
-8.70745131819 , 102.513174364
-8.70233036174 , 172.487434246
-8.69720940529 , 190.888227893
-8.69208844884 , 160.357358627
-8.68696749239 , 121.620115661
-8.68184653594 , 93.8506583555
-8.67672557949 , 99.0917658715
-8.67160462303 , 134.788040951
-8.66648366658 , 157.399746072
-8.66136271013 , 170.740315143
-8.65624175368 , 232.13316808
-8.65112079723 , 338.613252122
-8.64599984078 , 415.229652223
-8.64087888433 , 441.259127615
-8.63575792788 , 427.50678628
-8.63063697142 , 337.50569299
-8.62551601497 , 201.873135348
-8.62039505852 , 132.848047041
-8.61527410207 , 177.279976692
-8.61015314562 , 249.738343926
-8.60503218917 , 243.568553674
-8.59991123272 , 170.663385985
-8.59479027626 , 97.0731322477
-8.58966931981 , 50.5025751661
-8.58454836336 , 40.4973880487
-8.57942740691 , 59.524537354
-8.57430645046 , 78.3233684617
-8.56918549401 , 78.3380654041
-8.56406453756 , 62.1255077354
-8.55894358111 , 40.3911700948
-8.55382262465 , 36.6196632033
-8.5487016682 , 72.0253005801
-8.54358071175 , 123.978959944
-8.5384597553 , 134.047940683
-8.53333879885 , 103.481821425
-8.5282178424 , 117.683733897
-8.52309688595 , 222.95360122
-8.51797592949 , 332.1363916
-8.51285497304 , 333.78293964
-8.50773401659 , 272.420442078
-8.50261306014 , 261.798840716
-8.49749210369 , 277.836224558
-8.49237114724 , 227.803880224
-8.48725019079 , 150.179509973
-8.48212923434 , 134.367294754
-8.47700827788 , 155.806370737
-8.47188732143 , 159.068459581
-8.46676636498 , 171.135150245
-8.46164540853 , 208.202322494
-8.45652445208 , 206.478678141
-8.45140349563 , 136.148769578
-8.44628253918 , 56.0132571252
-8.44116158272 , 14.5517552134
-8.43604062627 , 7.01031804125
-8.43091966982 , 27.238802683
-8.42579871337 , 92.6631813804
-8.42067775692 , 208.206142821
-8.41555680047 , 340.613952131
-8.41043584402 , 446.65301754
-8.40531488757 , 456.786151842
-8.40019393111 , 325.026114675
-8.39507297466 , 148.895245702
-8.38995201821 , 48.5905348585
-8.38483106176 , 26.978888746
-8.37971010531 , 34.9896592568
-8.37458914886 , 53.1688028919
-8.36946819241 , 97.9074892604
-8.36434723595 , 163.431987272
-8.3592262795 , 206.401985
-8.35410532305 , 229.918167019
-8.3489843666 , 255.433947645
-8.34386341015 , 230.522430366
-8.3387424537 , 137.026334701
-8.33362149725 , 49.5998290724
-8.3285005408 , 10.7039572641
-8.32337958434 , 1.37162087895
-8.31825862789 , 0.144067628005
-8.31313767144 , 0.529506111252
-8.30801671499 , 4.04937715539
-8.30289575854 , 18.489903631
-8.29777480209 , 49.9705132672
-8.29265384564 , 79.9305202595
-8.28753288918 , 75.67173879
-8.28241193273 , 42.4154210851
-8.27729097628 , 14.3421044065
-8.27217001983 , 5.84457095925
-8.26704906338 , 20.3774433174
-8.26192810693 , 77.2092523649
-8.25680715048 , 175.81346817
-8.25168619403 , 237.0163819
-8.24656523757 , 189.137713684
-8.24144428112 , 89.5246849019
-8.23632332467 , 26.1006002134
-8.23120236822 , 7.66936925283
-8.22608141177 , 6.9281229081
-8.22096045532 , 7.29349303411
-8.21583949887 , 6.19164947211
-8.21071854241 , 10.4369193627
-8.20559758596 , 27.9964384902
-8.20047662951 , 51.9263593179
-8.19535567306 , 57.7332864335
-8.19023471661 , 38.3347369902
-8.18511376016 , 17.4422819194
-8.17999280371 , 19.1615303879
-8.17487184726 , 69.7007084861
-8.1697508908 , 200.994794911
-8.16462993435 , 361.817799938
-8.1595089779 , 394.431560173
-8.15438802145 , 258.322865091
-8.149267065 , 101.670024953
-8.14414610855 , 26.909715195
-8.1390251521 , 24.0218866618
-8.13390419564 , 82.8828366358
-8.12878323919 , 195.469006325
-8.12366228274 , 273.755326987
-8.11854132629 , 227.022759952
-8.11342036984 , 112.449105126
-8.10829941339 , 40.81284653
-8.10317845694 , 45.1468132027
-8.09805750049 , 112.209181011
-8.09293654403 , 189.593376655
-8.08781558758 , 193.393010171
-8.08269463113 , 118.437527106
-8.07757367468 , 44.0931105988
-8.07245271823 , 14.3974895814
-8.06733176178 , 23.1924279066
-8.06221080533 , 61.1915970838
-8.05708984887 , 107.128538803
-8.05196889242 , 121.420073554
-8.04684793597 , 92.0435509716
-8.04172697952 , 55.3350127661
-8.03660602307 , 56.5214940986
-8.03148506662 , 118.596546139
-8.02636411017 , 241.849799939
-8.02124315372 , 373.585920025
-8.01612219726 , 398.404853777
-8.01100124081 , 284.586360875
-8.00588028436 , 179.494795227
-8.00075932791 , 245.335909567
-7.99563837146 , 458.105501299
-7.99051741501 , 584.607331381
-7.98539645856 , 466.141801618
-7.9802755021 , 241.145168787
-7.97515454565 , 110.026733566
-7.9700335892 , 108.935518784
-7.96491263275 , 153.278775555
-7.9597916763 , 162.499106192
-7.95467071985 , 157.345856935
-7.9495497634 , 184.684362747
-7.94442880695 , 210.481599149
-7.93930785049 , 214.557277959
-7.93418689404 , 237.321858054
-7.92906593759 , 274.188496722
-7.92394498114 , 288.369641283
-7.91882402469 , 280.87639894
-7.91370306824 , 255.368997443
-7.90858211179 , 254.211831116
-7.90346115533 , 373.832627266
-7.89834019888 , 553.360757172
-7.89321924243 , 569.94175527
-7.88809828598 , 380.469516894
-7.88297732953 , 166.147319632
-7.87785637308 , 48.1241628523
-7.87273541663 , 9.75858465665
-7.86761446018 , 7.19880713291
-7.86249350372 , 39.223471368
-7.85737254727 , 153.047491455
-7.85225159082 , 364.164190526
-7.84713063437 , 529.291670916
-7.84200967792 , 471.187119988
-7.83688872147 , 257.165190303
-7.83176776502 , 85.9865200116
-7.82664680856 , 18.0661181504
-7.82152585211 , 7.50565185274
-7.81640489566 , 32.6317294398
-7.81128393921 , 118.510972329
-7.80616298276 , 262.222755953
-7.80104202631 , 373.540692718
-7.79592106986 , 428.953190614
-7.79080011341 , 551.10727663
-7.78567915695 , 691.782971741
-7.7805582005 , 615.011300973
-7.77543724405 , 346.122466342
-7.7703162876 , 139.77231992
-7.76519533115 , 111.973087833
-7.7600743747 , 211.169645627
-7.75495341825 , 327.526405812
-7.74983246179 , 371.061479419
-7.74471150534 , 347.977931103
-7.73959054889 , 338.894668516
-7.73446959244 , 366.430818215
-7.72934863599 , 342.954738287
-7.72422767954 , 226.610716179
-7.71910672309 , 97.5888919704
-7.71398576664 , 26.6389564255
-7.70886481018 , 6.43217004832
-7.70374385373 , 13.2520485083
-7.69862289728 , 50.1444537002
-7.69350194083 , 121.901602345
-7.68838098438 , 185.058696897
-7.68326002793 , 176.442871865
-7.67813907148 , 115.156395893
-7.67301811502 , 98.0935185796
-7.66789715857 , 186.907614883
-7.66277620212 , 320.831010444
-7.65765524567 , 356.244173804
-7.65253428922 , 255.93179807
-7.64741333277 , 127.329721024
-7.64229237632 , 49.1618987486
-7.63717141987 , 16.1536582857
-7.63205046341 , 6.25133928654
-7.62692950696 , 13.7441753566
-7.62180855051 , 48.0581675977
-7.61668759406 , 109.553184184
-7.61156663761 , 155.787692988
-7.60644568116 , 139.062005659
-7.60132472471 , 80.5671043451
-7.59620376825 , 34.2403675796
-7.5910828118 , 13.3673897785
-7.58596185535 , 4.93162083507
-7.5808408989 , 1.3620982485
-7.57571994245 , 0.239457029208
-7.570598986 , 0.0260577225908
-7.56547802955 , 0.0180013818419
-7.5603570731 , 0.240039866412
-7.55523611664 , 2.15963700283
-7.55011516019 , 12.3327352671
-7.54499420374 , 46.5457986455
-7.53987324729 , 119.924121191
-7.53475229084 , 211.859673806
-7.52963133439 , 257.259790165
-7.52451037794 , 251.053889004
-7.51938942148 , 315.007468294
-7.51426846503 , 500.867356477
-7.50914750858 , 653.261439117
-7.50402655213 , 625.358554311
-7.49890559568 , 440.897288813
-7.49378463923 , 226.711800946
-7.48866368278 , 94.8132881951
-7.48354272633 , 60.8218233976
-7.47842176987 , 91.4007632154
-7.47330081342 , 183.16649514
-7.46817985697 , 340.455326835
-7.46305890052 , 494.132570186
-7.45793794407 , 538.085465031
-7.45281698762 , 437.798898465
-7.44769603117 , 260.32578558
-7.44257507471 , 109.853386631
-7.43745411826 , 32.4345801333
-7.43233316181 , 7.39341851738
-7.42721220536 , 2.75274870613
-7.42209124891 , 5.73442226789
-7.41697029246 , 20.3451120438
-7.41184933601 , 51.832150192
-7.40672837956 , 88.9609861523
-7.4016074231 , 108.122563125
-7.39648646665 , 94.4574267801
-7.3913655102 , 56.6693161298
-7.38624455375 , 22.309593144
-7.3811235973 , 8.37701583074
-7.37600264085 , 14.8596673429
-7.3708816844 , 41.1151061023
-7.36576072794 , 89.0564497253
-7.36063977149 , 162.230760179
-7.35551881504 , 238.311128104
-7.35039785859 , 256.433884538
-7.34527690214 , 204.537304673
-7.34015594569 , 132.555117881
-7.33503498924 , 77.1798950474
-7.32991403279 , 69.5146113209
-7.32479307633 , 127.858668466
-7.31967211988 , 199.141464161
-7.31455116343 , 200.526827997
-7.30943020698 , 158.570208253
-7.30430925053 , 172.566807886
-7.29918829408 , 242.733765617
-7.29406733763 , 286.449524327
-7.28894638118 , 271.649973251
-7.28382542472 , 224.937301775
-7.27870446827 , 186.393146239
-7.27358351182 , 179.447214187
-7.26846255537 , 168.131140042
-7.26334159892 , 123.985342267
-7.25822064247 , 86.0057947519
-7.25309968602 , 74.0320379566
-7.24797872956 , 60.1138889852
-7.24285777311 , 33.9999776288
-7.23773681666 , 12.2156015961
-7.23261586021 , 3.11659279237
-7.22749490376 , 5.04907647484
-7.22237394731 , 31.1223070172
-7.21725299086 , 122.120850889
-7.21213203441 , 283.899156011
-7.20701107795 , 390.963250906
-7.2018901215 , 321.719459805
-7.19676916505 , 173.235936126
-7.1916482086 , 107.693718453
-7.18652725215 , 128.862821759
-7.1814062957 , 138.856010169
-7.17628533925 , 105.06890664
-7.17116438279 , 101.822069257
-7.16604342634 , 188.908323076
-7.16092246989 , 295.802465097
-7.15580151344 , 288.588313496
-7.15068055699 , 175.894162676
-7.14555960054 , 94.1281525216
-7.14043864409 , 104.592791261
-7.13531768764 , 146.881718816
-7.13019673118 , 154.651260371
-7.12507577473 , 162.886956676
-7.11995481828 , 226.539852299
-7.11483386183 , 303.332044814
-7.10971290538 , 345.478552768
-7.10459194893 , 352.649496686
-7.09947099248 , 305.865091545
-7.09435003602 , 221.696323901
-7.08922907957 , 188.965832249
-7.08410812312 , 285.369467093
-7.07898716667 , 457.662143279
-7.07386621022 , 530.704136118
-7.06874525377 , 427.175157313
-7.06362429732 , 254.002316308
-7.05850334087 , 137.052626223
-7.05338238441 , 111.792891323
-7.04826142796 , 127.770286676
-7.04314047151 , 124.375805513
-7.03801951506 , 98.4021256428
-7.03289855861 , 69.7685833186
-7.02777760216 , 61.0627903225
-7.02265664571 , 104.971007668
-7.01753568925 , 196.353954392
-7.0124147328 , 273.939016689
-7.00729377635 , 287.359471819
-7.0021728199 , 231.576157653
-6.99705186345 , 135.501562142
-6.991930907 , 52.942135973
-6.98680995055 , 13.0493364213
-6.9816889941 , 2.48158680332
-6.97656803764 , 4.81504138767
-6.97144708119 , 24.5723162457
-6.96632612474 , 80.4543393143
-6.96120516829 , 167.384341136
-6.95608421184 , 227.316851602
-6.95096325539 , 205.075807451
-6.94584229894 , 126.159343677
-6.94072134248 , 66.8626384855
-6.93560038603 , 57.7609833312
-6.93047942958 , 63.4023323946
-6.92535847313 , 54.7068202151
-6.92023751668 , 69.4006580617
-6.91511656023 , 194.429673157
-6.90999560378 , 461.720824174
-6.90487464733 , 703.702950996
-6.89975369087 , 675.932601753
-6.89463273442 , 410.992238643
-6.88951177797 , 160.516983982
-6.88439082152 , 50.8706017967
-6.87926986507 , 49.2037171562
-6.87414890862 , 92.4416435977
-6.86902795217 , 116.489533816
-6.86390699571 , 95.1373996812
-6.85878603926 , 88.8687969214
-6.85366508281 , 177.934225554
-6.84854412636 , 329.414327198
-6.84342316991 , 378.821053295
-6.83830221346 , 259.439551181
-6.83318125701 , 110.505122706
-6.82806030056 , 56.2928461479
-6.8229393441 , 102.893770702
-6.81781838765 , 189.068794507
-6.8126974312 , 224.797014
-6.80757647475 , 212.078140002
-6.8024555183 , 250.335980049
-6.79733456185 , 325.442635566
-6.7922136054 , 314.662660858
-6.78709264894 , 223.090010756
-6.78197169249 , 169.906443236
-6.77685073604 , 201.404508527
-6.77172977959 , 242.112411538
-6.76660882314 , 199.433370453
-6.76148786669 , 100.709718211
-6.75636691024 , 30.4189526021
-6.75124595379 , 6.20907675572
-6.74612499733 , 7.59330682452
-6.74100404088 , 37.8850329616
-6.73588308443 , 121.866620325
-6.73076212798 , 234.871120252
-6.72564117153 , 275.917761308
-6.72052021508 , 219.368735629
-6.71539925863 , 171.613339423
-6.71027830217 , 174.530033729
-6.70515734572 , 159.971808247
-6.70003638927 , 122.236949521
-6.69491543282 , 138.344113041
-6.68979447637 , 211.26031228
-6.68467351992 , 239.719906086
-6.67955256347 , 184.833107601
-6.67443160702 , 114.638325412
-6.66931065056 , 66.439922801
-6.66418969411 , 33.2415707446
-6.65906873766 , 23.9675753399
-6.65394778121 , 59.0674185781
-6.64882682476 , 136.777906023
-6.64370586831 , 193.044092307
-6.63858491186 , 161.488525776
-6.6334639554 , 79.9638480215
-6.62834299895 , 23.4919489799
-6.6232220425 , 4.70272042078
-6.61810108605 , 4.52590392686
-6.6129801296 , 15.6971709128
-6.60785917315 , 35.4976125988
-6.6027382167 , 48.0846142649
-6.59761726025 , 40.0417931623
-6.59249630379 , 24.1412087955
-6.58737534734 , 23.078628887
-6.58225439089 , 45.6774657554
-6.57713343444 , 73.7727860168
-6.57201247799 , 73.3531601717
-6.56689152154 , 43.5353919839
-6.56177056509 , 16.9912517849
-6.55664960863 , 15.8361844143
-6.55152865218 , 53.6979916797
-6.54640769573 , 133.812981205
-6.54128673928 , 206.649093704
-6.53616578283 , 222.505945022
-6.53104482638 , 231.1116845
-6.52592386993 , 286.781415282
-6.52080291348 , 342.429718001
-6.51568195702 , 328.844669407
-6.51056100057 , 238.426232899
-6.50544004412 , 128.009979017
-6.50031908767 , 71.4432200908
-6.49519813122 , 100.05885155
-6.49007717477 , 168.905953672
-6.48495621832 , 187.333541824
-6.47983526186 , 147.153915678
-6.47471430541 , 149.687100995
-6.46959334896 , 230.633854157
-6.46447239251 , 276.095852073
-6.45935143606 , 202.742782752
-6.45423047961 , 88.4634285997
-6.44910952316 , 22.8715280968
-6.44398856671 , 3.81882892785
-6.43886761025 , 4.13623754885
-6.4337466538 , 27.0906128796
-6.42862569735 , 115.347880438
-6.4235047409 , 295.529712233
-6.41838378445 , 456.519658197
-6.413262828 , 432.57253413
-6.40814187155 , 275.352746927
-6.40302091509 , 159.039563626
-6.39789995864 , 106.894561064
-6.39277900219 , 62.2126415917
-6.38765804574 , 23.6839189017
-6.38253708929 , 5.56512051894
-6.37741613284 , 2.27238134705
-6.37229517639 , 11.1982455693
-6.36717421994 , 49.4270465298
-6.36205326348 , 135.71848654
-6.35693230703 , 234.475598458
-6.35181135058 , 258.245135751
-6.34669039413 , 182.065958833
-6.34156943768 , 82.0589606059
-6.33644848123 , 26.9903039407
-6.33132752478 , 22.2447515202
-6.32620656832 , 48.178318835
-6.32108561187 , 73.7972516598
-6.31596465542 , 67.4350054887
-6.31084369897 , 36.4832305708
-6.30572274252 , 11.6894164745
-6.30060178607 , 2.36529834014
-6.29548082962 , 2.10522730799
-6.29035987317 , 13.5022980506
-6.28523891671 , 57.9685489421
-6.28011796026 , 147.474781448
-6.27499700381 , 222.059938724
-6.26987604736 , 197.937509459
-6.26475509091 , 105.060887887
-6.25963413446 , 39.182797377
-6.25451317801 , 44.7218763306
-6.24939222155 , 140.390348801
-6.2442712651 , 321.880569429
-6.23915030865 , 503.095284
-6.2340293522 , 583.57834667
-6.22890839575 , 563.084881099
-6.2237874393 , 523.060500293
-6.21866648285 , 489.737159221
-6.2135455264 , 382.918708493
-6.20842456994 , 216.447864163
-6.20330361349 , 132.091599331
-6.19818265704 , 180.480832036
-6.19306170059 , 253.435348893
-6.18794074414 , 227.233752697
-6.18281978769 , 123.490550301
-6.17769883124 , 40.7323486868
-6.17257787478 , 8.20306710136
-6.16745691833 , 1.01520028735
-6.16233596188 , 0.104805315916
-6.15721500543 , 0.485073648578
-6.15209404898 , 4.98265212679
-6.14697309253 , 30.5201811241
-6.14185213608 , 110.665527968
-6.13673117963 , 237.841554867
-6.13161022317 , 306.667195914
-6.12648926672 , 263.405157558
-6.12136831027 , 256.582407826
-6.11624735382 , 419.821555085
-6.11112639737 , 599.876819062
-6.10600544092 , 548.187037904
-6.10088448447 , 312.923475294
-6.09576352801 , 123.643902062
-6.09064257156 , 79.3604673193
-6.08552161511 , 161.381245643
-6.08040065866 , 295.222094355
-6.07527970221 , 346.488531399
-6.07015874576 , 255.297381045
-6.06503778931 , 133.474173681
-6.05991683286 , 107.849696322
-6.0547958764 , 172.26525929
-6.04967491995 , 214.188008245
-6.0445539635 , 161.648101078
-6.03943300705 , 73.6435007684
-6.0343120506 , 30.7848293363
-6.02919109415 , 61.7972577471
-6.0240701377 , 178.418286049
-6.01894918124 , 323.837048921
-6.01382822479 , 355.371491247
-6.00870726834 , 254.069017881
-6.00358631189 , 196.884396933
-5.99846535544 , 310.502462644
-5.99334439899 , 519.832447
-5.98822344254 , 665.455499193
-5.98310248609 , 671.668433263
-5.97798152963 , 540.941627454
-5.97286057318 , 340.628173591
-5.96773961673 , 184.025245989
-5.96261866028 , 100.066097555
-5.95749770383 , 48.7874597833
-5.95237674738 , 16.6620559861
-5.94725579093 , 3.53349284863
-5.94213483447 , 0.448968193835
-5.93701387802 , 0.0338670355306
-5.93189292157 , 0.00151507820481
-5.92677196512 , 0.000166555248913
-5.92165100867 , 0.00501515673372
-5.91653005222 , 0.117983199457
-5.91140909577 , 1.64900616933
-5.90628813932 , 13.7000256501
-5.90116718286 , 67.707062747
-5.89604622641 , 199.206781219
-5.89092526996 , 349.217229634
-5.88580431351 , 365.073711905
-5.88068335706 , 227.78400821
-5.87556240061 , 84.8911110888
-5.87044144416 , 18.9145849748
-5.8653204877 , 2.63217998608
-5.86019953125 , 1.79239013269
-5.8550785748 , 13.3882450002
-5.84995761835 , 67.3349237433
-5.8448366619 , 203.191333018
-5.83971570545 , 368.046332831
-5.834594749 , 400.534266783
-5.82947379255 , 262.403358758
-5.82435283609 , 105.185866808
-5.81923187964 , 30.5214223091
-5.81411092319 , 18.4281462714
-5.80898996674 , 41.81372833
-5.80386901029 , 100.419877727
-5.79874805384 , 159.390284112
-5.79362709739 , 152.811767389
-5.78850614093 , 87.0360537057
-5.78338518448 , 29.5395329881
-5.77826422803 , 8.37944158741
-5.77314327158 , 21.1524832368
-5.76802231513 , 99.773646507
-5.76290135868 , 292.05911556
-5.75778040223 , 514.54398095
-5.75265944578 , 547.835219871
-5.74753848932 , 370.253103186
-5.74241753287 , 240.509866381
-5.73729657642 , 329.057250718
-5.73217561997 , 496.19636195
-5.72705466352 , 482.540150167
-5.72193370707 , 288.732713707
-5.71681275062 , 145.405055521
-5.71169179416 , 170.782333835
-5.70657083771 , 277.346177823
-5.70144988126 , 301.266303862
-5.69632892481 , 225.617924046
-5.69120796836 , 208.272823609
-5.68608701191 , 312.110793831
-5.68096605546 , 382.511410494
-5.67584509901 , 292.83973323
-5.67072414255 , 145.135932345
-5.6656031861 , 94.7132363308
-5.66048222965 , 174.387322132
-5.6553612732 , 288.551758668
-5.65024031675 , 291.426117452
-5.6451193603 , 174.514400691
-5.63999840385 , 61.8583972534
-5.63487744739 , 12.9774166443
-5.62975649094 , 1.61137843814
-5.62463553449 , 0.118420372402
-5.61951457804 , 0.00515100882994
-5.61439362159 , 0.000149897730867
-5.60927266514 , 0.000857812855638
-5.60415170869 , 0.0250589839158
-5.59903075224 , 0.434288598924
-5.59390979578 , 4.45465762539
-5.58878883933 , 27.0439952177
-5.58366788288 , 97.1735319826
-5.57854692643 , 206.654922115
-5.57342596998 , 260.11449359
-5.56830501353 , 193.786869149
-5.56318405708 , 85.6471233163
-5.55806310062 , 24.9786143831
-5.55294214417 , 24.1008723171
-5.54782118772 , 94.8905974589
-5.54270023127 , 257.543475482
-5.53757927482 , 417.31873435
-5.53245831837 , 402.713565724
-5.52733736192 , 231.571489453
-5.52221640547 , 79.3954095447
-5.51709544901 , 16.2390689859
-5.51197449256 , 1.98247854934
-5.50685353611 , 0.150200307887
-5.50173257966 , 0.136617285113
-5.49661162321 , 1.78511803666
-5.49149066676 , 14.7729968927
-5.48636971031 , 74.1393772449
-5.48124875385 , 226.240879238
-5.4761277974 , 420.862989473
-5.47100684095 , 481.578146192
-5.4658858845 , 361.955529778
-5.46076492805 , 254.732000674
-5.4556439716 , 291.627314182
-5.45052301515 , 395.019389434
-5.4454020587 , 434.829658672
-5.44028110224 , 346.984977668
-5.43516014579 , 184.554062087
-5.43003918934 , 61.5008141087
-5.42491823289 , 12.4262387469
-5.41979727644 , 1.50043521763
-5.41467631999 , 0.107639613816
-5.40955536354 , 0.00479646919675
-5.40443440708 , 0.00812751687722
-5.39931345063 , 0.17535715339
-5.39419249418 , 2.30524379438
-5.38907153773 , 18.2236147356
-5.38395058128 , 86.9330621319
-5.37882962483 , 253.344564084
-5.37370866838 , 469.667137959
-5.36858771193 , 617.114271999
-5.36346675547 , 679.179692712
-5.35834579902 , 651.426099734
-5.35322484257 , 470.131260912
-5.34810388612 , 225.60754867
-5.34298292967 , 85.3754550927
-5.33786197322 , 104.630577721
-5.33274101677 , 262.052748476
-5.32762006031 , 433.701727023
-5.32249910386 , 426.766466689
-5.31737814741 , 248.602395574
-5.31225719096 , 85.726789648
-5.30713623451 , 17.7045031365
-5.30201527806 , 4.54034781598
-5.29689432161 , 16.6212255398
-5.29177336516 , 66.2593051094
-5.2866524087 , 159.123307896
-5.28153145225 , 236.428552
-5.2764104958 , 252.276287177
-5.27128953935 , 268.930024155
-5.2661685829 , 308.206612768
-5.26104762645 , 304.019191683
-5.25592667 , 300.470789502
-5.25080571355 , 371.340646198
-5.24568475709 , 431.487327006
-5.24056380064 , 385.975912335
-5.23544284419 , 261.682792258
-5.23032188774 , 148.521966024
-5.22520093129 , 136.063063612
-5.22007997484 , 225.162421281
-5.21495901839 , 293.770786219
-5.20983806193 , 265.581002115
-5.20471710548 , 251.428034997
-5.19959614903 , 345.817797106
-5.19447519258 , 458.700271376
-5.18935423613 , 491.168786483
-5.18423327968 , 426.243341703
-5.17911232323 , 273.962255729
-5.17399136678 , 115.894015671
-5.16887041032 , 30.1920037033
-5.16374945387 , 4.71821557959
-5.15862849742 , 0.438318116901
-5.15350754097 , 0.0241343765444
-5.14838658452 , 0.00078686517026
-5.14326562807 , 1.51861544904e-05
-5.13814467162 , 1.73474405941e-07
-5.13302371516 , 1.17286831364e-09
-5.12790275871 , 4.69337115428e-12
-5.12278180226 , 1.11158050178e-14
-5.11766084581 , 1.55817724018e-17
-5.11253988936 , 1.29274409125e-20
-5.10741893291 , 6.34786952026e-24
-5.10229797646 , 2.16579700959e-27
-5.09717702001 , 1.23048783594e-24
-5.09205606355 , 2.79224126883e-21
-5.0869351071 , 3.75015045696e-18
-5.08181415065 , 2.98101736965e-15
-5.0766931942 , 1.40249236524e-12
-5.07157223775 , 3.90532368542e-10
-5.0664512813 , 6.43628239535e-08
-5.06133032485 , 6.27823485382e-06
-5.05620936839 , 0.000362470683736
-5.05108841194 , 0.0123870011657
-5.04596745549 , 0.25060712134
-5.04084649904 , 3.00324155156
-5.03572554259 , 21.3554823263
-5.03060458614 , 90.6198386961
-5.02548362969 , 233.85529523
-5.02036267324 , 389.511526528
-5.01524171678 , 484.206843948
-5.01012076033 , 532.082456498
-5.00499980388 , 498.038121892
-4.99987884743 , 332.744429906
-4.99475789098 , 148.151992399
-4.98963693453 , 75.5213474086
-4.98451597808 , 127.769912853
-4.97939502162 , 226.249235503
-4.97427406517 , 249.379855414
-4.96915310872 , 178.6870245
-4.96403215227 , 135.447648167
-4.95891119582 , 183.521802245
-4.95379023937 , 230.836282601
-4.94866928292 , 183.426185462
-4.94354832647 , 90.8777964027
-4.93842737001 , 50.3256204134
-4.93330641356 , 94.728057902
-4.92818545711 , 186.658377233
-4.92306450066 , 226.359033989
-4.91794354421 , 162.778050211
-4.91282258776 , 69.2871968752
-4.90770163131 , 17.4554722352
-4.90258067485 , 2.60273454701
-4.8974597184 , 0.229692983035
-4.89233876195 , 0.0119973451308
-4.8872178055 , 0.000370887460191
-4.88209684905 , 6.78607601869e-06
-4.8769758926 , 7.34877352938e-08
-4.87185493615 , 4.71010490543e-10
-4.8667339797 , 1.78675855121e-12
-4.86161302324 , 4.01162871611e-15
-4.85649206679 , 5.3308340925e-18
-4.85137111034 , 4.1926554571e-21
-4.84625015389 , 1.95165368292e-24
-4.84112919744 , 5.37694890198e-28
-4.83600824099 , 8.76775986478e-32
-4.83088728454 , 8.46389845363e-36
-4.82576632808 , 2.61726497091e-39
-4.82064537163 , 2.14238131508e-39
-4.81552441518 , 2.14238131508e-39
-4.81040345873 , 2.14238131508e-39
-4.80528250228 , 2.14238131508e-39
-4.80016154583 , 2.14238131508e-39
-4.79504058938 , 2.14238131508e-39
-4.78991963293 , 2.14238131508e-39
-4.78479867647 , 1.88492320283e-38
-4.77967772002 , 2.49035082621e-34
-4.77455676357 , 2.19525469735e-30
-4.76943580712 , 1.14533575963e-26
-4.76431485067 , 3.53671885007e-23
-4.75919389422 , 6.46380229875e-20
-4.75407293777 , 6.99190313539e-17
-4.74895198131 , 4.47633470432e-14
-4.74383102486 , 1.69617052445e-11
-4.73871006841 , 3.80396298481e-09
-4.73358911196 , 5.04920336842e-07
-4.72846815551 , 3.96669907339e-05
-4.72334719906 , 0.00184440145715
-4.71822624261 , 0.050757645585
-4.71310528616 , 0.826736841974
-4.7079843297 , 7.96990095814
-4.70286337325 , 45.4734984617
-4.6977424168 , 153.561950849
-4.69262146035 , 306.922469616
-4.6875005039 , 363.072668633
-4.68237954745 , 254.201577069
-4.677258591 , 105.337433736
-4.67213763454 , 25.8349149814
-4.66701667809 , 3.75017167616
-4.66189572164 , 0.322192237417
-4.65677476519 , 0.0163832961642
-4.65165380874 , 0.000500684455484
-4.64653285229 , 0.000382057336589
-4.64141189584 , 0.0110503894411
-4.63629093939 , 0.199189745067
-4.63116998293 , 2.20336789081
-4.62604902648 , 15.057508622
-4.62092807003 , 63.817580102
-4.61580711358 , 167.703095027
-4.61068615713 , 272.083200919
-4.60556520068 , 270.653328228
-4.60044424423 , 163.84449151
-4.59532328777 , 60.7806553158
-4.59020233132 , 21.8350462207
-4.58508137487 , 50.6369156915
-4.57996041842 , 162.948718245
-4.57483946197 , 320.761437112
-4.56971850552 , 374.005728184
-4.56459754907 , 258.171414384
-4.55947659262 , 106.425784407
-4.55435563616 , 34.4151828456
-4.54923467971 , 50.7242459576
-4.54411372326 , 147.210464551
-4.53899276681 , 271.321681516
-4.53387181036 , 296.591688344
-4.52875085391 , 192.353019985
-4.52362989746 , 77.7087197183
-4.518508941 , 38.177313241
-4.51338798455 , 66.8443610035
-4.5082670281 , 114.944804808
-4.50314607165 , 120.665358508
-4.4980251152 , 75.1019094646
-4.49290415875 , 28.0739593334
-4.4877832023 , 10.145426814
-4.48266224585 , 24.3687618488
-4.47754128939 , 80.0296507108
-4.47242033294 , 160.447098781
-4.46729937649 , 190.519868672
-4.46217842004 , 133.898337792
-4.45705746359 , 55.6967461399
-4.45193650714 , 13.7121020107
-4.44681555069 , 1.99801073294
-4.44169459423 , 0.172310271972
-4.43657363778 , 0.00879516697167
-4.43145268133 , 0.000265703074213
-4.42633172488 , 4.75082069419e-06
-4.42121076843 , 5.02759481391e-08
-4.41608981198 , 3.14899136206e-10
-4.41096885553 , 1.16735309428e-12
-4.40584789908 , 2.5612535777e-15
-4.40072694262 , 3.3260018544e-18
-4.39560598617 , 2.5563008576e-21
-4.39048502972 , 1.16284281601e-24
-4.38536407327 , 3.13075896123e-28
-4.38024311682 , 4.98882004892e-32
-4.37512216037 , 4.7071997006e-36
-4.37000120392 , 2.39787354395e-39
-4.36488024746 , 2.14238131508e-39
-4.35975929101 , 2.14238131508e-39
-4.35463833456 , 2.14238131508e-39
-4.34951737811 , 2.14238131508e-39
-4.34439642166 , 2.14238131508e-39
-4.33927546521 , 2.14238131508e-39
-4.33415450876 , 2.14238131508e-39
-4.32903355231 , 2.14238131508e-39
-4.32391259585 , 2.14238131508e-39
-4.3187916394 , 2.14238131508e-39
-4.31367068295 , 2.14238131508e-39
-4.3085497265 , 2.14238131508e-39
-4.30342877005 , 2.14238131508e-39
-4.2983078136 , 2.14238131508e-39
-4.29318685715 , 2.14238131508e-39
-4.28806590069 , 2.14238131508e-39
-4.28294494424 , 2.14238131508e-39
-4.27782398779 , 2.14238131508e-39
-4.27270303134 , 3.3114106326e-39
-4.26758207489 , 1.86603473417e-35
-4.26246111844 , 1.75749815607e-31
-4.25734016199 , 9.7980434505e-28
-4.25221920554 , 3.23298285979e-24
-4.24709824908 , 6.31374439529e-21
-4.24197729263 , 7.29776950994e-18
-4.23685633618 , 4.99243986131e-15
-4.23173537973 , 2.0214131858e-12
-4.22661442328 , 4.84414237754e-10
-4.22149346683 , 6.87065682691e-08
-4.21637251038 , 5.76765358017e-06
-4.21125155392 , 0.000286562680585
-4.20613059747 , 0.00842674102526
-4.20100964102 , 0.14666254472
-4.19588868457 , 1.51076994972
-4.19076772812 , 9.21079278956
-4.18564677167 , 33.2364966217
-4.18052581522 , 70.9827825214
-4.17540485877 , 89.7243565512
-4.17028390231 , 67.1254543258
-4.16516294586 , 29.7223864505
-4.16004198941 , 7.78932218708
-4.15492103296 , 1.20818993035
-4.14980007651 , 0.110915010303
-4.14467912006 , 0.00602696674369
-4.13955816361 , 0.00022714028465
-4.13443720715 , 0.001404587237
-4.1293162507 , 0.0348413914622
-4.12419529425 , 0.512864755972
-4.1190743378 , 4.46817659022
-4.11395338135 , 23.0397304721
-4.1088324249 , 70.3143637367
-4.10371146845 , 127.00777268
-4.098590512 , 135.780105012
-4.09346955554 , 85.9135316857
-4.08834859909 , 32.1741139537
-4.08322764264 , 7.13134111706
-4.07810668619 , 0.935525042733
-4.07298572974 , 0.0726372202303
-4.06786477329 , 0.00333797135571
-4.06274381684 , 9.07874016868e-05
-4.05762286038 , 1.46146412728e-06
-4.05250190393 , 1.39242022921e-08
-4.04738094748 , 7.85185155324e-11
-4.04225999103 , 2.62099509746e-13
-4.03713903458 , 2.65477365474e-14
-4.03201807813 , 9.130740244e-12
-4.02689712168 , 1.8956397457e-09
-4.02177616523 , 2.3292987269e-07
-4.01665520877 , 1.69400274326e-05
-4.01153425232 , 0.000729159545986
-4.00641329587 , 0.0185759297073
-4.00129233942 , 0.280090312897
-3.99617138297 , 2.49956914506
-3.99105042652 , 13.202365688
-3.98592947007 , 41.2722264239
-3.98080851361 , 76.3631040533
-3.97568755716 , 83.6235857898
-3.97056660071 , 54.1992822714
-3.96544564426 , 20.7911169498
-3.96032468781 , 4.72043089086
-3.95520373136 , 0.634315031048
-3.95008277491 , 0.0504484582549
-3.94496181846 , 0.00237470863031
-3.939840862 , 6.61595129479e-05
-3.93471990555 , 1.09092229116e-06
-3.9295989491 , 1.06575373283e-08
-3.92447799265 , 2.53989216211e-09
-3.9193570362 , 3.35329573479e-07
-3.91423607975 , 2.68529811768e-05
-3.9091151233 , 0.00127272121977
-3.90399416684 , 0.0357021127504
-3.89887321039 , 0.5927538781
-3.89375225394 , 5.82471592011
-3.88863129749 , 33.8762252262
-3.88351034104 , 116.610111891
-3.87838938459 , 237.583279836
-3.87326842814 , 286.704698188
-3.86814747169 , 207.357009183
-3.86302651523 , 107.489049099
-3.85790555878 , 112.32616219
-3.85278460233 , 233.780261212
-3.84766364588 , 347.096359044
-3.84254268943 , 308.750181891
-3.83742173298 , 162.665194791
-3.83230077653 , 50.7247399411
-3.82717982007 , 9.36193797781
-3.82205886362 , 1.02266039466
-3.81693790717 , 0.0661175577984
-3.81181695072 , 0.00253000777507
-3.80669599427 , 5.72989444173e-05
-3.80157503782 , 7.6889901322e-07
-3.79645408137 , 1.22277899594e-07
-3.79133312492 , 9.44025393551e-06
-3.78621216846 , 0.000453979065281
-3.78109121201 , 0.0129213779185
-3.77597025556 , 0.217671398612
-3.77084929911 , 2.17026838223
-3.76572834266 , 12.8069305853
-3.76060738621 , 44.7297225593
-3.75548642976 , 92.4627678557
-3.7503654733 , 113.124614384
-3.74524451685 , 81.9156478589
-3.7401235604 , 35.1071977493
-3.73500260395 , 8.90522705936
-3.7298816475 , 1.33694445893
-3.72476069105 , 0.118795850334
-3.7196397346 , 0.00624753520478
-3.71451877815 , 0.000194462421832
-3.70939782169 , 3.58246705163e-06
-3.70427686524 , 3.90614405927e-08
-3.69915590879 , 2.52077361354e-10
-3.69403495234 , 9.62928652664e-13
-3.68891399589 , 7.666332928e-14
-3.68379303944 , 2.68609143449e-11
-3.67867208299 , 5.73304051597e-09
-3.67355112653 , 7.24232205097e-07
-3.66843017008 , 5.415210796e-05
-3.66330921363 , 0.00239686437616
-3.65818825718 , 0.06281916393
-3.65306730073 , 0.975730015753
-3.64794634428 , 9.00313811574
-3.64282538783 , 49.6789984637
-3.63770443138 , 166.885167223
-3.63258347492 , 356.460185359
-3.62746251847 , 526.017826905
-3.62234156202 , 586.398489422
-3.61722060557 , 495.355261925
-3.61209964912 , 290.612584387
-3.60697869267 , 108.772768427
-3.60185773622 , 24.8221783637
-3.59673677976 , 3.38940041793
-3.59161582331 , 0.274993860106
-3.58649486686 , 0.0132234338261
-3.58137391041 , 0.000376528312969
-3.57625295396 , 6.34666806719e-06
-3.57113199751 , 6.3319903514e-08
-3.56601104106 , 3.73907301955e-10
-3.56089008461 , 1.30680527179e-12
-3.55576912815 , 2.70320461437e-15
-3.5506481717 , 3.30953765999e-18
-3.54552721525 , 2.3981472007e-21
-3.5404062588 , 1.02850014353e-24
-3.53528530235 , 2.61067526179e-28
-3.5301643459 , 3.92212442502e-32
-3.52504338945 , 4.38188428834e-35
-3.51992243299 , 4.04878019136e-31
-3.51480147654 , 2.40573610181e-27
-3.50968052009 , 8.4604171472e-24
-3.50455956364 , 1.76098465326e-20
-3.49943860719 , 2.16939866686e-17
-3.49431765074 , 1.58176940253e-14
-3.48919669429 , 6.82601087325e-12
-3.48407573784 , 1.74345517242e-09
-3.47895478138 , 2.63557026655e-07
-3.47383382493 , 2.35807936652e-05
-3.46871286848 , 0.00124871187561
-3.46359191203 , 0.0391368683269
-3.45847095558 , 0.725988774958
-3.45334999913 , 7.97065013071
-3.44822904268 , 51.7937782346
-3.44310808622 , 199.196381926
-3.43798712977 , 453.424836978
-3.43286617332 , 610.870527057
-3.42774521687 , 487.094298029
-3.42262426042 , 229.877744241
-3.41750330397 , 64.2097258901
-3.41238234752 , 10.615120263
-3.40726139107 , 1.03895902575
-3.40214043461 , 0.0714541830951
-3.39701947816 , 0.245672948427
-3.39189852171 , 3.10716933412
-3.38677756526 , 23.4552831557
-3.38165660881 , 104.795394735
-3.37653565236 , 277.117311741
-3.37141469591 , 433.715606339
-3.36629373945 , 401.759703446
-3.361172783 , 220.266086205
-3.35605182655 , 71.474189836
-3.3509308701 , 13.7296043184
-3.34580991365 , 1.62723919989
-3.3406889572 , 1.05729035412
-3.33556800075 , 8.02412387879
-3.3304470443 , 39.9743162013
-3.32532608784 , 117.92563332
-3.32020513139 , 205.899863318
-3.31508417494 , 212.77642682
-3.30996321849 , 130.139930878
-3.30484226204 , 47.1104486355
-3.29972130559 , 10.0935491401
-3.29460034914 , 1.28040667166
-3.28947939268 , 0.110393226263
-3.28435843623 , 0.264365927879
-3.27923747978 , 2.79416505946
-3.27411652333 , 17.764401154
-3.26899556688 , 66.8476285485
-3.26387461043 , 148.881606888
-3.25875365398 , 196.25270741
-3.25363269753 , 153.112212709
-3.24851174107 , 70.7006774933
-3.24339078462 , 19.3222138724
-3.23826982817 , 3.12542988873
-3.23314887172 , 0.299214202489
-3.22802791527 , 0.0169540794284
-3.22290695882 , 0.000568572420531
-3.21778600237 , 1.12853993745e-05
-3.21266504592 , 1.32576833649e-07
-3.20754408946 , 9.21802687232e-10
-3.20242313301 , 3.85725688196e-12
-3.19730217656 , 2.23501988879e-11
-3.19218122011 , 4.62554953671e-09
-3.18706026366 , 5.66818978404e-07
-3.18193930721 , 4.11097624738e-05
-3.17681835076 , 0.00176467644436
-3.1716973943 , 0.0448337170135
-3.16657643785 , 0.674161489614
-3.1614554814 , 5.99988147776
-3.15633452495 , 31.6039189105
-3.1512135685 , 98.5277902855
-3.14609261205 , 181.800922855
-3.1409716556 , 198.54225978
-3.13585069915 , 128.33034873
-3.13072974269 , 49.0936503072
-3.12560878624 , 11.1158022422
-3.12048782979 , 1.48962116862
-3.11536687334 , 0.118149093939
-3.11024591689 , 0.00554631449845
-3.10512496044 , 0.000154098398593
-3.10000400399 , 2.53402733514e-06
-3.09488304753 , 2.46628920433e-08
-3.08976209108 , 1.42067992922e-10
-3.08464113463 , 4.84359725769e-13
-3.07952017818 , 9.77374018483e-16
-3.07439922173 , 5.07584543934e-18
-3.06927826528 , 2.77254572888e-15
-3.06415730883 , 1.16401317174e-12
-3.05903635238 , 2.89238935437e-10
-3.05391539592 , 4.25378139777e-08
-3.04879443947 , 3.70265403367e-06
-3.04367348302 , 0.000190752682973
-3.03855252657 , 0.00581631245813
-3.03343157012 , 0.104964962976
-3.02831061367 , 1.12114178292
-3.02318965722 , 7.08755224326
-3.01806870076 , 26.5186591746
-3.01294774431 , 58.7254568185
-3.00782678786 , 76.9698782338
-3.00270583141 , 59.7083058556
-2.99758487496 , 27.4137376176
-2.99246391851 , 7.4494002341
-2.98734296206 , 1.19810234545
-2.98222200561 , 0.114047582033
-2.97710104915 , 0.00642536494196
-2.9719800927 , 0.0002142540649
-2.96685913625 , 4.22843729569e-06
-2.9617381798 , 4.93912790387e-08
-2.95661722335 , 3.41460289724e-10
-2.9514962669 , 1.39717140857e-12
-2.94637531045 , 3.38359776151e-15
-2.94125435399 , 4.85605975088e-18
-2.93613339754 , 7.76306806344e-18
-2.93101244109 , 5.72773119264e-15
-2.92589148464 , 2.50254345863e-12
-2.92077052819 , 6.47142861538e-10
-2.91564957174 , 9.904629587e-08
-2.91052861529 , 8.97213601881e-06
-2.90540765884 , 0.000481030926929
-2.90028670238 , 0.0152640477462
-2.89516574593 , 0.286672626108
-2.89004478948 , 3.18657758186
-2.88492383303 , 20.965328041
-2.87980287658 , 81.6707715358
-2.87468192013 , 188.934507023
-2.86956096368 , 266.20615826
-2.86444000722 , 274.580669254
-2.85931905077 , 379.150639458
-2.85419809432 , 717.015038766
-2.84907713787 , 1007.60284581
-2.84395618142 , 864.468552285
-2.83883522497 , 440.568093818
-2.83371426852 , 132.94719086
-2.82859331207 , 23.7457515383
-2.82347235561 , 2.51023690422
-2.81835139916 , 0.157059206633
-2.81323044271 , 0.00581609834192
-2.80810948626 , 0.000127473440466
-2.80298852981 , 1.65358793435e-06
-2.79786757336 , 1.26956371868e-08
-2.79274661691 , 5.76901052681e-11
-2.78762566045 , 1.55155716341e-13
-2.782504704 , 2.46975487153e-16
-2.77738374755 , 2.3268059345e-19
-2.7722627911 , 9.46084411126e-22
-2.76714183465 , 1.18469002022e-18
-2.7620208782 , 1.01755401439e-15
-2.75689992175 , 5.17285095489e-13
-2.7517789653 , 1.5564036205e-10
-2.74665800884 , 2.77162466323e-08
-2.74153705239 , 2.9212388154e-06
-2.73641609594 , 0.000182230981931
-2.73129513949 , 0.00672833480265
-2.72617418304 , 0.147045690797
-2.72105322659 , 1.90268126266
-2.71593227014 , 14.5902177384
-2.71081131368 , 66.5405516958
-2.70569035723 , 182.864225447
-2.70056940078 , 316.781462528
-2.69544844433 , 391.665377783
-2.69032748788 , 415.045199981
-2.68520653143 , 381.389057558
-2.68008557498 , 254.074343272
-2.67496461853 , 107.438912592
-2.66984366207 , 27.435512158
-2.66472270562 , 4.16918725219
-2.65960174917 , 0.375526727602
-2.65448079272 , 0.0200270817
-2.64935983627 , 0.000632206022447
-2.64423887982 , 1.18122066824e-05
-2.63911792337 , 1.30624976457e-07
-2.63399696691 , 8.54952315384e-10
-2.62887601046 , 3.31190164227e-12
-2.62375505401 , 7.59333703254e-15
-2.61863409756 , 1.0304041239e-17
-2.61351314111 , 8.27565074205e-21
-2.60839218466 , 3.93383708801e-24
-2.60327122821 , 1.1067518012e-27
-2.59815027176 , 1.84290844166e-31
-2.5930293153 , 1.81646840733e-35
-2.58790835885 , 3.18938543832e-39
-2.5827874024 , 2.15794913664e-39
-2.57766644595 , 6.20811326849e-37
-2.5725454895 , 7.60880197723e-33
-2.56742453305 , 5.53839133473e-29
-2.5623035766 , 2.38600157787e-25
-2.55718262014 , 6.08383493479e-22
-2.55206166369 , 9.18129045155e-19
-2.54694070724 , 8.20067572568e-16
-2.54181975079 , 4.33526011494e-13
-2.53669879434 , 1.35643906739e-10
-2.53157783789 , 2.5119155092e-08
-2.52645688144 , 2.75314682928e-06
-2.52133592499 , 0.000178596658109
-2.51621496853 , 0.00685704328731
-2.51109401208 , 0.155818874285
-2.50597305563 , 2.09566973846
-2.50085209918 , 16.6818891249
-2.49573114273 , 78.5936080891
-2.49061018628 , 219.153712379
-2.48548922983 , 361.684623007
-2.48036827337 , 353.289611264
-2.47524731692 , 204.244935742
-2.47012636047 , 69.8861853198
-2.46500540402 , 14.1530808702
-2.45988444757 , 1.69642340955
-2.45476349112 , 0.121115305938
-2.44964253467 , 0.0274061942894
-2.44452157822 , 0.384186843035
-2.43940062176 , 3.90553883804
-2.43427966531 , 23.50610645
-2.42915870886 , 83.7337142001
-2.42403775241 , 176.538754773
-2.41891679596 , 220.297897014
-2.41379583951 , 162.834734309
-2.40867488306 , 73.0465153396
-2.4035539266 , 34.3023119945
-2.39843297015 , 80.4135619238
-2.3933120137 , 224.340943021
-2.38819105725 , 383.021054472
-2.3830701008 , 387.454508435
-2.37794914435 , 231.981494326
-2.3728281879 , 82.2065466206
-2.36770723145 , 17.2416754039
-2.36258627499 , 2.14028943962
-2.35746531854 , 0.157248146907
-2.35234436209 , 0.00683783391002
-2.34722340564 , 0.000175983334862
-2.34210244919 , 2.68067721744e-06
-2.33698149274 , 2.41678205879e-08
-2.33186053629 , 1.28958638156e-10
-2.32673957983 , 4.07270893598e-13
-2.32161862338 , 7.61265756138e-16
-2.31649766693 , 8.42188295371e-19
-2.31137671048 , 5.51514669974e-22
-2.30625575403 , 1.83834967504e-22
-2.30113479758 , 2.85863949463e-19
-2.29601384113 , 2.63399742972e-16
-2.29089288468 , 1.43645108191e-13
-2.28577192822 , 4.63645310242e-11
-2.28065097177 , 8.85728131281e-09
-2.27553001532 , 1.00146215496e-06
-2.27040905887 , 6.70174937197e-05
-2.26528810242 , 0.00265436938217
-2.26016714597 , 0.0622234479338
-2.25504618952 , 0.863309107739
-2.24992523306 , 7.08921437232
-2.24480427661 , 34.4547761345
-2.23968332016 , 99.1106426725
-2.23456236371 , 168.737141897
-2.22944140726 , 170.028068632
-2.22432045081 , 101.402834077
-2.21919949436 , 35.7931186923
-2.21407853791 , 7.47944465312
-2.20895758145 , 0.974308291323
-2.203836625 , 0.902497979713
-2.19871566855 , 8.30189868701
-2.1935947121 , 48.8279768859
-2.18847375565 , 170.0323666
-2.1833527992 , 350.440820274
-2.17823184275 , 427.481600035
-2.17311088629 , 308.634539518
-2.16798992984 , 131.960486711
-2.16286897339 , 34.4145833349
-2.15774801694 , 13.3444433706
-2.15262706049 , 39.3536178508
-2.14750610404 , 107.320033951
-2.14238514759 , 175.113382768
-2.13726419114 , 169.148338929
-2.13214323468 , 96.7024308643
-2.12702227823 , 32.7210035238
-2.12190132178 , 6.55292768223
-2.11678036533 , 0.776718540895
-2.11165940888 , 0.0544893347766
-2.10653845243 , 0.00226244940667
-2.10141749598 , 5.55988467096e-05
-2.09629653952 , 8.08671665698e-07
-2.09117558307 , 6.96142592994e-09
-2.08605462662 , 3.54685735934e-11
-2.08093367017 , 1.06956892469e-13
-2.07581271372 , 1.90894478211e-16
-2.07069175727 , 2.01649659322e-19
-2.06557080082 , 1.26072729531e-22
-2.06044984437 , 4.66513649597e-26
-2.05532888791 , 1.02170869986e-29
-2.05020793146 , 1.32437222593e-33
-2.04508697501 , 1.03739623247e-37
-2.03996601856 , 2.14238131508e-39
-2.03484506211 , 2.14238131508e-39
-2.02972410566 , 2.14238131508e-39
-2.02460314921 , 2.14238131508e-39
-2.01948219275 , 2.14238131508e-39
-2.0143612363 , 2.14238131508e-39
-2.00924027985 , 2.14238131508e-39
-2.0041193234 , 2.14238131508e-39
-1.99899836695 , 2.14238131508e-39
-1.9938774105 , 2.14238131508e-39
-1.98875645405 , 2.14238131508e-39
-1.9836354976 , 2.14238131508e-39
-1.97851454114 , 2.14238131508e-39
-1.97339358469 , 2.14238131508e-39
-1.96827262824 , 2.14238131508e-39
-1.96315167179 , 2.14238131508e-39
-1.95803071534 , 2.14474946341e-39
-1.95290975889 , 4.84020979781e-38
-1.94778880244 , 5.07184099726e-34
-1.94266784598 , 3.29111416213e-30
-1.93754688953 , 1.26398417084e-26
-1.93242593308 , 2.87316031993e-23
-1.92730497663 , 3.86542829389e-20
-1.92218402018 , 3.07790293062e-17
-1.91706306373 , 1.4505468278e-14
-1.91194210728 , 4.04602092691e-12
-1.90682115083 , 6.67950120246e-10
-1.90170019437 , 6.52648698999e-08
-1.89657923792 , 3.77428296973e-06
-1.89145828147 , 0.000129184073517
-1.88633732502 , 0.00261699581958
-1.88121636857 , 0.0313773758213
-1.87609541212 , 0.222663866742
-1.87097445567 , 0.935195504409
-1.86585349921 , 2.32474119141
-1.86073254276 , 3.42031691177
-1.85561158631 , 2.97836295387
-1.85049062986 , 1.53500018244
-1.84536967341 , 0.468229506404
-1.84024871696 , 0.084533463153
-1.83512776051 , 0.00903271029398
-1.83000680406 , 0.000571251084813
-1.8248858476 , 2.13823547656e-05
-1.81976489115 , 4.73700191746e-07
-1.8146439347 , 6.21113725901e-09
-1.80952297825 , 4.82012420834e-11
