Ef: -4.97713122026
-12.0514358809 , 5.22615347862e-11
-12.0463149245 , 6.73434027618e-09
-12.041193968 , 5.13602927624e-07
-12.0360730116 , 2.31835245129e-05
-12.0309520551 , 0.000619371143776
-12.0258310987 , 0.00979359209097
-12.0207101422 , 0.0916542465344
-12.0155891858 , 0.507671412171
-12.0104682293 , 1.66430286782
-12.0053472729 , 3.22924913118
-12.0002263164 , 3.70843164073
-11.9951053599 , 2.52056871136
-11.9899844035 , 1.01397288271
-11.984863447 , 0.241420239696
-11.9797424906 , 0.034020488832
-11.9746215341 , 0.00283744177845
-11.9695005777 , 0.000140066057639
-11.9643796212 , 4.09221447809e-06
-11.9592586648 , 7.07625389134e-08
-11.9541377083 , 7.24215744988e-10
-11.9490167519 , 4.38684262642e-12
-11.9438957954 , 1.57273547784e-14
-11.938774839 , 3.33717398401e-17
-11.9336538825 , 4.19103754413e-20
-11.9285329261 , 3.11518462008e-23
-11.9234119696 , 1.37045747907e-26
-11.9182910132 , 3.56834533335e-30
-11.9131700567 , 5.49906976057e-34
-11.9080491003 , 5.20603455982e-38
-11.9029281438 , 1.90645071828e-39
-11.8978071874 , 1.90388308597e-39
-11.8926862309 , 1.90388308597e-39
-11.8875652745 , 1.90388308597e-39
-11.882444318 , 1.90388308597e-39
-11.8773233616 , 1.90388308597e-39
-11.8722024051 , 1.90388308597e-39
-11.8670814487 , 1.90388308597e-39
-11.8619604922 , 1.90388308597e-39
-11.8568395358 , 1.90388308597e-39
-11.8517185793 , 3.45912604734e-39
-11.8465976229 , 2.25089862412e-35
-11.8414766664 , 1.92688963175e-31
-11.83635571 , 9.7637252087e-28
-11.8312347535 , 2.92816369415e-24
-11.8261137971 , 5.19752091834e-21
-11.8209928406 , 5.46032170691e-18
-11.8158718842 , 3.39516829218e-15
-11.8107509277 , 1.24946896123e-12
-11.8056299712 , 2.72151497183e-10
-11.8005090148 , 3.50846439477e-08
-11.7953880583 , 2.67697619238e-06
-11.7902671019 , 0.000120890739318
-11.7851461454 , 0.00323119112636
-11.780025189 , 0.0511155867484
-11.7749042325 , 0.478591677263
-11.7697832761 , 2.65214962592
-11.7646623196 , 8.69865266926
-11.7595413632 , 16.8860101588
-11.7544204067 , 19.4009586438
-11.7492994503 , 13.192904567
-11.7441784938 , 5.30980703952
-11.7390575374 , 1.26484743294
-11.7339365809 , 0.178327628777
-11.7288156245 , 0.0148805920939
-11.723694668 , 0.000734924752686
-11.7185737116 , 2.14825891744e-05
-11.7134527551 , 3.71664821508e-07
-11.7083317987 , 3.80572474989e-09
-11.7032108422 , 2.30645176692e-11
-11.6980898858 , 8.27317980682e-14
-11.6929689293 , 1.75639273923e-16
-11.6878479729 , 2.20694691076e-19
-11.6827270164 , 1.64128205777e-22
-11.67760606 , 7.22429779761e-26
-11.6724851035 , 1.88204125956e-29
-11.6673641471 , 2.90191045052e-33
-11.6622431906 , 2.66728396784e-37
-11.6571222342 , 1.91745475365e-39
-11.6520012777 , 1.90388308597e-39
-11.6468803213 , 1.90388308597e-39
-11.6417593648 , 1.90388308597e-39
-11.6366384084 , 1.90388308597e-39
-11.6315174519 , 1.90388308597e-39
-11.6263964955 , 1.90388308597e-39
-11.621275539 , 1.90388308597e-39
-11.6161545826 , 1.90388308597e-39
-11.6110336261 , 1.90388308597e-39
-11.6059126696 , 1.90388308597e-39
-11.6007917132 , 1.90388308597e-39
-11.5956707567 , 1.90388308597e-39
-11.5905498003 , 1.90388308597e-39
-11.5854288438 , 1.90388308597e-39
-11.5803078874 , 1.90388308597e-39
-11.5751869309 , 1.90388308597e-39
-11.5700659745 , 1.90388308597e-39
-11.564945018 , 1.90388308597e-39
-11.5598240616 , 1.90388308597e-39
-11.5547031051 , 1.90388308597e-39
-11.5495821487 , 1.90388308597e-39
-11.5444611922 , 2.30927563533e-39
-11.5393402358 , 6.52622097987e-36
-11.5342192793 , 6.19406606978e-32
-11.5290983229 , 3.48046192078e-28
-11.5239773664 , 1.15749293553e-24
-11.51885641 , 2.27834877379e-21
-11.5137354535 , 2.65425388244e-18
-11.5086144971 , 1.83014335938e-15
-11.5034935406 , 7.46875398512e-13
-11.4983725842 , 1.80397947903e-10
-11.4932516277 , 2.57890548516e-08
-11.4881306713 , 2.18202465178e-06
-11.4830097148 , 0.000109270837921
-11.4778887584 , 0.00323868930668
-11.4727678019 , 0.0568139120154
-11.4676468455 , 0.589875684229
-11.462525889 , 3.62482201035
-11.4574049326 , 13.1835773165
-11.4522839761 , 28.3792063916
-11.4471630197 , 36.156602434
-11.4420420632 , 27.2643640707
-11.4369211068 , 12.1681210554
-11.4318001503 , 3.21419381723
-11.4266791939 , 0.502505698523
-11.4215582374 , 0.0464975757491
-11.4164372809 , 0.00254647853355
-11.4113163245 , 8.2541074365e-05
-11.406195368 , 1.58350924779e-06
-11.4010744116 , 1.79800741723e-08
-11.3959534551 , 1.20832216449e-10
-11.3908324987 , 4.8061175911e-13
-11.3857115422 , 1.13142671837e-15
-11.3805905858 , 1.5764451147e-18
-11.3754696293 , 1.30002488693e-21
-11.3703486729 , 6.3451933981e-25
-11.3652277164 , 1.8329830414e-28
-11.36010676 , 3.13395273216e-32
-11.3549858035 , 3.17327148353e-36
-11.3498648471 , 2.09247973454e-39
-11.3447438906 , 1.90388308597e-39
-11.3396229342 , 1.90388308597e-39
-11.3345019777 , 1.90388308597e-39
-11.3293810213 , 1.90388308597e-39
-11.3242600648 , 1.90388308597e-39
-11.3191391084 , 1.90568825938e-39
-11.3140181519 , 5.90403592789e-38
-11.3088971955 , 6.91947086734e-34
-11.303776239 , 4.95954828334e-30
-11.2986552826 , 2.10393467748e-26
-11.2935343261 , 5.2825312973e-23
-11.2884133697 , 7.85003518701e-20
-11.2832924132 , 6.90431863247e-17
-11.2781714568 , 3.59409660072e-14
-11.2730505003 , 1.1073333078e-11
-11.2679295439 , 2.01923413205e-09
-11.2628085874 , 2.17928832234e-07
-11.257687631 , 1.39207425715e-05
-11.2525666745 , 0.000526295686693
-11.2474457181 , 0.0117765184484
-11.2423247616 , 0.155963768537
-11.2372038052 , 1.22250381152
-11.2320828487 , 5.67148020869
-11.2269618922 , 15.5726426431
-11.2218409358 , 25.3074222954
-11.2167199793 , 24.3418288289
-11.2115990229 , 13.8572864521
-11.2064780664 , 4.66899113121
-11.20135711 , 0.931167641088
-11.1962361535 , 0.112383168015
-11.1911151971 , 0.0498187388932
-11.1859942406 , 0.4224802493
-11.1808732842 , 2.50302668671
-11.1757523277 , 8.7835036945
-11.1706313713 , 18.2427778557
-11.1655104148 , 22.425064106
-11.1603894584 , 16.3153334161
-11.1552685019 , 7.0255082816
-11.1501475455 , 1.79051961632
-11.145026589 , 0.270084681754
-11.1399056326 , 0.0241123955686
-11.1347846761 , 0.00127409057417
-11.1296637197 , 3.98455460113e-05
-11.1245427632 , 7.37528485445e-07
-11.1194218068 , 8.07973936292e-09
-11.1143008503 , 5.23884369221e-11
-11.1091798939 , 2.01044902901e-13
-11.1040589374 , 4.56636086558e-16
-11.098937981 , 6.13856598653e-19
-11.0938170245 , 4.88408444722e-22
-11.0886960681 , 2.29995287052e-25
-11.0835751116 , 6.41023934853e-29
-11.0784541552 , 1.05742401501e-32
-11.0733331987 , 1.03429229551e-36
-11.0682122423 , 1.96270282187e-39
-11.0630912858 , 1.90388308597e-39
-11.0579703294 , 1.90388308597e-39
-11.0528493729 , 1.90388308597e-39
-11.0477284165 , 1.90388308597e-39
-11.04260746 , 1.90388308597e-39
-11.0374865035 , 1.90388308597e-39
-11.0323655471 , 1.90388308597e-39
-11.0272445906 , 1.90388308597e-39
-11.0221236342 , 1.90388308597e-39
-11.0170026777 , 1.90388308597e-39
-11.0118817213 , 1.90388308597e-39
-11.0067607648 , 1.90388308597e-39
-11.0016398084 , 1.90388308597e-39
-10.9965188519 , 1.90388308597e-39
-10.9913978955 , 1.90388308597e-39
-10.986276939 , 1.90388308597e-39
-10.9811559826 , 1.90388308597e-39
-10.9760350261 , 1.90388308597e-39
-10.9709140697 , 1.9323986018e-39
-10.9657931132 , 6.08677550143e-37
-10.9606721568 , 6.88212828146e-33
-10.9555512003 , 4.61993658626e-29
-10.9504302439 , 1.8355621351e-25
-10.9453092874 , 4.316401861e-22
-10.940188331 , 6.00750798705e-19
-10.9350673745 , 4.94864782001e-16
-10.9299464181 , 2.41267288268e-13
-10.9248254616 , 6.9619362666e-11
-10.9197045052 , 1.18899861336e-08
-10.9145835487 , 1.20185578362e-06
-10.9094625923 , 7.19023478793e-05
-10.9043416358 , 0.00254597122404
-10.8992206794 , 0.053356043012
-10.8940997229 , 0.661810177689
-10.8889787665 , 4.85850857915
-10.88385781 , 21.1101934948
-10.8787368536 , 54.2876767815
-10.8736158971 , 82.6290471398
-10.8684949407 , 74.4492751752
-10.8633739842 , 39.8969117738
-10.8582530278 , 14.3750950518
-10.8531320713 , 11.9944970221
-10.8480111149 , 30.0624821705
-10.8428901584 , 54.4665063471
-10.8377692019 , 58.8763006521
-10.8326482455 , 37.6787723723
-10.827527289 , 14.271751807
-10.8224063326 , 3.19946823945
-10.8172853761 , 0.424519990609
-10.8121644197 , 0.0333379051675
-10.8070434632 , 0.00154952576374
-10.8019225068 , 4.28311417283e-05
-10.7968015503 , 1.41771193353e-05
-10.7916805939 , 0.00052538563208
-10.7865596374 , 0.0121164508354
-10.781438681 , 0.165385609984
-10.7763177245 , 1.33610180992
-10.7711967681 , 6.38852975378
-10.7660758116 , 18.0793090162
-10.7609548552 , 30.2818407067
-10.7558338987 , 30.0194167365
-10.7507129423 , 17.6133419101
-10.7455919858 , 6.11646955203
-10.7404710294 , 1.25712773265
-10.7353500729 , 0.152924663238
-10.7302291165 , 0.0110101996706
-10.72510816 , 0.000469172332841
-10.7199872036 , 1.1832843733e-05
-10.7148662471 , 1.76630379133e-07
-10.7097452907 , 1.5604907896e-09
-10.7046243342 , 8.15974439876e-12
-10.6995033778 , 2.52529103278e-14
-10.6943824213 , 4.62560535839e-17
-10.6892614649 , 4.73826258847e-19
-10.6841405084 , 3.66386107334e-16
-10.679019552 , 1.87525211434e-13
-10.6738985955 , 5.68067476879e-11
-10.6687776391 , 1.01849697897e-08
-10.6636566826 , 1.08078453632e-06
-10.6585357262 , 6.78794097084e-05
-10.6534147697 , 0.00252322831344
-10.6482938132 , 0.0555129873926
-10.6431728568 , 0.722856693348
-10.6380519003 , 5.57095142754
-10.6329309439 , 25.4112538503
-10.6278099874 , 68.6028842579
-10.622689031 , 109.617075951
-10.6175680745 , 103.665347686
-10.6124471181 , 58.0241198919
-10.6073261616 , 19.2221991589
-10.6022052052 , 3.76892192576
-10.5970842487 , 0.437371788928
-10.5919632923 , 0.0300402782226
-10.5868423358 , 0.00122117158935
-10.5817213794 , 2.93811635488e-05
-10.5766004229 , 4.18389567669e-07
-10.5714794665 , 3.52624319535e-09
-10.56635851 , 1.75898944208e-11
-10.5612375536 , 5.19318461643e-14
-10.5561165971 , 9.07452389882e-17
-10.5509956407 , 9.38498306225e-20
-10.5458746842 , 5.74463837654e-23
-10.5407537278 , 2.0811886788e-26
-10.5356327713 , 4.46251585508e-30
-10.5305118149 , 5.6632939434e-34
-10.5253908584 , 1.38531969577e-37
-10.520269902 , 1.23237595256e-33
-10.5151489455 , 9.55230928486e-30
-10.5100279891 , 4.38221607787e-26
-10.5049070326 , 1.18986799743e-22
-10.4997860762 , 1.91215618962e-19
-10.4946651197 , 1.81872705354e-16
-10.4895441633 , 1.02383806953e-13
-10.4844232068 , 3.41125829371e-11
-10.4793022504 , 6.72693945388e-09
-10.4741812939 , 7.8512718795e-07
-10.4690603375 , 5.42353064175e-05
-10.463939381 , 0.00221739857075
-10.4588184245 , 0.0536568300766
-10.4536974681 , 0.768468100246
-10.4485765116 , 6.51397759678
-10.4434555552 , 32.680317602
-10.4383345987 , 97.0389363798
-10.4332136423 , 170.541015819
-10.4280926858 , 177.420295873
-10.4229717294 , 109.619656925
-10.4178507729 , 42.9242824032
-10.4127298165 , 22.5943209219
-10.40760886 , 38.1862649951
-10.4024879036 , 58.2437285007
-10.3973669471 , 54.761916972
-10.3922459907 , 36.9866351707
-10.3871250342 , 46.221278389
-10.3820040778 , 109.676495605
-10.3768831213 , 193.195992752
-10.3717621649 , 219.521031617
-10.3666412084 , 173.827730939
-10.361520252 , 108.38059712
-10.3563992955 , 68.1088440957
-10.3512783391 , 91.8485990591
-10.3461573826 , 194.182116699
-10.3410364262 , 303.907930166
-10.3359154697 , 310.198073202
-10.3307945133 , 205.777537332
-10.3256735568 , 88.1575722127
-10.3205526004 , 23.9628324565
-10.3154316439 , 4.06236435721
-10.3103106875 , 0.718845093998
-10.305189731 , 3.28872589222
-10.3000687746 , 20.8625517483
-10.2949478181 , 78.9450057662
-10.2898268617 , 176.843033962
-10.2847059052 , 234.79639508
-10.2795849488 , 186.956447747
-10.2744639923 , 98.6794396444
-10.2693430359 , 57.4909415869
-10.2642220794 , 55.3594404681
-10.2591011229 , 46.5800807726
-10.2539801665 , 24.5441146764
-10.24885921 , 7.70315249219
-10.2437382536 , 1.44251709433
-10.2386172971 , 0.397503791761
-10.2334963407 , 3.21411599829
-10.2283753842 , 25.6361908356
-10.2232544278 , 123.227334978
-10.2181334713 , 356.6964939
-10.2130125149 , 623.234549687
-10.2078915584 , 659.343852653
-10.202770602 , 428.346064999
-10.1976496455 , 192.372173258
-10.1925286891 , 106.895215188
-10.1874077326 , 100.456900298
-10.1822867762 , 78.2883885014
-10.1771658197 , 37.7398758788
-10.1720448633 , 10.8187636843
-10.1669239068 , 1.83879462072
-10.1618029504 , 0.241657715373
-10.1566819939 , 0.848983848253
-10.1515610375 , 7.3003522028
-10.146440081 , 37.9255491728
-10.1413191246 , 118.535648824
-10.1361981681 , 226.758064646
-10.1310772117 , 273.744361369
-10.1259562552 , 217.696178647
-10.1208352988 , 118.41898881
-10.1157143423 , 44.2477985914
-10.1105933859 , 10.9888055399
-10.1054724294 , 1.73581724691
-10.100351473 , 0.168655587627
-10.0952305165 , 0.00988412915041
-10.0901095601 , 0.000345914229327
-10.0849886036 , 7.19457902865e-06
-10.0798676472 , 8.87369473379e-08
-10.0747466907 , 1.91156826447e-09
-10.0696257342 , 1.81467671714e-07
-10.0645047778 , 1.54274040841e-05
-10.0593838213 , 0.000776270115884
-10.0542628649 , 0.0231181242779
-10.0491419084 , 0.407485383193
-10.044020952 , 4.25100085892
-10.0388999955 , 26.2476310499
-10.0337790391 , 95.9200740375
-10.0286580826 , 207.47249787
-10.0235371262 , 265.716717074
-10.0184161697 , 202.789960655
-10.0132952133 , 101.395064606
-10.0081742568 , 72.0347876143
-10.0030533004 , 133.04747611
-9.99793234393 , 233.388848983
-9.99281138748 , 317.269145578
-9.98769043103 , 361.898095349
-9.98256947458 , 349.234900217
-9.97744851812 , 285.901819038
-9.97232756167 , 240.280392727
-9.96720660522 , 248.869667106
-9.96208564877 , 266.082475561
-9.95696469232 , 312.348560865
-9.95184373587 , 438.783197259
-9.94672277942 , 534.340913897
-9.94160182296 , 481.889616617
-9.93648086651 , 336.204569189
-9.93135991006 , 204.738800704
-9.92623895361 , 182.863575528
-9.92111799716 , 310.236742579
-9.91599704071 , 486.264309561
-9.91087608426 , 559.875159618
-9.90575512781 , 497.74176201
-9.90063417135 , 353.736002075
-9.8955132149 , 188.363541802
-9.89039225845 , 67.9190678316
-9.885271302 , 16.4842648023
-9.88015034555 , 8.86192125471
-9.8750293891 , 24.3188292136
-9.86990843265 , 51.1605941962
-9.86478747619 , 64.1403918375
-9.85966651974 , 47.6010396776
-9.85454556329 , 20.9084775973
-9.84942460684 , 5.43561243931
-9.84430365039 , 0.836679463926
-9.83918269394 , 0.0853259048226
-9.83406173749 , 0.159370568591
-9.82894078104 , 1.55770930644
-9.82381982458 , 9.24825146446
-9.81869886813 , 32.5107854714
-9.81357791168 , 67.8502625072
-9.80845695523 , 86.3325744609
-9.80333599878 , 83.5134596893
-9.79821504233 , 128.787286565
-9.79309408588 , 292.16980503
-9.78797312942 , 500.156120924
-9.78285217297 , 558.451454205
-9.77773121652 , 425.738500756
-9.77261026007 , 294.061208875
-9.76748930362 , 276.24394641
-9.76236834717 , 260.836306219
-9.75724739072 , 166.105633695
-9.75212643427 , 64.0147400199
-9.74700547781 , 14.6539353718
-9.74188452136 , 1.99303122897
-9.73676356491 , 0.317036883362
-9.73164260846 , 2.28488396028
-9.72652165201 , 19.7060132803
-9.72140069556 , 102.398856802
-9.71627973911 , 320.463351953
-9.71115878265 , 605.810465311
-9.7060378262 , 693.769383835
-9.70091686975 , 483.410876775
-9.6957959133 , 213.699538622
-9.69067495685 , 99.3914424691
-9.6855540004 , 139.046039166
-9.68043304395 , 216.296197993
-9.6753120875 , 213.00659596
-9.67019113104 , 145.085571256
-9.66507017459 , 143.668894476
-9.65994921814 , 266.628593353
-9.65482826169 , 392.799282285
-9.64970730524 , 365.63420622
-9.64458634879 , 239.419657137
-9.63946539234 , 171.487134863
-9.63434443588 , 165.236718353
-9.62922347943 , 144.249580462
-9.62410252298 , 104.835261644
-9.61898156653 , 67.7965480207
-9.61386061008 , 34.5652056854
-9.60873965363 , 11.7428676954
-9.60361869718 , 2.45027005131
-9.59849774073 , 0.305782780575
-9.59337678427 , 0.0226503299496
-9.58825582782 , 0.000993786257813
-9.58313487137 , 2.58120453299e-05
-9.57801391492 , 3.976671711e-07
-9.57289295847 , 1.3103991826e-07
-9.56777200202 , 1.13957184175e-05
-9.56265104557 , 0.000604365357759
-9.55753008911 , 0.0190113475861
-9.55240913266 , 0.354776696714
-9.54728817621 , 3.92846638478
-9.54216721976 , 25.8235671342
-9.53704626331 , 100.92502229
-9.53192530686 , 235.999605833
-9.52680435041 , 339.128429906
-9.52168339396 , 331.039754461
-9.5165624375 , 278.202011755
-9.51144148105 , 231.183912808
-9.5063205246 , 154.248498766
-9.50119956815 , 67.2141567339
-9.4960786117 , 17.8271262601
-9.49095765525 , 3.73357344154
-9.4858366988 , 8.28433591445
-9.48071574234 , 40.5674761414
-9.47559478589 , 121.366989137
-9.47047382944 , 215.862775336
-9.46535287299 , 235.076353618
-9.46023191654 , 193.798743595
-9.45511096009 , 231.70216761
-9.44999000364 , 393.460996105
-9.44486904719 , 553.505396153
-9.43974809073 , 623.626549469
-9.43462713428 , 632.952258201
-9.42950617783 , 561.441116231
-9.42438522138 , 389.636656805
-9.41926426493 , 208.078304595
-9.41414330848 , 89.4144748525
-9.40902235203 , 30.0854165495
-9.40390139557 , 7.25605231891
-9.39878043912 , 2.9402441219
-9.39365948267 , 14.2314834535
-9.38853852622 , 63.4299330837
-9.38341756977 , 168.473860305
-9.37829661332 , 264.873564478
-9.37317565687 , 246.604694836
-9.36805470042 , 137.45989398
-9.36293374396 , 56.23605385
-9.35781278751 , 57.8444241216
-9.35269183106 , 122.251985515
-9.34757087461 , 188.02648174
-9.34244991816 , 231.094980019
-9.33732896171 , 335.799684104
-9.33220800526 , 500.302423138
-9.32708704881 , 520.516104345
-9.32196609235 , 333.357049354
-9.3168451359 , 143.968985871
-9.31172417945 , 99.0479541407
-9.306603223 , 161.498247899
-9.30148226655 , 219.664115066
-9.2963613101 , 225.431409476
-9.29124035365 , 230.445678661
-9.28611939719 , 232.473508419
-9.28099844074 , 172.386937556
-9.27587748429 , 81.6830777076
-9.27075652784 , 33.8498748604
-9.26563557139 , 55.4644579165
-9.26051461494 , 139.826008392
-9.25539365849 , 222.70366012
-9.25027270204 , 210.982039195
-9.24515174558 , 123.655067216
-9.24003078913 , 75.3085776299
-9.23490983268 , 138.503271069
-9.22978887623 , 279.792606288
-9.22466791978 , 352.098393956
-9.21954696333 , 264.548474577
-9.21442600688 , 125.80396271
-9.20930505042 , 61.2857309267
-9.20418409397 , 63.9640598072
-9.19906313752 , 73.3741876446
-9.19394218107 , 82.0926628402
-9.18882122462 , 139.71628727
-9.18370026817 , 257.90680945
-9.17857931172 , 382.869101693
-9.17345835527 , 462.313414876
-9.16833739881 , 436.186155437
-9.16321644236 , 286.807282143
-9.15809548591 , 120.951606285
-9.15297452946 , 31.5353786006
-9.14785357301 , 5.11213680241
-9.14273261656 , 1.73782002763
-9.13761166011 , 9.31304871483
-9.13249070365 , 41.676635208
-9.1273697472 , 117.945647892
-9.12224879075 , 228.654354326
-9.1171278343 , 345.007998325
-9.11200687785 , 444.036678779
-9.1068859214 , 474.259192291
-9.10176496495 , 381.713646667
-9.0966440085 , 211.573669789
-9.09152305204 , 80.3009163771
-9.08640209559 , 43.8974447052
-9.08128113914 , 85.1839884282
-9.07616018269 , 148.620110444
-9.07103922624 , 157.601682007
-9.06591826979 , 103.330622621
-9.06079731334 , 63.2698965708
-9.05567635688 , 93.5668123473
-9.05055540043 , 162.688374105
-9.04543444398 , 181.031523568
-9.04031348753 , 121.971669502
-9.03519253108 , 61.4571455075
-9.03007157463 , 68.2401008531
-9.02495061818 , 153.272181535
-9.01982966173 , 284.016221773
-9.01470870527 , 390.806549054
-9.00958774882 , 424.508004729
-9.00446679237 , 416.895272757
-8.99934583592 , 428.695868296
-8.99422487947 , 492.699777687
-8.98910392302 , 577.875802494
-8.98398296657 , 559.825129645
-8.97886201011 , 378.166269217
-8.97374105366 , 163.97168686
-8.96862009721 , 44.1491429723
-8.96349914076 , 7.57469534307
-8.95837818431 , 3.87195047844
-8.95325722786 , 19.5773037578
-8.94813627141 , 71.9521162324
-8.94301531496 , 157.447225624
-8.9378943585 , 206.740194487
-8.93277340205 , 169.12826805
-8.9276524456 , 100.671933121
-8.92253148915 , 80.9150139127
-8.9174105327 , 149.691592299
-8.91228957625 , 287.838873861
-8.9071686198 , 378.321660794
-8.90204766334 , 338.99768641
-8.89692670689 , 262.975612339
-8.89180575044 , 275.157068516
-8.88668479399 , 386.208237253
-8.88156383754 , 539.748321896
-8.87644288109 , 605.915184227
-8.87132192464 , 465.633037207
-8.86620096819 , 225.594769147
-8.86108001173 , 66.816613129
-8.85595905528 , 12.4450036657
-8.85083809883 , 6.19968350664
-8.84571714238 , 28.9846094273
-8.84059618593 , 101.706601011
-8.83547522948 , 218.386628978
-8.83035427303 , 300.908832327
-8.82523331657 , 293.711576555
-8.82011236012 , 224.961952316
-8.81499140367 , 134.186975574
-8.80987044722 , 60.1856924349
-8.80474949077 , 42.1950750892
-8.79962853432 , 97.880355711
-8.79450757787 , 207.198609369
-8.78938662142 , 298.066000791
-8.78426566496 , 311.058110957
-8.77914470851 , 266.438926402
-8.77402375206 , 248.200899158
-8.76890279561 , 294.593537098
-8.76378183916 , 304.006513184
-8.75866088271 , 204.350824671
-8.75353992626 , 82.8332401792
-8.7484189698 , 19.9425141882
-8.74329801335 , 2.84365350432
-8.7381770569 , 0.240285964498
-8.73305610045 , 0.0205912041623
-8.727935144 , 0.17465195849
-8.72281418755 , 2.13446590379
-8.7176932311 , 15.8200269888
-8.71257227465 , 71.1746418996
-8.70745131819 , 196.21277863
-8.70233036174 , 342.687478809
-8.69720940529 , 417.977228474
-8.69208844884 , 421.48240215
-8.68696749239 , 375.655804701
-8.68184653594 , 272.141510753
-8.67672557949 , 190.141888357
-8.67160462303 , 206.875220059
-8.66648366658 , 295.431254809
-8.66136271013 , 401.286984923
-8.65624175368 , 471.071104961
-8.65112079723 , 475.267761402
-8.64599984078 , 436.913007691
-8.64087888433 , 416.561453222
-8.63575792788 , 434.003643467
-8.63063697142 , 399.808503745
-8.62551601497 , 273.879253446
-8.62039505852 , 172.125054182
-8.61527410207 , 191.118992983
-8.61015314562 , 269.387475634
-8.60503218917 , 300.503984689
-8.59991123272 , 268.160047719
-8.59479027626 , 193.729821495
-8.58966931981 , 109.205173001
-8.58454836336 , 73.151467311
-8.57942740691 , 111.426110743
-8.57430645046 , 207.738535242
-8.56918549401 , 315.049565359
-8.56406453756 , 335.555879598
-8.55894358111 , 231.442027818
-8.55382262465 , 115.192331734
-8.5487016682 , 87.9701149645
-8.54358071175 , 119.903074997
-8.5384597553 , 125.65904012
-8.53333879885 , 89.6318686683
-8.5282178424 , 78.1276363811
-8.52309688595 , 130.474464617
-8.51797592949 , 197.012482968
-8.51285497304 , 210.297081563
-8.50773401659 , 191.321437078
-8.50261306014 , 203.690515427
-8.49749210369 , 223.765822017
-8.49237114724 , 185.672808048
-8.48725019079 , 127.537697643
-8.48212923434 , 126.799439518
-8.47700827788 , 174.740391116
-8.47188732143 , 251.432350163
-8.46676636498 , 375.517284137
-8.46164540853 , 474.589935847
-8.45652445208 , 423.066490713
-8.45140349563 , 248.967698295
-8.44628253918 , 94.0867963599
-8.44116158272 , 23.3310921098
-8.43604062627 , 12.6605282942
-8.43091966982 , 50.393841371
-8.42579871337 , 164.119601536
-8.42067775692 , 347.493396277
-8.41555680047 , 519.793759617
-8.41043584402 , 599.426895398
-8.40531488757 , 530.281367478
-8.40019393111 , 331.025219405
-8.39507297466 , 145.072894093
-8.38995201821 , 85.4701794471
-8.38483106176 , 135.69221157
-8.37971010531 , 202.314005419
-8.37458914886 , 230.601815719
-8.36946819241 , 300.578720502
-8.36434723595 , 464.53871994
-8.3592262795 , 574.905198647
-8.35410532305 , 511.993776848
-8.3489843666 , 368.590836669
-8.34386341015 , 236.511934476
-8.3387424537 , 120.797520962
-8.33362149725 , 41.5263214722
-8.3285005408 , 8.81901907346
-8.32337958434 , 1.12659910786
-8.31825862789 , 0.162731972831
-8.31313767144 , 1.01731992271
-8.30801671499 , 7.81940173798
-8.30289575854 , 35.7048787501
-8.29777480209 , 96.4954315185
-8.29265384564 , 154.349617668
-8.28753288918 , 146.12522574
-8.28241193273 , 81.8907397644
-8.27729097628 , 27.4084792022
-8.27217001983 , 8.13529175277
-8.26704906338 , 18.8622521175
-8.26192810693 , 70.2498689449
-8.25680715048 , 159.916723479
-8.25168619403 , 215.6059693
-8.24656523757 , 172.373072135
-8.24144428112 , 84.4355000276
-8.23632332467 , 39.5305855109
-8.23120236822 , 56.0626527968
-8.22608141177 , 96.6572525322
-8.22096045532 , 105.690990097
-8.21583949887 , 75.5090555834
-8.21071854241 , 68.5254582578
-8.20559758596 , 141.595185773
-8.20047662951 , 255.974772353
-8.19535567306 , 284.453300015
-8.19023471661 , 191.737795784
-8.18511376016 , 97.7116783077
-8.17999280371 , 101.263757657
-8.17487184726 , 218.514306022
-8.1697508908 , 447.240000485
-8.16462993435 , 692.978221363
-8.1595089779 , 717.959712925
-8.15438802145 , 465.254717883
-8.149267065 , 183.808597481
-8.14414610855 , 45.2096527548
-8.1390251521 , 15.9147982763
-8.13390419564 , 39.0611850434
-8.12878323919 , 91.1800544914
-8.12366228274 , 127.707840566
-8.11854132629 , 106.551056653
-8.11342036984 , 59.3171765376
-8.10829941339 , 61.7800644761
-8.10317845694 , 185.653123748
-8.09805750049 , 448.340697939
-8.09293654403 , 686.564625825
-8.08781558758 , 656.869619078
-8.08269463113 , 390.067041165
-8.07757367468 , 144.588867909
-8.07245271823 , 48.2856398635
-8.06733176178 , 79.0336655785
-8.06221080533 , 207.33993042
-8.05708984887 , 359.77071135
-8.05196889242 , 403.18736855
-8.04684793597 , 303.045662258
-8.04172697952 , 185.125160274
-8.03660602307 , 187.638855362
-8.03148506662 , 326.537125369
-8.02636411017 , 500.527591109
-8.02124315372 , 577.639614394
-8.01612219726 , 490.47200343
-8.01100124081 , 298.428074395
-8.00588028436 , 137.830018607
-8.00075932791 , 90.6380232024
-7.99563837146 , 128.696371757
-7.99051741501 , 159.490951306
-7.98539645856 , 127.878129205
-7.9802755021 , 73.9117406175
-7.97515454565 , 67.5277706984
-7.9700335892 , 130.267408543
-7.96491263275 , 202.818779598
-7.9597916763 , 206.193864342
-7.95467071985 , 169.629855896
-7.9495497634 , 170.252468773
-7.94442880695 , 203.421692876
-7.93930785049 , 251.753848115
-7.93418689404 , 321.399518822
-7.92906593759 , 371.627334879
-7.92394498114 , 366.884045428
-7.91882402469 , 332.937019221
-7.91370306824 , 283.063932934
-7.90858211179 , 246.235635696
-7.90346115533 , 314.631785702
-7.89834019888 , 478.118738775
-7.89321924243 , 569.221549143
-7.88809828598 , 470.951907767
-7.88297732953 , 260.635411769
-7.87785637308 , 93.1696756752
-7.87273541663 , 21.656874914
-7.86761446018 , 11.5921364827
-7.86249350372 , 54.7117488199
-7.85737254727 , 204.460083203
-7.85225159082 , 464.302120313
-7.84713063437 , 641.084598531
-7.84200967792 , 540.647624288
-7.83688872147 , 279.494891522
-7.83176776502 , 88.7491673733
-7.82664680856 , 17.495535522
-7.82152585211 , 4.1633392817
-7.81640489566 , 13.3810496776
-7.81128393921 , 49.9906964888
-7.80616298276 , 115.312412698
-7.80104202631 , 178.405266707
-7.79592106986 , 251.041258902
-7.79080011341 , 416.130990421
-7.78567915695 , 611.059771601
-7.7805582005 , 602.286510513
-7.77543724405 , 369.742878337
-7.7703162876 , 152.870633305
-7.76519533115 , 98.6465029224
-7.7600743747 , 189.67978125
-7.75495341825 , 360.617870243
-7.74983246179 , 518.421207871
-7.74471150534 , 576.689443963
-7.73959054889 , 572.451713998
-7.73446959244 , 588.844130633
-7.72934863599 , 550.358714163
-7.72422767954 , 374.311445454
-7.71910672309 , 165.801872009
-7.71398576664 , 46.4164283105
-7.70886481018 , 14.4373354677
-7.70374385373 , 41.4894069844
-7.69862289728 , 149.853347483
-7.69350194083 , 338.907844386
-7.68838098438 , 475.892968831
-7.68326002793 , 418.888795221
-7.67813907148 , 242.410859674
-7.67301811502 , 149.810944733
-7.66789715857 , 257.737677716
-7.66277620212 , 518.276174611
-7.65765524567 , 712.925256623
-7.65253428922 , 654.408425003
-7.64741333277 , 419.845469942
-7.64229237632 , 200.658728775
-7.63717141987 , 74.277835784
-7.63205046341 , 27.831915871
-7.62692950696 , 51.0473078984
-7.62180855051 , 167.416538456
-7.61668759406 , 361.060657045
-7.61156663761 , 487.266580365
-7.60644568116 , 426.974190583
-7.60132472471 , 276.693949097
-7.59620376825 , 170.834597146
-7.5910828118 , 104.632243608
-7.58596185535 , 48.8041531716
-7.5808408989 , 14.5079150511
-7.57571994245 , 2.59943304281
-7.570598986 , 0.280721550893
-7.56547802955 , 0.110636286352
-7.5603570731 , 1.32921610232
-7.55523611664 , 11.3534971973
-7.55011516019 , 58.8063497526
-7.54499420374 , 188.284694965
-7.53987324729 , 383.903890413
-7.53475229084 , 516.121655321
-7.52963133439 , 470.572879656
-7.52451037794 , 304.67431235
-7.51938942148 , 189.469088448
-7.51426846503 , 221.481411607
-7.50914750858 , 366.179433245
-7.50402655213 , 508.995526263
-7.49890559568 , 513.1459243
-7.49378463923 , 380.484693668
-7.48866368278 , 271.289065104
-7.48354272633 , 286.29890601
-7.47842176987 , 357.695041696
-7.47330081342 , 385.159861306
-7.46817985697 , 409.660751899
-7.46305890052 , 497.354778697
-7.45793794407 , 593.076714932
-7.45281698762 , 590.700649481
-7.44769603117 , 448.116845999
-7.44257507471 , 252.544567047
-7.43745411826 , 135.554910086
-7.43233316181 , 114.206767749
-7.42721220536 , 106.996838356
-7.42209124891 , 86.4486651916
-7.41697029246 , 116.053937104
-7.41184933601 , 230.901652887
-7.40672837956 , 347.045236957
-7.4016074231 , 354.664653841
-7.39648646665 , 257.331689014
-7.3913655102 , 134.218710025
-7.38624455375 , 49.4638855211
-7.3811235973 , 22.9017752685
-7.37600264085 , 54.3393203897
-7.3708816844 , 151.149053865
-7.36576072794 , 319.21373971
-7.36063977149 , 572.626959527
-7.35551881504 , 848.088349922
-7.35039785859 , 925.700059618
-7.34527690214 , 733.59093368
-7.34015594569 , 455.695884088
-7.33503498924 , 239.357820108
-7.32991403279 , 150.434609034
-7.32479307633 , 196.870063373
-7.31967211988 , 269.953227411
-7.31455116343 , 248.83487801
-7.30943020698 , 185.111946937
-7.30430925053 , 238.725555384
-7.29918829408 , 439.414046945
-7.29406733763 , 598.936110478
-7.28894638118 , 532.613936116
-7.28382542472 , 329.907567591
-7.27870446827 , 218.242782539
-7.27358351182 , 257.653451043
-7.26846255537 , 326.101933655
-7.26334159892 , 350.948055366
-7.25822064247 , 402.061510753
-7.25309968602 , 473.606356496
-7.24797872956 , 427.428244045
-7.24285777311 , 252.953377996
-7.23773681666 , 93.3996359728
-7.23261586021 , 21.2074675137
-7.22749490376 , 4.18929802613
-7.22237394731 , 8.92463972967
-7.21725299086 , 34.138247151
-7.21213203441 , 79.3714690894
-7.20701107795 , 109.837204588
-7.2018901215 , 95.2612317055
-7.19676916505 , 77.4309159543
-7.1916482086 , 123.110211553
-7.18652725215 , 212.522458372
-7.1814062957 , 237.944705435
-7.17628533925 , 169.597568169
-7.17116438279 , 122.096012114
-7.16604342634 , 186.549978499
-7.16092246989 , 295.761581876
-7.15580151344 , 301.257900966
-7.15068055699 , 195.003881339
-7.14555960054 , 121.60526562
-7.14043864409 , 157.763761785
-7.13531768764 , 224.058246896
-7.13019673118 , 216.534820478
-7.12507577473 , 167.655454281
-7.11995481828 , 159.504303635
-7.11483386183 , 165.433783147
-7.10971290538 , 141.428892089
-7.10459194893 , 126.728594447
-7.09947099248 , 146.102997957
-7.09435003602 , 158.359447314
-7.08922907957 , 160.264941945
-7.08410812312 , 213.160016151
-7.07898716667 , 310.786628954
-7.07386621022 , 355.401438523
-7.06874525377 , 300.115798781
-7.06362429732 , 201.868540356
-7.05850334087 , 150.237843702
-7.05338238441 , 190.969394362
-7.04826142796 , 277.507629231
-7.04314047151 , 341.2646628
-7.03801951506 , 354.937623098
-7.03289855861 , 290.840595488
-7.02777760216 , 195.832830086
-7.02265664571 , 194.915384038
-7.01753568925 , 307.545571068
-7.0124147328 , 419.691233468
-7.00729377635 , 437.316174341
-7.0021728199 , 349.974976769
-6.99705186345 , 203.569709338
-6.991930907 , 79.2341046145
-6.98680995055 , 19.5055227001
-6.9816889941 , 3.9563465656
-6.97656803764 , 9.36028581606
-6.97144708119 , 47.7839448822
-6.96632612474 , 154.256158831
-6.96120516829 , 314.006023561
-6.95608421184 , 414.40778291
-6.95096325539 , 361.852990542
-6.94584229894 , 211.562741653
-6.94072134248 , 91.690964264
-6.93560038603 , 50.3031965178
-6.93047942958 , 45.3376058818
-6.92535847313 , 39.486509307
-6.92023751668 , 55.3444220545
-6.91511656023 , 150.702019196
-6.90999560378 , 333.547862426
-6.90487464733 , 489.057374107
-6.89975369087 , 478.982099935
-6.89463273442 , 316.754007116
-6.88951177797 , 142.613457927
-6.88439082152 , 62.4184636753
-6.87926986507 , 90.3555952811
-6.87414890862 , 178.137724107
-6.86902795217 , 223.521235347
-6.86390699571 , 169.310457522
-6.85878603926 , 90.8680240955
-6.85366508281 , 77.2938539284
-6.84854412636 , 116.50002116
-6.84342316991 , 131.424837192
-6.83830221346 , 90.0671751326
-6.83318125701 , 40.1577630426
-6.82806030056 , 29.6386697427
-6.8229393441 , 68.099132188
-6.81781838765 , 129.428005067
-6.8126974312 , 169.342242436
-6.80757647475 , 218.845725637
-6.8024555183 , 360.846490343
-6.79733456185 , 528.123800118
-6.7922136054 , 565.501408895
-6.78709264894 , 488.740154179
-6.78197169249 , 392.290964872
-6.77685073604 , 307.473824851
-6.77172977959 , 239.160762445
-6.76660882314 , 161.340784572
-6.76148786669 , 76.4063755724
-6.75636691024 , 22.6998104087
-6.75124595379 , 5.13673460144
-6.74612499733 , 10.1092210132
-6.74100404088 , 50.4685092085
-6.73588308443 , 157.147643254
-6.73076212798 , 295.482000776
-6.72564117153 , 351.363516125
-6.72052021508 , 320.671700259
-6.71539925863 , 321.415153819
-6.71027830217 , 335.142578511
-6.70515734572 , 258.569994564
-6.70003638927 , 140.705035086
-6.69491543282 , 93.8857895279
-6.68979447637 , 118.121509226
-6.68467351992 , 136.057961467
-6.67955256347 , 117.558733157
-6.67443160702 , 90.3319894495
-6.66931065056 , 62.7015497501
-6.66418969411 , 33.4263152826
-6.65906873766 , 21.7670244648
-6.65394778121 , 48.6625795295
-6.64882682476 , 111.728579107
-6.64370586831 , 157.622731602
-6.63858491186 , 131.85503891
-6.6334639554 , 65.3068048794
-6.62834299895 , 19.4902607857
-6.6232220425 , 7.20464245901
-6.61810108605 , 25.4061378599
-6.6129801296 , 96.1935058275
-6.60785917315 , 221.744144216
-6.6027382167 , 316.320901649
-6.59761726025 , 300.652425486
-6.59249630379 , 221.975060622
-6.58737534734 , 170.297906425
-6.58225439089 , 195.489356762
-6.57713343444 , 259.432567148
-6.57201247799 , 247.90786613
-6.56689152154 , 145.71946803
-6.56177056509 , 52.400818812
-6.55664960863 , 20.8369832152
-6.55152865218 , 44.4568554164
-6.54640769573 , 108.25511379
-6.54128673928 , 166.179954031
-6.53616578283 , 176.279398958
-6.53104482638 , 181.674704257
-6.52592386993 , 236.166791908
-6.52080291348 , 304.546180791
-6.51568195702 , 313.195773204
-6.51056100057 , 238.010955271
-6.50544004412 , 130.741532004
-6.50031908767 , 70.239530963
-6.49519813122 , 91.1120239353
-6.49007717477 , 151.29400778
-6.48495621832 , 164.925071554
-6.47983526186 , 113.896713253
-6.47471430541 , 70.1473548008
-6.46959334896 , 71.92969833
-6.46447239251 , 79.4955707254
-6.45935143606 , 57.8298441408
-6.45423047961 , 25.2075098175
-6.44910952316 , 6.52017418614
-6.44398856671 , 1.16101762673
-6.43886761025 , 2.03974376992
-6.4337466538 , 13.8256981862
-6.42862569735 , 58.8933208513
-6.4235047409 , 150.863758583
-6.41838378445 , 232.566755219
-6.413262828 , 217.594944648
-6.40814187155 , 129.850609018
-6.40302091509 , 60.8651833651
-6.39789995864 , 31.9156697583
-6.39277900219 , 16.8361897091
-6.38765804574 , 6.27887292412
-6.38253708929 , 1.60338709342
-6.37741613284 , 2.23757678392
-6.37229517639 , 14.9041469014
-6.36717421994 , 66.2514575295
-6.36205326348 , 182.663648748
-6.35693230703 , 317.243043415
-6.35181135058 , 351.480359624
-6.34669039413 , 249.191084491
-6.34156943768 , 112.395017998
-6.33644848123 , 33.6889359105
-6.33132752478 , 14.988912529
-6.32620656832 , 25.4589799596
-6.32108561187 , 38.4726389843
-6.31596465542 , 35.1360877041
-6.31084369897 , 19.0086398936
-6.30572274252 , 6.09015637429
-6.30060178607 , 1.22600130549
-6.29548082962 , 1.01864353505
-6.29035987317 , 6.46686712945
-6.28523891671 , 27.7608306494
-6.28011796026 , 70.6248194668
-6.27499700381 , 106.343095382
-6.26987604736 , 94.7875958055
-6.26475509091 , 50.2542911791
-6.25963413446 , 18.1705203242
-6.25451317801 , 17.7038684978
-6.24939222155 , 52.5626359381
-6.2442712651 , 116.841993427
-6.23915030865 , 179.379584962
-6.2340293522 , 212.728590318
-6.22890839575 , 214.871717581
-6.2237874393 , 197.054962203
-6.21866648285 , 170.802594199
-6.2135455264 , 126.776159124
-6.20842456994 , 74.713076462
-6.20330361349 , 67.2036605285
-6.19818265704 , 138.82706722
-6.19306170059 , 243.69087486
-6.18794074414 , 270.633703192
-6.18281978769 , 184.751173165
-6.17769883124 , 76.9560963967
-6.17257787478 , 19.4338846559
-6.16745691833 , 2.95804402936
-6.16233596188 , 0.276669350129
-6.15721500543 , 0.131699981256
-6.15209404898 , 1.21110590006
-6.14697309253 , 7.4156313557
-6.14185213608 , 26.8892635165
-6.13673117963 , 57.7972236009
-6.13161022317 , 74.6125900194
-6.12648926672 , 64.8146262905
-6.12136831027 , 66.5920468081
-6.11624735382 , 116.575786219
-6.11112639737 , 178.721814371
-6.10600544092 , 181.626798584
-6.10088448447 , 120.984809686
-6.09576352801 , 55.7092318492
-6.09064257156 , 28.6854425982
-6.08552161511 , 45.4606028556
-6.08040065866 , 85.6249041232
-6.07527970221 , 105.65215527
-6.07015874576 , 80.2472070145
-6.06503778931 , 38.8047097643
-6.05991683286 , 18.247492846
-6.0547958764 , 19.3515050379
-6.04967491995 , 22.7784811465
-6.0445539635 , 17.3085623114
-6.03943300705 , 10.2698743076
-6.0343120506 , 21.3608117577
-6.02919109415 , 85.2774911161
-6.0240701377 , 223.134605505
-6.01894918124 , 350.904542238
-6.01382822479 , 332.515847419
-6.00870726834 , 198.948065983
-6.00358631189 , 109.339178521
-5.99846535544 , 125.679496956
-5.99334439899 , 189.544912302
-5.98822344254 , 235.746088271
-5.98310248609 , 243.014333546
-5.97798152963 , 204.050694552
-5.97286057318 , 136.519754935
-5.96773961673 , 82.9411624925
-5.96261866028 , 51.4457552461
-5.95749770383 , 26.7827158418
-5.95237674738 , 9.33345007961
-5.94725579093 , 1.98983105035
-5.94213483447 , 0.253168223466
-5.93701387802 , 0.0191036956862
-5.93189292157 , 0.00085411099852
-5.92677196512 , 5.46812703479e-05
-5.92165100867 , 0.0012678074014
-5.91653005222 , 0.0296867017523
-5.91140909577 , 0.412698199306
-5.90628813932 , 3.40704727398
-5.90116718286 , 16.7134384479
-5.89604622641 , 48.7523478681
-5.89092526996 , 84.6247791039
-5.88580431351 , 87.4835508096
-5.88068335706 , 53.907782077
-5.87556240061 , 19.8173158966
-5.87044144416 , 4.35241111689
-5.8653204877 , 0.633418769599
-5.86019953125 , 0.904444472409
-5.8550785748 , 6.97987433748
-5.84995761835 , 33.7079634834
-5.8448366619 , 97.0348095031
-5.83971570545 , 166.750829484
-5.834594749 , 172.150789322
-5.82947379255 , 112.605666941
-5.82435283609 , 68.8861782107
-5.81923187964 , 80.1455187761
-5.81411092319 , 103.411495604
-5.80898996674 , 95.3967001827
-5.80386901029 , 76.3402339863
-5.79874805384 , 70.47839189
-5.79362709739 , 58.6695003695
-5.78850614093 , 32.5094369047
-5.78338518448 , 10.9707452862
-5.77826422803 , 2.99172407395
-5.77314327158 , 6.78477615451
-5.76802231513 , 31.3159598365
-5.76290135868 , 90.0256224186
-5.75778040223 , 155.588593007
-5.75265944578 , 162.260666229
-5.74753848932 , 106.41217578
-5.74241753287 , 63.7550294686
-5.73729657642 , 81.2565718937
-5.73217561997 , 122.669828754
-5.72705466352 , 120.742394479
-5.72193370707 , 72.3181200729
-5.71681275062 , 32.2130446276
-5.71169179416 , 28.097542875
-5.70657083771 , 42.4527634118
-5.70144988126 , 45.9836020429
-5.69632892481 , 35.2992164084
-5.69120796836 , 35.4972298754
-5.68608701191 , 56.3073813194
-5.68096605546 , 70.4095287404
-5.67584509901 , 54.7063344764
-5.67072414255 , 27.4408667502
-5.6656031861 , 17.6178390982
-5.66048222965 , 31.781907881
-5.6553612732 , 52.4573777093
-5.65024031675 , 52.9702207379
-5.6451193603 , 31.7196998548
-5.63999840385 , 11.2433591976
-5.63487744739 , 2.35877025739
-5.62975649094 , 0.292883522496
-5.62463553449 , 0.0215240412095
-5.61951457804 , 0.000936270285987
-5.61439362159 , 2.93284386111e-05
-5.60927266514 , 0.000258973575467
-5.60415170869 , 0.00757240834168
-5.59903075224 , 0.131234824215
-5.59390979578 , 1.34612369305
-5.58878883933 , 8.17224653858
-5.58366788288 , 29.3642267858
-5.57854692643 , 62.4476792074
-5.57342596998 , 78.6022335389
-5.56830501353 , 58.5579053625
-5.56318405708 , 25.8539139144
-5.55806310062 , 7.1981550374
-5.55294214417 , 4.61335151604
-5.54782118772 , 16.5893942489
-5.54270023127 , 45.3425848898
-5.53757927482 , 74.2414030682
-5.53245831837 , 72.4712508177
-5.52733736192 , 42.1952587367
-5.52221640547 , 14.6604705533
-5.51709544901 , 3.04073785911
-5.51197449256 , 0.376593729983
-5.50685353611 , 0.0283491261959
-5.50173257966 , 0.0130949366974
-5.49661162321 , 0.171123928468
-5.49149066676 , 1.50059161688
-5.48636971031 , 8.01344107946
-5.48124875385 , 26.0452936039
-5.4761277974 , 51.4830626741
-5.47100684095 , 62.2739030358
-5.4658858845 , 49.0644475986
-5.46076492805 , 35.7763903127
-5.4556439716 , 43.439231883
-5.45052301515 , 65.0380353234
-5.4454020587 , 78.9321751975
-5.44028110224 , 67.1542917818
-5.43516014579 , 36.8822418258
-5.43003918934 , 12.462008934
-5.42491823289 , 2.53205636301
-5.41979727644 , 0.306410082825
-5.41467631999 , 0.0219999359851
-5.40955536354 , 0.000961975140924
-5.40443440708 , 0.000974336898964
-5.39931345063 , 0.0206710048707
-5.39419249418 , 0.269854156019
-5.38907153773 , 2.11731764829
-5.38395058128 , 10.0087078306
-5.37882962483 , 28.7640445821
-5.37370866838 , 51.9538900236
-5.36858771193 , 65.3208733963
-5.36346675547 , 69.2885386293
-5.35834579902 , 67.2934474558
-5.35322484257 , 50.8417589047
-5.34810388612 , 25.6135955269
-5.34298292967 , 9.94414905203
-5.33786197322 , 11.64158765
-5.33274101677 , 28.7654497881
-5.32762006031 , 47.5059101442
-5.32249910386 , 46.6758534475
-5.31737814741 , 27.1493473243
-5.31225719096 , 9.34780010711
-5.30713623451 , 1.92432031185
-5.30201527806 , 0.455979441178
-5.29689432161 , 1.55181254036
-5.29177336516 , 6.17921464126
-5.2866524087 , 14.8661788633
-5.28153145225 , 22.2851219773
-5.2764104958 , 24.5956966027
-5.27128953935 , 27.9017051866
-5.2661685829 , 33.4074902369
-5.26104762645 , 34.4110333325
-5.25592667 , 37.6098193747
-5.25080571355 , 52.6471090773
-5.24568475709 , 69.3920733767
-5.24056380064 , 71.5943103133
-5.23544284419 , 54.4465346405
-5.23032188774 , 29.673274777
-5.22520093129 , 16.0479893378
-5.22007997484 , 17.3702320354
-5.21495901839 , 20.9695915892
-5.20983806193 , 17.7381909027
-5.20471710548 , 13.8065137204
-5.19959614903 , 17.43189336
-5.19447519258 , 27.9283916447
-5.18935423613 , 39.7538546887
-5.18423327968 , 42.6640183355
-5.17911232323 , 30.3554787684
-5.17399136678 , 13.3402637784
-5.16887041032 , 3.52050627137
-5.16374945387 , 0.552489517086
-5.15862849742 , 0.0513957821157
-5.15350754097 , 0.00283116016746
-5.14838658452 , 9.23187208946e-05
-5.14326562807 , 1.78179143603e-06
-5.13814467162 , 2.03540451494e-08
-5.13302371516 , 1.37615252462e-10
-5.12790275871 , 5.50684480631e-13
-5.12278180226 , 1.30424456866e-15
-5.11766084581 , 1.82824759425e-18
-5.11253988936 , 1.51680833925e-21
-5.10741893291 , 7.4481105388e-25
-5.10229797646 , 2.35655219253e-28
-5.09717702001 , 7.35883054501e-26
-5.09205606355 , 1.66987621051e-22
-5.0869351071 , 2.24274546516e-19
-5.08181415065 , 1.78277173693e-16
-5.0766931942 , 8.38748239448e-14
-5.07157223775 , 2.33554304669e-11
-5.0664512813 , 3.84915348e-09
-5.06133032485 , 3.75461879511e-07
-5.05620936839 , 2.16768616032e-05
-5.05108841194 , 0.000740760714559
-5.04596745549 , 0.0149857780853
-5.04084649904 , 0.179570289172
-5.03572554259 , 1.27693938823
-5.03060458614 , 5.42621030005
-5.02548362969 , 14.1308865645
-5.02036267324 , 24.5126222829
-5.01524171678 , 34.2341396554
-5.01012076033 , 44.5118120326
-5.00499980388 , 47.2347106582
-4.99987884743 , 33.8471473461
-4.99475789098 , 15.6941326755
-4.98963693453 , 8.16018327621
-4.98451597808 , 13.7649823241
-4.97939502162 , 24.3313320515
-4.97427406517 , 26.6173320146
-4.96915310872 , 17.7885589013
-4.96403215227 , 9.02274612201
-4.95891119582 , 7.08930528566
-4.95379023937 , 7.75973544967
-4.94866928292 , 6.09338185703
-4.94354832647 , 3.27363053104
-4.93842737001 , 3.26291485923
-4.93330641356 , 8.68284269951
-4.92818545711 , 17.5680976579
-4.92306450066 , 21.3324099955
-4.91794354421 , 15.3413977614
-4.91282258776 , 6.53015319298
-4.90770163131 , 1.64513689978
-4.90258067485 , 0.245301566678
-4.8974597184 , 0.0216480197178
-4.89233876195 , 0.00113072137147
-4.8872178055 , 3.4955265055e-05
-4.88209684905 , 6.39571600938e-07
-4.8769758926 , 6.92604511552e-09
-4.87185493615 , 4.43916240562e-11
-4.8667339797 , 1.68397765512e-13
-4.86161302324 , 3.78086515144e-16
-4.85649206679 , 5.02418502301e-19
-4.85137111034 , 3.95147859725e-22
-4.84625015389 , 1.83938743859e-25
-4.84112919744 , 5.06764718911e-29
-4.83600824099 , 8.26340806584e-33
-4.83088728454 , 7.99404388123e-37
-4.82576632808 , 1.94863974804e-39
-4.82064537163 , 1.90388308597e-39
-4.81552441518 , 1.90388308597e-39
-4.81040345873 , 1.90388308597e-39
-4.80528250228 , 1.90388308597e-39
-4.80016154583 , 1.90388308597e-39
-4.79504058938 , 1.90388308597e-39
-4.78991963293 , 1.90388308597e-39
-4.78479867647 , 3.97340969249e-39
-4.77967772002 , 3.08503445701e-35
-4.77455676357 , 2.71932638118e-31
-4.76943580712 , 1.41876098341e-27
-4.76431485067 , 4.38103730571e-24
-4.75919389422 , 8.00690133331e-21
-4.75407293777 , 8.66107527583e-18
-4.74895198131 , 5.54496692868e-15
-4.74383102486 , 2.10109610679e-12
-4.73871006841 , 4.71208033952e-10
-4.73358911196 , 6.25459603771e-08
-4.72846815551 , 4.91366625231e-06
-4.72334719906 , 0.000228471406227
-4.71822624261 , 0.00628749807427
-4.71310528616 , 0.102410311154
-4.7079843297 , 0.987254942299
-4.70286337325 , 5.63293523075
-4.6977424168 , 19.0221678188
-4.69262146035 , 38.0193834812
-4.6875005039 , 44.9748725596
-4.68237954745 , 31.4886921219
-4.677258591 , 13.0484556499
-4.67213763454 , 3.20024637819
-4.66701667809 , 0.464544717008
-4.66189572164 , 0.0399108931934
-4.65677476519 , 0.00202945228333
-4.65165380874 , 6.24452869436e-05
-4.64653285229 , 6.60283918997e-05
-4.64141189584 , 0.00183791570944
-4.63629093939 , 0.0311234796812
-4.63116998293 , 0.316900859635
-4.62604902648 , 1.95239662045
-4.62092807003 , 7.3327898738
-4.61580711358 , 16.9194084788
-4.61068615713 , 24.137750414
-4.60556520068 , 21.3617466438
-4.60044424423 , 11.7208979664
-4.59532328777 , 4.03055392192
-4.59020233132 , 1.4529453333
-4.58508137487 , 3.65554262549
-4.57996041842 , 11.8314958625
-4.57483946197 , 23.2937671247
-4.56971850552 , 27.1605611513
-4.56459754907 , 18.7504276301
-4.55947659262 , 7.75707732912
-4.55435563616 , 2.75206744919
-4.54923467971 , 5.01653150626
-4.54411372326 , 14.8497213218
-4.53899276681 , 27.38495821
-4.53387181036 , 29.934872932
-4.52875085391 , 19.3982540841
-4.52362989746 , 7.70113577264
-4.518508941 , 3.1319231405
-4.51338798455 , 4.58164867651
-4.5082670281 , 7.75581029036
-4.50314607165 , 8.1359006486
-4.4980251152 , 5.06520208174
-4.49290415875 , 1.91954043605
-4.4877832023 , 0.942629218896
-4.48266224585 , 3.12410069691
-4.47754128939 , 10.4164510133
-4.47242033294 , 20.8906797679
-4.46729937649 , 24.8064374928
-4.46217842004 , 17.4340941853
-4.45705746359 , 7.25193708453
-4.45193650714 , 1.78537002476
-4.44681555069 , 0.260148915685
-4.44169459423 , 0.0224354802765
-4.43657363778 , 0.00114516559436
-4.43145268133 , 3.45955932074e-05
-4.42633172488 , 6.18575680909e-07
-4.42121076843 , 6.54612767748e-09
-4.41608981198 , 4.10011153711e-11
-4.41096885553 , 1.51993998614e-13
-4.40584789908 , 3.33485364831e-16
-4.40072694262 , 4.33058620557e-19
-4.39560598617 , 3.32840500697e-22
-4.39048502972 , 1.5140674219e-25
-4.38536407327 , 4.07637221596e-29
-4.38024311682 , 6.49564299436e-33
-4.37512216037 , 6.14520987988e-37
-4.37000120392 , 1.93714918643e-39
-4.36488024746 , 1.90388308597e-39
-4.35975929101 , 1.90388308597e-39
-4.35463833456 , 1.90388308597e-39
-4.34951737811 , 1.90388308597e-39
-4.34439642166 , 1.90388308597e-39
-4.33927546521 , 1.90388308597e-39
-4.33415450876 , 1.90388308597e-39
-4.32903355231 , 1.90388308597e-39
-4.32391259585 , 1.90388308597e-39
-4.3187916394 , 1.90388308597e-39
-4.31367068295 , 1.90388308597e-39
-4.3085497265 , 1.90388308597e-39
-4.30342877005 , 1.90388308597e-39
-4.2983078136 , 1.90388308597e-39
-4.29318685715 , 1.90388308597e-39
-4.28806590069 , 1.90388308597e-39
-4.28294494424 , 1.90388308597e-39
-4.27782398779 , 1.90388308597e-39
-4.27270303134 , 2.27427948449e-39
-4.26758207489 , 5.91358788585e-36
-4.26246111844 , 5.56847455454e-32
-4.25734016199 , 3.10442171517e-28
-4.25221920554 , 1.02434146557e-24
-4.24709824908 , 2.00045297582e-21
-4.24197729263 , 2.3122324581e-18
-4.23685633618 , 1.58180954726e-15
-4.23173537973 , 6.40466537982e-13
-4.22661442328 , 1.53482282479e-10
-4.22149346683 , 2.17690565019e-08
-4.21637251038 , 1.82742901802e-06
-4.21125155392 , 9.07948007528e-05
-4.20613059747 , 0.00266993688884
-4.20100964102 , 0.0464687044394
-4.19588868457 , 0.478673831516
-4.19076772812 , 2.91835661258
-4.18564677167 , 10.5306841489
-4.18052581522 , 22.4902543352
-4.17540485877 , 28.4283529869
-4.17028390231 , 21.2680946625
-4.16516294586 , 9.41727001389
-4.16004198941 , 2.46797646389
-4.15492103296 , 0.382804079528
-4.14980007651 , 0.0351424205647
-4.14467912006 , 0.00190961575934
-4.13955816361 , 7.37936156127e-05
-4.13443720715 , 0.000521772715502
-4.1293162507 , 0.0129478070839
-4.12419529425 , 0.190591558027
-4.1190743378 , 1.66047038212
-4.11395338135 , 8.56205865215
-4.1088324249 , 26.1303276398
-4.10371146845 , 47.1988159204
-4.098590512 , 50.4588029716
-4.09346955554 , 31.9273133898
-4.08834859909 , 11.9565916841
-4.08322764264 , 2.6501595027
-4.07810668619 , 0.347661195776
-4.07298572974 , 0.0269935508634
-4.06786477329 , 0.00124046183515
-4.06274381684 , 3.3738548005e-05
-4.05762286038 , 5.43111452301e-07
-4.05250190393 , 5.174532568e-09
-4.04738094748 , 2.91791663769e-11
-4.04225999103 , 9.73891878646e-14
-4.03713903458 , 2.38748640031e-15
-4.03201807813 , 7.69995491925e-13
-4.02689712168 , 1.5985929836e-10
-4.02177616523 , 1.96429759925e-08
-4.01665520877 , 1.42855250093e-06
-4.01153425232 , 6.14900239764e-05
-4.00641329587 , 0.00156650813855
-4.00129233942 , 0.0236200158805
-3.99617138297 , 0.210788664163
-3.99105042652 , 1.11335548875
-3.98592947007 , 3.48048682396
-3.98080851361 , 6.43970050862
-3.97568755716 , 7.05197692812
-3.97056660071 , 4.57062543406
-3.96544564426 , 1.75331487708
-3.96032468781 , 0.398073933553
-3.95520373136 , 0.0534917861015
-3.95008277491 , 0.00425431844751
-3.94496181846 , 0.000200259177047
-3.939840862 , 5.57923167821e-06
-3.93471990555 , 9.19974760741e-08
-3.9295989491 , 8.98774636128e-10
-3.92447799265 , 2.1979468134e-10
-3.9193570362 , 2.90367824034e-08
-3.91423607975 , 2.32524724917e-06
-3.9091151233 , 0.000110207184663
-3.90399416684 , 0.003091509116
-3.89887321039 , 0.0513276061015
-3.89375225394 , 0.504372435902
-3.88863129749 , 2.93340193464
-3.88351034104 , 10.0974649561
-3.87838938459 , 20.5723993499
-3.87326842814 , 24.818908949
-3.86814747169 , 17.8652547006
-3.86302651523 , 8.65364884298
-3.85790555878 , 6.91839307211
-3.85278460233 , 13.1072889048
-3.84766364588 , 19.3224270537
-3.84254268943 , 17.1804900343
-3.83742173298 , 9.05132747202
-3.83230077653 , 2.82251881555
-3.82717982007 , 0.520934041833
-3.82205886362 , 0.0569047359285
-3.81693790717 , 0.0036790337951
-3.81181695072 , 0.000140779308619
-3.80669599427 , 3.1883323518e-06
-3.80157503782 , 4.27741607016e-08
-3.79645408137 , 5.38715329925e-09
-3.79133312492 , 4.10169428665e-07
-3.78621216846 , 1.97249117147e-05
-3.78109121201 , 0.000561420246341
-3.77597025556 , 0.00945759275834
-3.77084929911 , 0.0942958728904
-3.76572834266 , 0.556447630384
-3.76060738621 , 1.94345928246
-3.75548642976 , 4.01740977116
-3.7503654733 , 4.9151452171
-3.74524451685 , 3.55914852812
-3.7401235604 , 1.5253707254
-3.73500260395 , 0.386922726113
-3.7298816475 , 0.0580888270748
-3.72476069105 , 0.0051615544394
-3.7196397346 , 0.000271448817285
-3.71451877815 , 8.44918718863e-06
-3.70939782169 , 1.55654416063e-07
-3.70427686524 , 1.69717840761e-09
-3.69915590879 , 1.09524955702e-11
-3.69403495234 , 4.1846609896e-14
-3.68891399589 , 8.43384772839e-15
-3.68379303944 , 3.00724880179e-12
-3.67867208299 , 6.4184748937e-10
-3.67355112653 , 8.10811046933e-08
-3.66843017008 , 6.06237719166e-06
-3.66330921363 , 0.000268306152935
-3.65818825718 , 0.00703015130554
-3.65306730073 , 0.109113234542
-3.64794634428 , 1.00467493475
-3.64282538783 , 5.51124519494
-3.63770443138 , 18.2218420217
-3.63258347492 , 37.413132544
-3.62746251847 , 50.9176807368
-3.62234156202 , 50.5692391942
-3.61722060557 , 38.5738622104
-3.61209964912 , 21.3484340836
-3.60697869267 , 7.79045617197
-3.60185773622 , 1.76066477057
-3.59673677976 , 0.239570605371
-3.59161582331 , 0.019412896387
-3.58649486686 , 0.000933081284025
-3.58137391041 , 2.65647117396e-05
-3.57625295396 , 4.47743584258e-07
-3.57113199751 , 4.46699447197e-09
-3.56601104106 , 2.63776530118e-11
-3.56089008461 , 9.21896223784e-14
-3.55576912815 , 1.90699567651e-16
-3.5506481717 , 2.33473709742e-19
-3.54552721525 , 1.69178997005e-22
-3.5404062588 , 7.25562698394e-26
-3.53528530235 , 1.84171928966e-29
-3.5301643459 , 2.76689206681e-33
-3.52504338945 , 2.80188286057e-36
-3.51992243299 , 2.56399529214e-32
-3.51480147654 , 1.52349485036e-28
-3.50968052009 , 5.35777896692e-25
-3.50455956364 , 1.1151893121e-21
-3.49943860719 , 1.37382813906e-18
-3.49431765074 , 1.00169664696e-15
-3.48919669429 , 4.32274917484e-13
-3.48407573784 , 1.10408842612e-10
-3.47895478138 , 1.66904360283e-08
-3.47383382493 , 1.49331529228e-06
-3.46871286848 , 7.90779400371e-05
-3.46359191203 , 0.00247844444097
-3.45847095558 , 0.0459751371729
-3.45334999913 , 0.504762270711
-3.44822904268 , 3.27997658353
-3.44310808622 , 12.6146326327
-3.43798712977 , 28.71431618
-3.43286617332 , 38.684978151
-3.42774521687 , 30.8465246374
-3.42262426042 , 14.5576117666
-3.41750330397 , 4.06624959895
-3.41238234752 , 0.672230414773
-3.40726139107 , 0.0657958116152
-3.40214043461 , 0.00456136558557
-3.39701947816 , 0.0163410321735
-3.39189852171 , 0.206758271473
-3.38677756526 , 1.56077008088
-3.38165660881 , 6.97333369193
-3.37653565236 , 18.4400419918
-3.37141469591 , 28.8604631509
-3.36629373945 , 26.7340416279
-3.361172783 , 14.6570267831
-3.35605182655 , 4.75606819646
-3.3509308701 , 0.913862811668
-3.34580991365 , 0.114589930142
-3.3406889572 , 0.160132642526
-3.33556800075 , 1.29000921147
-3.3304470443 , 6.42847914634
-3.32532608784 , 18.9642659434
-3.32020513139 , 33.11188311
-3.31508417494 , 34.2177408434
-3.30996321849 , 20.9285139702
-3.30484226204 , 7.57608885026
-3.29972130559 , 1.62319776702
-3.29460034914 , 0.205854124312
-3.28947939268 , 0.0160640492932
-3.28435843623 , 0.0118607844507
-3.27923747978 , 0.120058231818
-3.27411652333 , 0.763207701572
-3.26899556688 , 2.87195784314
-3.26387461043 , 6.39636300675
-3.25875365398 , 8.43155567663
-3.25363269753 , 6.57812146044
-3.24851174107 , 3.03749541384
-3.24339078462 , 0.830135411796
-3.23826982817 , 0.134277057741
-3.23314887172 , 0.0128550644796
-3.22802791527 , 0.000728393847756
-3.22290695882 , 2.44274338152e-05
-3.21778600237 , 4.84851773243e-07
-3.21266504592 , 5.69586513998e-09
-3.20754408946 , 3.96031749657e-11
-3.20242313301 , 1.6459057365e-13
-3.19730217656 , 5.65707312818e-13
-3.19218122011 , 1.17043813847e-10
-3.18706026366 , 1.43426536315e-08
-3.18193930721 , 1.04023172565e-06
-3.17681835076 , 4.46529561949e-05
-3.1716973943 , 0.00113446179227
-3.16657643785 , 0.0170588231968
-3.1614554814 , 0.151819584636
-3.15633452495 , 0.799698103981
-3.1512135685 , 2.49312394782
-3.14609261205 , 4.60024763766
-3.1409716556 , 5.02386647541
-3.13585069915 , 3.24724085179
-3.13072974269 , 1.24225413878
-3.12560878624 , 0.281271636044
-3.12048782979 , 0.0376930224245
-3.11536687334 , 0.00298961678384
-3.11024591689 , 0.000140342632857
-3.10512496044 , 3.89926950293e-06
-3.10000400399 , 6.41204295291e-08
-3.09488304753 , 6.24063998569e-10
-3.08976209108 , 3.59485495765e-12
-3.08464113463 , 1.22561241682e-14
-3.07952017818 , 2.47329252867e-17
-3.07439922173 , 2.14652185579e-18
-3.06927826528 , 1.50168092488e-15
-3.06415730883 , 6.30459167688e-13
-3.05903635238 , 1.56659171019e-10
-3.05391539592 , 2.30395630041e-08
-3.04879443947 , 2.00545168954e-06
-3.04367348302 , 0.000103316509445
-3.03855252657 , 0.00315026290476
-3.03343157012 , 0.056851696263
-3.02831061367 , 0.607238933047
-3.02318965722 , 3.83879873954
-3.01806870076 , 14.3631809606
-3.01294774431 , 31.8072025406
-3.00782678786 , 41.6888456848
-3.00270583141 , 32.3395386171
-2.99758487496 , 14.8479782473
-2.99246391851 , 4.03478482943
-2.98734296206 , 0.64892273428
-2.98222200561 , 0.0617710741231
-2.97710104915 , 0.00348014124558
-2.9719800927 , 0.000116045456593
-2.96685913625 , 2.29022929855e-06
-2.9617381798 , 2.67515742729e-08
-2.95661722335 , 1.84943586838e-10
-2.9514962669 , 7.56743608454e-13
-2.94637531045 , 1.83264269674e-15
-2.94125435399 , 2.62686535309e-18
-2.93613339754 , 8.8377686626e-20
-2.93101244109 , 6.35961933338e-17
-2.92589148464 , 2.77862611785e-14
-2.92077052819 , 7.18536195987e-12
-2.91564957174 , 1.0997316496e-09
-2.91052861529 , 9.96194947217e-08
-2.90540765884 , 5.34098657938e-06
-2.90028670238 , 0.000169479907091
-2.89516574593 , 0.00318298688194
-2.89004478948 , 0.0353813325569
-2.88492383303 , 0.232788013437
-2.87980287658 , 0.906997555475
-2.87468192013 , 2.10158650626
-2.86956096368 , 3.0009043865
-2.86444000722 , 3.36578897154
-2.85931905077 , 5.52724655199
-2.85419809432 , 11.2011908273
-2.84907713787 , 15.9036824363
-2.84395618142 , 13.6612148251
-2.83883522497 , 6.96329115099
-2.83371426852 , 2.10129843727
-2.82859331207 , 0.375314463344
-2.82347235561 , 0.0396756620465
-2.81835139916 , 0.00248240638437
-2.81323044271 , 9.19266047053e-05
-2.80810948626 , 2.01478720114e-06
-2.80298852981 , 2.6135858359e-08
-2.79786757336 , 2.00661462413e-10
-2.79274661691 , 9.11823537821e-13
-2.78762566045 , 2.45232059482e-15
-2.782504704 , 3.90358205228e-18
-2.77738374755 , 3.67766215996e-21
-2.7722627911 , 6.08300168883e-23
-2.76714183465 , 8.53017336368e-20
-2.7620208782 , 7.32673740354e-17
-2.75689992175 , 3.72462997056e-14
-2.7517789653 , 1.12066397826e-11
-2.74665800884 , 1.99566482092e-09
-2.74153705239 , 2.10339202563e-07
-2.73641609594 , 1.31212510395e-05
-2.73129513949 , 0.000484462412939
-2.72617418304 , 0.010587727064
-2.72105322659 , 0.136996249277
-2.71593227014 , 1.05044911474
-2.71081131368 , 4.78949450376
-2.70569035723 , 13.1501226357
-2.70056940078 , 22.7092146176
-2.69544844433 , 27.8465218647
-2.69032748788 , 29.14097054
-2.68520653143 , 26.5384870503
-2.68008557498 , 17.6164847938
-2.67496461853 , 7.44137783901
-2.66984366207 , 1.8996630847
-2.66472270562 , 0.288655995529
-2.65960174917 , 0.0259992554476
-2.65448079272 , 0.00138654928371
-2.64935983627 , 4.37699078923e-05
-2.64423887982 , 8.17801449969e-07
-2.63911792337 , 9.04363495993e-09
-2.63399696691 , 5.91914099194e-11
-2.62887601046 , 2.29294809886e-13
-2.62375505401 , 5.25713918061e-16
-2.61863409756 , 7.13385686691e-19
-2.61351314111 , 5.72952953101e-22
-2.60839218466 , 2.72353640039e-25
-2.60327122821 , 7.6624394584e-29
-2.59815027176 , 1.27591176781e-32
-2.5930293153 , 1.25936178174e-36
-2.58790835885 , 1.97637093741e-39
-2.5827874024 , 1.90446078548e-39
-2.57766644595 , 2.48617863203e-38
-2.5725454895 , 2.82353371975e-34
-2.56742453305 , 2.05521621294e-30
-2.5623035766 , 8.8541034344e-27
-2.55718262014 , 2.25762223526e-23
-2.55206166369 , 3.40704260798e-20
-2.54694070724 , 3.04315073258e-17
-2.54181975079 , 1.60875152678e-14
-2.53669879434 , 5.03354653834e-12
-2.53157783789 , 9.32134994938e-10
-2.52645688144 , 1.02165236788e-07
-2.52133592499 , 6.62745957369e-06
-2.51621496853 , 0.000254454793745
-2.51109401208 , 0.005782209132
-2.50597305563 , 0.0777672177857
-2.50085209918 , 0.61904031989
-2.49573114273 , 2.91649287752
-2.49061018628 , 8.13247078708
-2.48548922983 , 13.4215820921
-2.48036827337 , 13.1100552093
-2.47524731692 , 7.57922740195
-2.47012636047 , 2.59337286788
-2.46500540402 , 0.525199885467
-2.45988444757 , 0.0629537925858
-2.45476349112 , 0.00459423694734
-2.44964253467 , 0.00391495908603
-2.44452157822 , 0.0640477714702
-2.43940062176 , 0.651257466285
-2.43427966531 , 3.91969809499
-2.42915870886 , 13.9627921646
-2.42403775241 , 29.4382335652
-2.41891679596 , 36.7345335623
-2.41379583951 , 27.1376289529
-2.40867488306 , 11.9655561539
-2.4035539266 , 3.94654863573
-2.39843297015 , 4.75607929103
-2.3933120137 , 12.4206927496
-2.38819105725 , 21.1589724392
-2.3830701008 , 21.4023893614
-2.37794914435 , 12.8142711918
-2.3728281879 , 4.54095213305
-2.36770723145 , 0.952401264503
-2.36258627499 , 0.118225997613
-2.35746531854 , 0.00868612340145
-2.35234436209 , 0.000377710437791
-2.34722340564 , 9.72102280743e-06
-2.34210244919 , 1.48076084524e-07
-2.33698149274 , 1.33498955243e-09
-2.33186053629 , 7.12345683125e-12
-2.32673957983 , 2.24969535668e-14
-2.32161862338 , 4.2051027563e-17
-2.31649766693 , 4.65210490403e-20
-2.31137671048 , 3.04645366033e-23
-2.30625575403 , 9.6435743469e-24
-2.30113479758 , 1.49948631986e-20
-2.29601384113 , 1.38165134841e-17
-2.29089288468 , 7.53483868985e-15
-2.28577192822 , 2.43203034616e-12
-2.28065097177 , 4.64604654925e-10
-2.27553001532 , 5.25312409637e-08
-2.27040905887 , 3.51537209262e-06
-2.26528810242 , 0.000139233736323
-2.26016714597 , 0.00326390260561
-2.25504618952 , 0.0452844858292
-2.24992523306 , 0.371861509285
-2.24480427661 , 1.8073095808
-2.23968332016 , 5.19880359583
-2.23456236371 , 8.85102988325
-2.22944140726 , 8.91874485685
-2.22432045081 , 5.31903944857
-2.21919949436 , 1.87751150381
-2.21407853791 , 0.392320026652
-2.20895758145 , 0.0507994425343
-2.203836625 , 0.0421761195685
-2.19871566855 , 0.384137646814
-2.1935947121 , 2.25921603843
-2.18847375565 , 7.86720632147
-2.1833527992 , 16.2145024051
-2.17823184275 , 19.7790930526
-2.17311088629 , 14.2801956419
-2.16798992984 , 6.10618001387
-2.16286897339 , 1.59919897837
-2.15774801694 , 0.67155055408
-2.15262706049 , 2.07298355132
-2.14750610404 , 5.6608349413
-2.14238514759 , 9.23698712146
-2.13726419114 , 8.9223437837
-2.13214323468 , 5.10092115879
-2.12702227823 , 1.72598824817
-2.12190132178 , 0.345657985779
-2.11678036533 , 0.0409708422528
-2.11165940888 , 0.00287423799233
-2.10653845243 , 0.000119341116331
-2.10141749598 , 2.93276323152e-06
-2.09629653952 , 4.26563259472e-08
-2.09117558307 , 3.67205710451e-10
-2.08605462662 , 1.87091881694e-12
-2.08093367017 , 5.64183000468e-15
-2.07581271372 , 1.00694230174e-17
-2.07069175727 , 1.06367441324e-20
-2.06557080082 , 6.65016430281e-24
-2.06044984437 , 2.46079578896e-27
-2.05532888791 , 5.38937387297e-31
-2.05020793146 , 6.98606170726e-35
-2.04508697501 , 7.26299884456e-39
-2.03996601856 , 1.90388308597e-39
-2.03484506211 , 1.90388308597e-39
-2.02972410566 , 1.90388308597e-39
-2.02460314921 , 1.90388308597e-39
-2.01948219275 , 1.90388308597e-39
-2.0143612363 , 1.90388308597e-39
-2.00924027985 , 1.90388308597e-39
-2.0041193234 , 1.90388308597e-39
-1.99899836695 , 1.90388308597e-39
-1.9938774105 , 1.90388308597e-39
-1.98875645405 , 1.90388308597e-39
-1.9836354976 , 1.90388308597e-39
-1.97851454114 , 1.90388308597e-39
-1.97339358469 , 1.90388308597e-39
-1.96827262824 , 1.90388308597e-39
-1.96315167179 , 1.90388308597e-39
-1.95803071534 , 1.91446823685e-39
-1.95290975889 , 2.08675592978e-37
-1.94778880244 , 2.26700412766e-33
-1.94266784598 , 1.47106240913e-29
-1.93754688953 , 5.64975722148e-26
-1.93242593308 , 1.28424537589e-22
-1.92730497663 , 1.72776937571e-19
-1.92218402018 , 1.37576124057e-16
-1.91706306373 , 6.48365509992e-14
-1.91194210728 , 1.80849068188e-11
-1.90682115083 , 2.98560385685e-09
-1.90170019437 , 2.91720955478e-07
-1.89657923792 , 1.68702923312e-05
-1.89145828147 , 0.000577427050979
-1.88633732502 , 0.0116974495183
-1.88121636857 , 0.140250613676
-1.87609541212 , 0.995263088029
-1.87097445567 , 4.18013743876
-1.86585349921 , 10.3911296022
-1.86073254276 , 15.2881346285
-1.85561158631 , 13.3126885566
-1.85049062986 , 6.86114475625
-1.84536967341 , 2.09289253469
-1.84024871696 , 0.37784772541
-1.83512776051 , 0.040374414008
-1.83000680406 , 0.002553378449
-1.8248858476 , 9.5574862436e-05
-1.81976489115 , 2.11734540739e-06
-1.8146439347 , 2.7762545127e-08
-1.80952297825 , 2.15449941406e-10
