Ef: -4.97713122026
-12.0514358809 , 2.29890809046e-10
-12.0463149245 , 2.96233729226e-08
-12.041193968 , 2.25926377866e-06
-12.0360730116 , 0.000101980916339
-12.0309520551 , 0.00272452261352
-12.0258310987 , 0.0430805719439
-12.0207101422 , 0.403173557272
-12.0155891858 , 2.23317191412
-12.0104682293 , 7.32102366194
-12.0053472729 , 14.2049922264
-12.0002263164 , 16.3128456458
-11.9951053599 , 11.0876112361
-11.9899844035 , 4.46031765639
-11.984863447 , 1.06197214549
-11.9797424906 , 0.149651129338
-11.9746215341 , 0.0124814892776
-11.9695005777 , 0.000616129997755
-11.9643796212 , 1.8001049931e-05
-11.9592586648 , 3.11274006542e-07
-11.9541377083 , 3.18571860202e-09
-11.9490167519 , 1.9297075845e-11
-11.9438957954 , 6.91823217389e-14
-11.938774839 , 1.46797377889e-16
-11.9336538825 , 1.84357580714e-19
-11.9285329261 , 1.37032392096e-22
-11.9234119696 , 6.02844099231e-26
-11.9182910132 , 1.56966265647e-29
-11.9131700567 , 2.4189522996e-33
-11.9080491003 , 2.21354409881e-37
-11.9029281438 , 7.34798958734e-40
-11.8978071874 , 7.23504321648e-40
-11.8926862309 , 7.23504321648e-40
-11.8875652745 , 7.23504321648e-40
-11.882444318 , 7.23504321648e-40
-11.8773233616 , 7.23504321648e-40
-11.8722024051 , 7.23504321648e-40
-11.8670814487 , 7.23504321648e-40
-11.8619604922 , 7.23504321648e-40
-11.8568395358 , 7.23504321648e-40
-11.8517185793 , 5.7661146039e-39
-11.8465976229 , 7.29760983198e-35
-11.8414766664 , 6.24761047145e-31
-11.83635571 , 3.16572094812e-27
-11.8312347535 , 9.49406951847e-24
-11.8261137971 , 1.68520708241e-20
-11.8209928406 , 1.7704156279e-17
-11.8158718842 , 1.100825e-14
-11.8107509277 , 4.05118824269e-12
-11.8056299712 , 8.82404376338e-10
-11.8005090148 , 1.1375591105e-07
-11.7953880583 , 8.67963339819e-06
-11.7902671019 , 0.00039196733936
-11.7851461454 , 0.0104765784383
-11.780025189 , 0.165733440391
-11.7749042325 , 1.55175056211
-11.7697832761 , 8.59913496666
-11.7646623196 , 28.2038702222
-11.7595413632 , 54.7499513705
-11.7544204067 , 62.9042307131
-11.7492994503 , 42.7756936318
-11.7441784938 , 17.2161228378
-11.7390575374 , 4.10104685833
-11.7339365809 , 0.578196151652
-11.7288156245 , 0.048247714778
-11.723694668 , 0.00238286470829
-11.7185737116 , 6.96535262308e-05
-11.7134527551 , 1.20505790263e-06
-11.7083317987 , 1.23393933107e-08
-11.7032108422 , 7.47826384796e-11
-11.6980898858 , 2.68243275965e-13
-11.6929689293 , 5.69479360143e-16
-11.6878479729 , 7.15563559302e-19
-11.6827270164 , 5.32156689261e-22
-11.67760606 , 2.34235069596e-25
-11.6724851035 , 6.1021853141e-29
-11.6673641471 , 9.40892445407e-33
-11.6622431906 , 8.59369965373e-37
-11.6571222342 , 7.67508038859e-40
-11.6520012777 , 7.23504321648e-40
-11.6468803213 , 7.23504321648e-40
-11.6417593648 , 7.23504321648e-40
-11.6366384084 , 7.23504321648e-40
-11.6315174519 , 7.23504321648e-40
-11.6263964955 , 7.23504321648e-40
-11.621275539 , 7.23504321648e-40
-11.6161545826 , 7.23504321648e-40
-11.6110336261 , 7.23504321648e-40
-11.6059126696 , 7.23504321648e-40
-11.6007917132 , 7.23504321648e-40
-11.5956707567 , 7.23504321648e-40
-11.5905498003 , 7.23504321648e-40
-11.5854288438 , 7.23504321648e-40
-11.5803078874 , 7.23504321648e-40
-11.5751869309 , 7.23504321648e-40
-11.5700659745 , 7.23504321648e-40
-11.564945018 , 7.23504321648e-40
-11.5598240616 , 7.23504321648e-40
-11.5547031051 , 7.23504321648e-40
-11.5495821487 , 7.23504321648e-40
-11.5444611922 , 1.71663494448e-39
-11.5393402358 , 1.59839944809e-35
-11.5342192793 , 1.51742213752e-31
-11.5290983229 , 8.52643472421e-28
-11.5239773664 , 2.83562584276e-24
-11.51885641 , 5.58149802768e-21
-11.5137354535 , 6.50239010527e-18
-11.5086144971 , 4.48348438702e-15
-11.5034935406 , 1.82969498338e-12
-11.4983725842 , 4.41938795375e-10
-11.4932516277 , 6.31780114317e-08
-11.4881306713 , 5.34552260744e-06
-11.4830097148 , 0.000267691624244
-11.4778887584 , 0.00793413870254
-11.4727678019 , 0.139182677557
-11.4676468455 , 1.44507696554
-11.462525889 , 8.88008580552
-11.4574049326 , 32.2971156124
-11.4522839761 , 69.5233524402
-11.4471630197 , 88.57640806
-11.4420420632 , 66.7922102324
-11.4369211068 , 29.8094495057
-11.4318001503 , 7.8741283081
-11.4266791939 , 1.23103785735
-11.4215582374 , 0.113909703102
-11.4164372809 , 0.0062383598174
-11.4113163245 , 0.000202209013337
-11.406195368 , 3.87927875846e-06
-11.4010744116 , 4.4047559922e-08
-11.3959534551 , 2.96014584919e-10
-11.3908324987 , 1.17740195327e-12
-11.3857115422 , 2.77176739341e-15
-11.3805905858 , 3.86197268651e-18
-11.3754696293 , 3.18479879993e-21
-11.3703486729 , 1.55444439089e-24
-11.3652277164 , 4.49043862701e-28
-11.36010676 , 7.67755134454e-32
-11.3549858035 , 7.76993397201e-36
-11.3498648471 , 1.18552803167e-39
-11.3447438906 , 7.23504321648e-40
-11.3396229342 , 7.23504321648e-40
-11.3345019777 , 7.23504321648e-40
-11.3293810213 , 7.23504321648e-40
-11.3242600648 , 7.23504321648e-40
-11.3191391084 , 7.26978637923e-40
-11.3140181519 , 1.10690885246e-37
-11.3088971955 , 1.33174892838e-33
-11.303776239 , 9.54536528877e-30
-11.2986552826 , 4.0493254478e-26
-11.2935343261 , 1.01669926678e-22
-11.2884133697 , 1.51085238881e-19
-11.2832924132 , 1.32883561212e-16
-11.2781714568 , 6.91735682703e-14
-11.2730505003 , 2.1312225234e-11
-11.2679295439 , 3.88630707455e-09
-11.2628085874 , 4.19435443444e-07
-11.257687631 , 2.67924752383e-05
-11.2525666745 , 0.00101293189642
-11.2474457181 , 0.0226656069635
-11.2423247616 , 0.300174750155
-11.2372038052 , 2.35288477649
-11.2320828487 , 10.9155810684
-11.2269618922 , 29.9717952265
-11.2218409358 , 48.7077817907
-11.2167199793 , 46.849358055
-11.2115990229 , 26.6703451028
-11.2064780664 , 8.98614563839
-11.20135711 , 1.79212885805
-11.1962361535 , 0.215225581063
-11.1911151971 , 0.0777386352717
-11.1859942406 , 0.631357329903
-11.1808732842 , 3.73973364171
-11.1757523277 , 13.1232859727
-11.1706313713 , 27.2562291978
-11.1655104148 , 33.5049131154
-11.1603894584 , 24.3764667057
-11.1552685019 , 10.4966943886
-11.1501475455 , 2.67518540383
-11.145026589 , 0.403529004563
-11.1399056326 , 0.036025926825
-11.1347846761 , 0.00190359741167
-11.1296637197 , 5.953256369e-05
-11.1245427632 , 1.10192897145e-06
-11.1194218068 , 1.20718034102e-08
-11.1143008503 , 7.82726871606e-11
-11.1091798939 , 3.00377825996e-13
-11.1040589374 , 6.82252337525e-16
-11.098937981 , 9.17152874387e-19
-11.0938170245 , 7.29722886315e-22
-11.0886960681 , 3.43632110624e-25
-11.0835751116 , 9.57743136881e-29
-11.0784541552 , 1.5798793183e-32
-11.0733331987 , 1.54319775974e-36
-11.0682122423 , 8.11385905006e-40
-11.0630912858 , 7.23504321648e-40
-11.0579703294 , 7.23504321648e-40
-11.0528493729 , 7.23504321648e-40
-11.0477284165 , 7.23504321648e-40
-11.04260746 , 7.23504321648e-40
-11.0374865035 , 7.23504321648e-40
-11.0323655471 , 7.23504321648e-40
-11.0272445906 , 7.23504321648e-40
-11.0221236342 , 7.23504321648e-40
-11.0170026777 , 7.23504321648e-40
-11.0118817213 , 7.23504321648e-40
-11.0067607648 , 7.23504321648e-40
-11.0016398084 , 7.23504321648e-40
-10.9965188519 , 7.23504321648e-40
-10.9913978955 , 7.23504321648e-40
-10.986276939 , 7.23504321648e-40
-10.9811559826 , 7.23504321648e-40
-10.9760350261 , 7.23504321648e-40
-10.9709140697 , 7.53755547684e-40
-10.9657931132 , 6.44430860426e-37
-10.9606721568 , 7.30103504885e-33
-10.9555512003 , 4.90114736571e-29
-10.9504302439 , 1.94729090913e-25
-10.9453092874 , 4.57913678638e-22
-10.940188331 , 6.37317879085e-19
-10.9350673745 , 5.24986689481e-16
-10.9299464181 , 2.55952978352e-13
-10.9248254616 , 7.38570211374e-11
-10.9197045052 , 1.26137172588e-08
-10.9145835487 , 1.27501149762e-06
-10.9094625923 , 7.62789690908e-05
-10.9043416358 , 0.00270094184487
-10.8992206794 , 0.0566037698144
-10.8940997229 , 0.702093873741
-10.8889787665 , 5.1542409316
-10.88385781 , 22.3951491093
-10.8787368536 , 57.5921230689
-10.8736158971 , 87.6591056062
-10.8684949407 , 78.9938733804
-10.8633739842 , 42.5181782777
-10.8582530278 , 16.9488485489
-10.8531320713 , 21.5841615619
-10.8480111149 , 59.2396360112
-10.8428901584 , 107.743318955
-10.8377692019 , 116.482762447
-10.8326482455 , 74.5452622779
-10.827527289 , 28.2358365501
-10.8224063326 , 6.32996305886
-10.8172853761 , 0.839888264171
-10.8121644197 , 0.0659571176208
-10.8070434632 , 0.00306564467489
-10.8019225068 , 8.44707686879e-05
-10.7968015503 , 1.03935929623e-05
-10.7916805939 , 0.000351503792366
-10.7865596374 , 0.008106183489
-10.781438681 , 0.110646765371
-10.7763177245 , 0.893882747648
-10.7711967681 , 4.27407289426
-10.7660758116 , 12.0954722904
-10.7609548552 , 20.2592457953
-10.7558338987 , 20.0836781419
-10.7507129423 , 11.7837296118
-10.7455919858 , 4.09205838095
-10.7404710294 , 0.841047279081
-10.7353500729 , 0.102310106269
-10.7302291165 , 0.00736607604349
-10.72510816 , 0.000313887048791
-10.7199872036 , 7.91644378449e-06
-10.7148662471 , 1.18169773774e-07
-10.7097452907 , 1.04400412029e-09
-10.7046243342 , 5.4590561057e-12
-10.6995033778 , 1.68947760585e-14
-10.6943824213 , 3.09464463749e-17
-10.6892614649 , 4.42474588085e-19
-10.6841405084 , 3.53626952881e-16
-10.679019552 , 1.80994774551e-13
-10.6738985955 , 5.48284916591e-11
-10.6687776391 , 9.83028520207e-09
-10.6636566826 , 1.04314695611e-06
-10.6585357262 , 6.55155558219e-05
-10.6534147697 , 0.00243535861808
-10.6482938132 , 0.0535797856834
-10.6431728568 , 0.697683704827
-10.6380519003 , 5.37694686542
-10.6329309439 , 24.526324366
-10.6278099874 , 66.2138358736
-10.622689031 , 105.799736477
-10.6175680745 , 100.055273068
-10.6124471181 , 56.0034697229
-10.6073261616 , 18.5527992605
-10.6022052052 , 3.63767180543
-10.5970842487 , 0.422140616452
-10.5919632923 , 0.0289941461442
-10.5868423358 , 0.00117864512662
-10.5817213794 , 2.83579846877e-05
-10.5766004229 , 4.03819438056e-07
-10.5714794665 , 3.4034441957e-09
-10.56635851 , 1.69773384177e-11
-10.5612375536 , 5.01233552579e-14
-10.5561165971 , 8.75850983127e-17
-10.5509956407 , 9.05815746756e-20
-10.5458746842 , 5.54458528745e-23
-10.5407537278 , 2.00871271136e-26
-10.5356327713 , 4.30711180198e-30
-10.5305118149 , 5.46606247793e-34
-10.5253908584 , 8.37288483369e-38
-10.520269902 , 5.49467032358e-34
-10.5151489455 , 4.25899272711e-30
-10.5100279891 , 1.95385490578e-26
-10.5049070326 , 5.30514556297e-23
-10.4997860762 , 8.52553974175e-20
-10.4946651197 , 8.10897656761e-17
-10.4895441633 , 4.56488447661e-14
-10.4844232068 , 1.52094363893e-11
-10.4793022504 , 2.99927324909e-09
-10.4741812939 , 3.50056809959e-07
-10.4690603375 , 2.41813537924e-05
-10.463939381 , 0.000988649327249
-10.4588184245 , 0.0239234342096
-10.4536974681 , 0.342629185616
-10.4485765116 , 2.90432202999
-10.4434555552 , 14.5708461826
-10.4383345987 , 43.2657744906
-10.4332136423 , 76.0372281559
-10.4280926858 , 79.1005559131
-10.4229717294 , 48.8232441664
-10.4178507729 , 18.7470371739
-10.4127298165 , 8.32462039249
-10.40760886 , 12.3956645422
-10.4024879036 , 18.7084875351
-10.3973669471 , 17.5835940109
-10.3922459907 , 11.9096285767
-10.3871250342 , 15.1834959632
-10.3820040778 , 37.6703787436
-10.3768831213 , 73.6846804279
-10.3717621649 , 104.753233061
-10.3666412084 , 116.4521566
-10.361520252 , 98.6653550153
-10.3563992955 , 61.7240125935
-10.3512783391 , 44.0378359853
-10.3461573826 , 64.8401446766
-10.3410364262 , 96.3527947625
-10.3359154697 , 97.3614905795
-10.3307945133 , 64.1645870562
-10.3256735568 , 27.3395389098
-10.3205526004 , 7.40147989828
-10.3154316439 , 1.24911174786
-10.3103106875 , 0.178467572476
-10.305189731 , 0.551030227519
-10.3000687746 , 3.47256391618
-10.2949478181 , 13.1398578053
-10.2898268617 , 29.4343008408
-10.2847059052 , 39.0801201692
-10.2795849488 , 31.1166611054
-10.2744639923 , 16.4203701698
-10.2693430359 , 9.5583602049
-10.2642220794 , 9.19812195897
-10.2591011229 , 7.73852017536
-10.2539801665 , 4.07755026587
-10.24885921 , 1.27973923817
-10.2437382536 , 0.239839797086
-10.2386172971 , 0.0705074544058
-10.2334963407 , 0.595336200021
-10.2283753842 , 4.75794817317
-10.2232544278 , 22.8754238941
-10.2181334713 , 66.1215896832
-10.2130125149 , 115.162356809
-10.2078915584 , 121.197467229
-10.202770602 , 77.9197556505
-10.1976496455 , 33.5230035035
-10.1925286891 , 16.1269784283
-10.1874077326 , 13.7687794179
-10.1822867762 , 10.5654323427
-10.1771658197 , 5.08474086497
-10.1720448633 , 1.45738514312
-10.1669239068 , 0.248097894975
-10.1618029504 , 0.0424744290288
-10.1566819939 , 0.259328631382
-10.1515610375 , 2.23571493077
-10.146440081 , 11.497234336
-10.1413191246 , 35.1584805807
-10.1361981681 , 64.2798247115
-10.1310772117 , 71.0570965229
-10.1259562552 , 48.5311397613
-10.1208352988 , 21.2266207118
-10.1157143423 , 6.21376489038
-10.1105933859 , 1.25229548801
-10.1054724294 , 0.171854377448
-10.100351473 , 0.0154216205788
-10.0952305165 , 0.000868067521693
-10.0901095601 , 2.97989347338e-05
-10.0849886036 , 6.14241514197e-07
-10.0798676472 , 7.54513436484e-09
-10.0747466907 , 2.35361185445e-10
-10.0696257342 , 2.59056057862e-08
-10.0645047778 , 2.20236893375e-06
-10.0593838213 , 0.000110817944936
-10.0542628649 , 0.00330027269323
-10.0491419084 , 0.0581713675971
-10.044020952 , 0.606859897491
-10.0388999955 , 3.747031726
-10.0337790391 , 13.6932591367
-10.0286580826 , 29.6182080046
-10.0235371262 , 37.9343209192
-10.0184161697 , 28.9688504764
-10.0132952133 , 14.6546813228
-10.0081742568 , 11.5341880331
-10.0030533004 , 25.412334136
-9.99793234393 , 55.9428275481
-9.99281138748 , 96.6819871401
-9.98769043103 , 125.208995116
-9.98256947458 , 117.728943501
-9.97744851812 , 86.4144301572
-9.97232756167 , 67.2550105149
-9.96720660522 , 69.5568033132
-9.96208564877 , 72.8295494958
-9.95696469232 , 78.9836739564
-9.95184373587 , 104.105041922
-9.94672277942 , 122.263669237
-9.94160182296 , 103.262982081
-9.93648086651 , 64.3557259905
-9.93135991006 , 34.9551856386
-9.92623895361 , 31.1612466981
-9.92111799716 , 58.0185292372
-9.91599704071 , 99.0852194496
-9.91087608426 , 123.135551302
-9.90575512781 , 115.258150899
-9.90063417135 , 83.4034292678
-9.8955132149 , 44.3533539201
-9.89039225845 , 15.9120934644
-9.885271302 , 3.84518621302
-9.88015034555 , 2.04719985189
-9.8750293891 , 5.60274374397
-9.86990843265 , 11.7858449185
-9.86478747619 , 14.7759703144
-9.85966651974 , 10.9658126754
-9.85454556329 , 4.81666891637
-9.84942460684 , 1.25219716823
-9.84430365039 , 0.192724183413
-9.83918269394 , 0.0190555901102
-9.83406173749 , 0.0265297062665
-9.82894078104 , 0.25668234379
-9.82381982458 , 1.52393800664
-9.81869886813 , 5.3585896667
-9.81357791168 , 11.2105514444
-9.80845695523 , 14.5683519208
-9.80333599878 , 16.0323570467
-9.79821504233 , 30.0438510941
-9.79309408588 , 68.0673848615
-9.78797312942 , 108.108863368
-9.78285217297 , 110.059451804
-9.77773121652 , 75.5493814702
-9.77261026007 , 46.2178654039
-9.76748930362 , 40.2089562961
-9.76236834717 , 37.3979946494
-9.75724739072 , 23.7812662103
-9.75212643427 , 9.1640708398
-9.74700547781 , 2.09779765749
-9.74188452136 , 0.285621658189
-9.73676356491 , 0.0528107719348
-9.73164260846 , 0.434280929441
-9.72652165201 , 3.75079035298
-9.72140069556 , 19.5217274423
-9.71627973911 , 61.2651995385
-9.71115878265 , 116.290818841
-9.7060378262 , 133.890502572
-9.70091686975 , 93.8947864937
-9.6957959133 , 41.7734464688
-9.69067495685 , 19.3521960717
-9.6855540004 , 26.7521024565
-9.68043304395 , 41.5340911325
-9.6753120875 , 40.8797444529
-9.67019113104 , 27.8827945666
-9.66507017459 , 28.4344664133
-9.65994921814 , 55.2674968029
-9.65482826169 , 84.6817304553
-9.64970730524 , 82.6229140418
-9.64458634879 , 59.7231295618
-9.63946539234 , 50.5669153419
-9.63434443588 , 51.8777249143
-9.62922347943 , 42.1358213933
-9.62410252298 , 25.0027707498
-9.61898156653 , 12.4869432955
-9.61386061008 , 5.4164996303
-9.60873965363 , 1.7312119472
-9.60361869718 , 0.354665588051
-9.59849774073 , 0.0440347246565
-9.59337678427 , 0.00325724393212
-9.58825582782 , 0.000142857893389
-9.58313487137 , 3.71013051136e-06
-9.57801391492 , 5.72765167854e-08
-9.57289295847 , 3.67135673268e-08
-9.56777200202 , 3.23218717305e-06
-9.56265104557 , 0.000171153099858
-9.55753008911 , 0.00537497042072
-9.55240913266 , 0.100124609722
-9.54728817621 , 1.10653111313
-9.54216721976 , 7.25752503698
-9.53704626331 , 28.2766937703
-9.53192530686 , 65.6911654263
-9.52680435041 , 92.4574278301
-9.52168339396 , 84.0477053303
-9.5165624375 , 59.6885312564
-9.51144148105 , 41.5954290777
-9.5063205246 , 25.66417896
-9.50119956815 , 10.944548229
-9.4960786117 , 2.89021939801
-9.49095765525 , 0.635746435896
-9.4858366988 , 1.61032203357
-9.48071574234 , 7.92794872502
-9.47559478589 , 23.7180345363
-9.47047382944 , 42.1622838583
-9.46535287299 , 45.7463704856
-9.46023191654 , 37.0761035485
-9.45511096009 , 43.9421953836
-9.44999000364 , 78.539371504
-9.44486904719 , 120.700648719
-9.43974809073 , 148.714787662
-9.43462713428 , 153.085386682
-9.42950617783 , 124.095121497
-9.42438522138 , 72.9165842009
-9.41926426493 , 30.8465106934
-9.41414330848 , 10.1453501598
-9.40902235203 , 2.76778948469
-9.40390139557 , 0.60944758645
-9.39878043912 , 0.385399491497
-9.39365948267 , 2.28671421156
-9.38853852622 , 10.2286043852
-9.38341756977 , 27.1690316278
-9.37829661332 , 42.7152335456
-9.37317565687 , 39.7736758371
-9.36805470042 , 22.2241381851
-9.36293374396 , 9.4612667724
-9.35781278751 , 10.939200176
-9.35269183106 , 23.6471323916
-9.34757087461 , 36.1520723301
-9.34244991816 , 43.1362827596
-9.33732896171 , 59.8391136354
-9.33220800526 , 87.2260634388
-9.32708704881 , 90.1968355644
-9.32196609235 , 57.674362211
-9.3168451359 , 25.2484834656
-9.31172417945 , 18.6157557544
-9.306603223 , 31.1730372922
-9.30148226655 , 41.9241260074
-9.2963613101 , 41.160288304
-9.29124035365 , 39.2865421758
-9.28611939719 , 38.3976629709
-9.28099844074 , 28.524221788
-9.27587748429 , 13.6478762624
-9.27075652784 , 5.58027533413
-9.26563557139 , 8.71166543419
-9.26051461494 , 21.8241168738
-9.25539365849 , 34.749020739
-9.25027270204 , 32.9037615088
-9.24515174558 , 19.1244218044
-9.24003078913 , 10.7357303228
-9.23490983268 , 18.02866924
-9.22978887623 , 36.1788885371
-9.22466791978 , 45.7266800259
-9.21954696333 , 34.7546699699
-9.21442600688 , 17.9208111978
-9.20930505042 , 12.673290971
-9.20418409397 , 17.1174480091
-9.19906313752 , 19.1078160167
-9.19394218107 , 15.5577767172
-9.18882122462 , 15.798125656
-9.18370026817 , 26.1967783579
-9.17857931172 , 44.4900207817
-9.17345835527 , 62.1326588646
-9.16833739881 , 62.6414039004
-9.16321644236 , 41.2095554266
-9.15809548591 , 16.8407521276
-9.15297452946 , 4.20118991543
-9.14785357301 , 0.65001596532
-9.14273261656 , 0.229623758173
-9.13761166011 , 1.27136971945
-9.13249070365 , 5.7137911042
-9.1273697472 , 16.3380233648
-9.12224879075 , 32.5074613743
-9.1171278343 , 51.7100626809
-9.11200687785 , 71.7707446865
-9.1068859214 , 82.6232015642
-9.10176496495 , 70.3344689713
-9.0966440085 , 40.314789709
-9.09152305204 , 15.3428913855
-9.08640209559 , 7.27949234103
-9.08128113914 , 12.7010701297
-9.07616018269 , 21.9800427399
-9.07103922624 , 23.2591904279
-9.06591826979 , 14.8808004359
-9.06079731334 , 7.21247494392
-9.05567635688 , 6.99680709904
-9.05055540043 , 11.1369732754
-9.04543444398 , 12.3025064774
-9.04031348753 , 8.25087823161
-9.03519253108 , 4.0407986118
-9.03007157463 , 4.7377358717
-9.02495061818 , 13.1096502848
-9.01982966173 , 29.548622327
-9.01470870527 , 47.308747441
-9.00958774882 , 57.0764823457
-9.00446679237 , 58.5667954068
-8.99934583592 , 58.7204291034
-8.99422487947 , 65.6801146308
-8.98910392302 , 77.6941408247
-8.98398296657 , 75.7294892317
-8.97886201011 , 50.6706720542
-8.97374105366 , 21.561240851
-8.96862009721 , 5.67532693583
-8.96349914076 , 0.955543983924
-8.95837818431 , 0.536829922872
-8.95325722786 , 2.78905133329
-8.94813627141 , 10.2823266124
-8.94301531496 , 22.7269286224
-8.9378943585 , 30.9235955252
-8.93277340205 , 28.308497376
-8.9276524456 , 21.4822963516
-8.92253148915 , 18.876539402
-8.9174105327 , 26.2359877146
-8.91228957625 , 42.8628077454
-8.9071686198 , 51.9429313234
-8.90204766334 , 42.0910609547
-8.89692670689 , 28.0366981388
-8.89180575044 , 28.0758261169
-8.88668479399 , 46.0593540482
-8.88156383754 , 74.1179036337
-8.87644288109 , 87.7976909283
-8.87132192464 , 67.5796339382
-8.86620096819 , 32.1759046818
-8.86108001173 , 9.3175240758
-8.85595905528 , 1.66590701262
-8.85083809883 , 0.52758611905
-8.84571714238 , 2.10874264952
-8.84059618593 , 7.44192551467
-8.83547522948 , 16.341788232
-8.83035427303 , 23.8051489982
-8.82523331657 , 25.7658968044
-8.82011236012 , 22.2376351301
-8.81499140367 , 14.4158055403
-8.80987044722 , 6.77389688176
-8.80474949077 , 4.97482569646
-8.79962853432 , 11.7706424691
-8.79450757787 , 25.1555343368
-8.78938662142 , 36.765726623
-8.78426566496 , 39.1565726046
-8.77914470851 , 33.8285133069
-8.77402375206 , 30.6653364255
-8.76890279561 , 35.1736226159
-8.76378183916 , 35.9007315926
-8.75866088271 , 24.103024071
-8.75353992626 , 9.77927066235
-8.7484189698 , 2.35759690073
-8.74329801335 , 0.336660648642
-8.7381770569 , 0.0284959677596
-8.73305610045 , 0.00265243366333
-8.727935144 , 0.0245791334736
-8.72281418755 , 0.295694253308
-8.7176932311 , 2.15510124773
-8.71257227465 , 9.53606319554
-8.70745131819 , 25.9027029015
-8.70233036174 , 44.8408040919
-8.69720940529 , 55.0448586169
-8.69208844884 , 57.0253019764
-8.68696749239 , 52.4975497433
-8.68184653594 , 39.8387442861
-8.67672557949 , 31.1075724439
-8.67160462303 , 35.5023229303
-8.66648366658 , 44.8350069768
-8.66136271013 , 51.7448446878
-8.65624175368 , 54.8534619853
-8.65112079723 , 53.0329319031
-8.64599984078 , 47.7290198023
-8.64087888433 , 46.4483170897
-8.63575792788 , 53.6089726585
-8.63063697142 , 55.5519705459
-8.62551601497 , 41.0263138617
-8.62039505852 , 24.5889680347
-8.61527410207 , 23.076902159
-8.61015314562 , 31.6339693914
-8.60503218917 , 37.6380730684
-8.59991123272 , 36.8687550393
-8.59479027626 , 28.4230950158
-8.58966931981 , 15.9491058167
-8.58454836336 , 8.91380445618
-8.57942740691 , 11.7669029322
-8.57430645046 , 22.9164082669
-8.56918549401 , 36.5425726595
-8.56406453756 , 39.9048620085
-8.55894358111 , 27.7929575705
-8.55382262465 , 13.8768453023
-8.5487016682 , 10.5928678064
-8.54358071175 , 14.4274253508
-8.5384597553 , 15.0928279216
-8.53333879885 , 10.5801913791
-8.5282178424 , 8.47969202551
-8.52309688595 , 13.036150588
-8.51797592949 , 18.528081719
-8.51285497304 , 18.2990976425
-8.50773401659 , 16.1168842991
-8.50261306014 , 18.8927117945
-8.49749210369 , 22.6785775467
-8.49237114724 , 20.2600587551
-8.48725019079 , 17.294015405
-8.48212923434 , 22.4529216393
-8.47700827788 , 31.0011917196
-8.47188732143 , 37.6552714298
-8.46676636498 , 48.8361916347
-8.46164540853 , 61.4895917127
-8.45652445208 , 57.9823341951
-8.45140349563 , 36.2300423234
-8.44628253918 , 14.3410745497
-8.44116158272 , 3.61676409259
-8.43604062627 , 1.52613024251
-8.43091966982 , 5.38217378092
-8.42579871337 , 17.501131776
-8.42067775692 , 37.5846908368
-8.41555680047 , 58.2751194655
-8.41043584402 , 70.6070892005
-8.40531488757 , 64.9926807565
-8.40019393111 , 41.5237046764
-8.39507297466 , 18.8148957617
-8.38995201821 , 12.7809011571
-8.38483106176 , 21.9888364948
-8.37971010531 , 32.5418477673
-8.37458914886 , 34.5728741193
-8.36946819241 , 38.6867399309
-8.36434723595 , 54.2757967098
-8.3592262795 , 64.0259507747
-8.35410532305 , 51.8689411708
-8.3489843666 , 29.9553996934
-8.34386341015 , 14.2222683051
-8.3387424537 , 5.87742494115
-8.33362149725 , 1.84586001808
-8.3285005408 , 0.380294695422
-8.32337958434 , 0.0481717844825
-8.31825862789 , 0.00793876791252
-8.31313767144 , 0.0564601796253
-8.30801671499 , 0.43434760314
-8.30289575854 , 1.9833199357
-8.29777480209 , 5.360088663
-8.29265384564 , 8.57374947625
-8.28753288918 , 8.11691342422
-8.28241193273 , 4.54912319883
-8.27729097628 , 1.5278563453
-8.27217001983 , 0.511015727981
-8.26704906338 , 1.43216393602
-8.26192810693 , 5.38159239722
-8.25680715048 , 12.2526823698
-8.25168619403 , 16.5201731886
-8.24656523757 , 13.2162169725
-8.24144428112 , 6.55031433676
-8.23632332467 , 3.4538548606
-8.23120236822 , 5.61693655008
-8.22608141177 , 9.84114793784
-8.22096045532 , 10.812115199
-8.21583949887 , 8.09874157316
-8.21071854241 , 9.15858657669
-8.20559758596 , 21.3385065673
-8.20047662951 , 39.0695998832
-8.19535567306 , 43.4334815847
-8.19023471661 , 29.0846529345
-8.18511376016 , 13.8391408871
-8.17999280371 , 11.5766769649
-8.17487184726 , 22.3564104765
-8.1697508908 , 42.7308008621
-8.16462993435 , 62.4400051012
-8.1595089779 , 61.6780740164
-8.15438802145 , 38.3552797967
-8.149267065 , 14.5858798928
-8.14414610855 , 3.43628804903
-8.1390251521 , 1.02815416165
-8.13390419564 , 2.28989496857
-8.12878323919 , 5.32869896453
-8.12366228274 , 7.46335586119
-8.11854132629 , 6.23495587039
-8.11342036984 , 3.58467576828
-8.10829941339 , 4.62516321296
-8.10317845694 , 16.0834208092
-8.09805750049 , 42.3987878795
-8.09293654403 , 70.1575454337
-8.08781558758 , 71.7136904978
-8.08269463113 , 44.9084641816
-8.07757367468 , 17.3381675718
-8.07245271823 , 5.90452481576
-8.06733176178 , 9.49159867509
-8.06221080533 , 24.8385010074
-8.05708984887 , 43.1227858692
-8.05196889242 , 48.3841485725
-8.04684793597 , 36.5086854193
-8.04172697952 , 22.597041257
-8.03660602307 , 22.2455163679
-8.03148506662 , 34.0619076048
-8.02636411017 , 44.2026463513
-8.02124315372 , 43.4331143957
-8.01612219726 , 32.5927884223
-8.01100124081 , 18.275190688
-8.00588028436 , 8.96294199031
-8.00075932791 , 9.46146269476
-7.99563837146 , 17.0451966275
-7.99051741501 , 22.2439619735
-7.98539645856 , 18.5651092613
-7.9802755021 , 11.1046512008
-7.97515454565 , 9.57991677864
-7.9700335892 , 17.4562851496
-7.96491263275 , 26.7438207957
-7.9597916763 , 26.1293421994
-7.95467071985 , 18.7036042756
-7.9495497634 , 16.8659646684
-7.94442880695 , 26.2414002814
-7.93930785049 , 45.8397242695
-7.93418689404 , 65.3120583505
-7.92906593759 , 67.9975725977
-7.92394498114 , 51.466916123
-7.91882402469 , 30.4215226702
-7.91370306824 , 17.3146967104
-7.90858211179 , 15.8510595872
-7.90346115533 , 29.0770360887
-7.89834019888 , 53.4095742852
-7.89321924243 , 69.6053009958
-7.88809828598 , 60.0716738923
-7.88297732953 , 33.4175204913
-7.87785637308 , 11.7314363527
-7.87273541663 , 2.64766447561
-7.86761446018 , 1.31708359631
-7.86249350372 , 5.84708237435
-7.85737254727 , 20.6745550612
-7.85225159082 , 43.9556928047
-7.84713063437 , 56.1370490825
-7.84200967792 , 43.2553968348
-7.83688872147 , 20.2151432649
-7.83176776502 , 5.76523006962
-7.82664680856 , 1.05144079626
-7.82152585211 , 0.55944813463
-7.81640489566 , 2.76461212412
-7.81128393921 , 10.0831649982
-7.80616298276 , 22.2067889731
-7.80104202631 , 30.6486082943
-7.79592106986 , 31.9126794184
-7.79080011341 , 37.5781379878
-7.78567915695 , 49.2044493426
-7.7805582005 , 48.1209236681
-7.77543724405 , 29.7894962894
-7.7703162876 , 12.2709148779
-7.76519533115 , 7.31439163752
-7.7600743747 , 12.9605034989
-7.75495341825 , 23.667575473
-7.74983246179 , 34.2390754479
-7.74471150534 , 41.8565094128
-7.73959054889 , 49.5911745782
-7.73446959244 , 57.9525663851
-7.72934863599 , 55.4472981333
-7.72422767954 , 37.0371581513
-7.71910672309 , 16.0693900133
-7.71398576664 , 4.42388328404
-7.70886481018 , 1.24794397058
-7.70374385373 , 3.26544915005
-7.69862289728 , 12.1372573466
-7.69350194083 , 28.7333282345
-7.68838098438 , 42.7985380576
-7.68326002793 , 40.3773216392
-7.67813907148 , 25.132563532
-7.67301811502 , 15.4401920001
-7.66789715857 , 21.9794859137
-7.66277620212 , 37.5887399728
-7.65765524567 , 44.5348472662
-7.65253428922 , 34.9123772825
-7.64741333277 , 18.6256395554
-7.64229237632 , 7.08247663414
-7.63717141987 , 2.25946822705
-7.63205046341 , 2.76274366353
-7.62692950696 , 12.7460924505
-7.62180855051 , 41.0663598842
-7.61668759406 , 79.3404594168
-7.61156663761 , 91.8867744922
-7.60644568116 , 64.3729223474
-7.60132472471 , 28.0864725022
-7.59620376825 , 8.5689769888
-7.5910828118 , 2.50215750098
-7.58596185535 , 0.827042172015
-7.5808408989 , 0.225302078147
-7.57571994245 , 0.0396524177097
-7.570598986 , 0.00433985714301
-7.56547802955 , 0.00356976536382
-7.5603570731 , 0.0506338046574
-7.55523611664 , 0.487065378932
-7.55011516019 , 3.01682404184
-7.54499420374 , 12.2401063893
-7.53987324729 , 32.5286328734
-7.53475229084 , 55.6901630956
-7.52963133439 , 60.3171108221
-7.52451037794 , 42.59664888
-7.51938942148 , 28.0178478257
-7.51426846503 , 39.2199501385
-7.50914750858 , 77.0975726845
-7.50402655213 , 115.676027512
-7.49890559568 , 113.32749962
-7.49378463923 , 69.511176923
-7.48866368278 , 28.5943517256
-7.48354272633 , 14.0702013595
-7.47842176987 , 17.3727951746
-7.47330081342 , 30.0280477607
-7.46817985697 , 50.521123588
-7.46305890052 , 72.6792881581
-7.45793794407 , 89.7534784206
-7.45281698762 , 95.3559107329
-7.44769603117 , 79.1720182084
-7.44257507471 , 48.2616723794
-7.43745411826 , 27.3467996844
-7.43233316181 , 23.3988652029
-7.42721220536 , 21.4399790509
-7.42209124891 , 14.204829081
-7.41697029246 , 10.1416986648
-7.41184933601 , 16.8457037319
-7.40672837956 , 33.2152649198
-7.4016074231 , 49.6751359281
-7.39648646665 , 50.8585051706
-7.3913655102 , 33.3921838405
-7.38624455375 , 13.7400423921
-7.3811235973 , 5.34708188203
-7.37600264085 , 9.73186638094
-7.3708816844 , 26.899775671
-7.36576072794 , 58.3126978106
-7.36063977149 , 107.317157285
-7.35551881504 , 159.124040252
-7.35039785859 , 167.597240453
-7.34527690214 , 121.379584441
-7.34015594569 , 65.0024332309
-7.33503498924 , 28.7588197171
-7.32991403279 , 14.4326057415
-7.32479307633 , 16.9488790588
-7.31967211988 , 24.6079138479
-7.31455116343 , 24.3833975935
-7.30943020698 , 18.9604341359
-7.30430925053 , 23.3572944966
-7.29918829408 , 41.6862706996
-7.29406733763 , 57.9893941812
-7.28894638118 , 55.0213246351
-7.28382542472 , 39.9935224601
-7.27870446827 , 35.8961320971
-7.27358351182 , 46.8371373009
-7.26846255537 , 52.8898202643
-7.26334159892 , 48.5424325688
-7.25822064247 , 52.4499961427
-7.25309968602 , 64.1526458754
-7.24797872956 , 59.7833258517
-7.24285777311 , 35.9745380885
-7.23773681666 , 13.407224081
-7.23261586021 , 3.05537226102
-7.22749490376 , 0.533664194861
-7.22237394731 , 0.806382692357
-7.21725299086 , 3.03431795956
-7.21213203441 , 7.0532941929
-7.20701107795 , 9.76058920824
-7.2018901215 , 8.46533208163
-7.19676916505 , 6.88097260175
-7.1916482086 , 10.9404720717
-7.18652725215 , 18.885229397
-7.1814062957 , 21.1338955492
-7.17628533925 , 15.0196802192
-7.17116438279 , 10.804070443
-7.16604342634 , 17.0132543875
-7.16092246989 , 27.967244968
-7.15580151344 , 29.5368831346
-7.15068055699 , 20.6649759892
-7.14555960054 , 17.2073065441
-7.14043864409 , 28.4577565338
-7.13531768764 , 42.0021249526
-7.13019673118 , 40.9761806311
-7.12507577473 , 32.5486457723
-7.11995481828 , 32.2103786377
-7.11483386183 , 34.2979630702
-7.10971290538 , 30.4680458794
-7.10459194893 , 28.9325613178
-7.09947099248 , 33.8280777717
-7.09435003602 , 34.5087240033
-7.08922907957 , 27.6058726319
-7.08410812312 , 25.3869588942
-7.07898716667 , 31.99459703
-7.07386621022 , 35.2632911255
-7.06874525377 , 28.3764022317
-7.06362429732 , 21.5930798073
-7.05850334087 , 31.7220351014
-7.05338238441 , 62.6544962347
-7.04826142796 , 87.8144502028
-7.04314047151 , 79.222608382
-7.03801951506 , 50.0957109632
-7.03289855861 , 26.1995012477
-7.02777760216 , 15.1814898671
-7.02265664571 , 18.3918631501
-7.01753568925 , 32.659610566
-7.0124147328 , 46.2726802168
-7.00729377635 , 48.754165325
-7.0021728199 , 38.6057154167
-6.99705186345 , 22.0138652468
-6.991930907 , 8.42284528194
-6.98680995055 , 2.05317603079
-6.9816889941 , 0.451240931631
-6.97656803764 , 1.28881254361
-6.97144708119 , 6.44780246572
-6.96632612474 , 19.8292346394
-6.96120516829 , 37.2361145115
-6.95608421184 , 43.6833936605
-6.95096325539 , 33.5626999645
-6.94584229894 , 21.2421241646
-6.94072134248 , 24.1255710906
-6.93560038603 , 42.5333787792
-6.93047942958 , 54.1210036428
-6.92535847313 , 42.7844301684
-6.92023751668 , 26.5928103643
-6.91511656023 , 31.8887391435
-6.90999560378 , 58.2856998324
-6.90487464733 , 78.6031653253
-6.89975369087 , 70.9697948811
-6.89463273442 , 43.6202690274
-6.88951177797 , 18.4283662678
-6.88439082152 , 6.59549531068
-6.87926986507 , 6.67320640739
-6.87414890862 , 12.4423000924
-6.86902795217 , 15.606757879
-6.86390699571 , 12.2249383929
-6.85878603926 , 8.77891481279
-6.85366508281 , 13.4708641619
-6.84854412636 , 23.8953478936
-6.84342316991 , 27.3807632543
-6.83830221346 , 18.7773344039
-6.83318125701 , 8.27637535872
-6.82806030056 , 5.63615487752
-6.8229393441 , 12.4280738865
-6.81781838765 , 23.1858011967
-6.8126974312 , 27.8538841221
-6.80757647475 , 27.481022742
-6.8024555183 , 35.3427565775
-6.79733456185 , 50.7265437237
-6.7922136054 , 59.3916600344
-6.78709264894 , 58.5396330931
-6.78197169249 , 52.1317283997
-6.77685073604 , 42.8399991393
-6.77172977959 , 33.8224946487
-6.76660882314 , 22.9058249695
-6.76148786669 , 10.8583183231
-6.75636691024 , 3.22994447855
-6.75124595379 , 0.773318639762
-6.74612499733 , 1.7743658295
-6.74100404088 , 8.7192766585
-6.73588308443 , 26.4593130752
-6.73076212798 , 48.3149972796
-6.72564117153 , 55.2490805238
-6.72052021508 , 47.6296436995
-6.71539925863 , 46.0416105541
-6.71027830217 , 48.8328946541
-6.70515734572 , 38.9288330646
-6.70003638927 , 22.5678646454
-6.69491543282 , 17.7482878408
-6.68979447637 , 24.3896135247
-6.68467351992 , 28.0684956468
-6.67955256347 , 23.3323433113
-6.67443160702 , 16.7811115776
-6.66931065056 , 11.0871442861
-6.66418969411 , 5.69930868836
-6.65906873766 , 3.03287262413
-6.65394778121 , 5.46682294579
-6.64882682476 , 12.2811094076
-6.64370586831 , 17.3065870045
-6.63858491186 , 14.4765739596
-6.6334639554 , 7.16987955983
-6.62834299895 , 2.13539155253
-6.6232220425 , 0.742223494941
-6.61810108605 , 2.47180038354
-6.6129801296 , 9.30868332944
-6.60785917315 , 21.2230683904
-6.6027382167 , 29.335499065
-6.59761726025 , 25.7946959586
-6.59249630379 , 17.0132270362
-6.58737534734 , 14.5689181537
-6.58225439089 , 23.457542631
-6.57713343444 , 35.7728110476
-6.57201247799 , 35.1913845032
-6.56689152154 , 20.7850995058
-6.56177056509 , 7.36870114316
-6.55664960863 , 2.15399087002
-6.55152865218 , 2.8982019867
-6.54640769573 , 6.87062342432
-6.54128673928 , 11.054974195
-6.53616578283 , 14.7685109933
-6.53104482638 , 25.9353311388
-6.52592386993 , 51.4273016669
-6.52080291348 , 76.2657214119
-6.51568195702 , 73.4265491593
-6.51056100057 , 44.6999834078
-6.50544004412 , 17.6586265066
-6.50031908767 , 6.33908983001
-6.49519813122 , 6.93010088644
-6.49007717477 , 11.557559779
-6.48495621832 , 12.9568372244
-6.47983526186 , 10.9568544022
-6.47471430541 , 13.4191526075
-6.46959334896 , 22.4740591403
-6.46447239251 , 27.2330092774
-6.45935143606 , 20.0248768988
-6.45423047961 , 8.73890276001
-6.44910952316 , 2.26264404374
-6.44398856671 , 0.436515502474
-6.43886761025 , 1.047367337
-6.4337466538 , 6.7608385809
-6.42862569735 , 26.9015756624
-6.4235047409 , 64.1580101273
-6.41838378445 , 91.8506077905
-6.413262828 , 79.2513151453
-6.40814187155 , 41.9792513167
-6.40302091509 , 15.0151264454
-6.39789995864 , 5.00453052355
-6.39277900219 , 2.00788892886
-6.38765804574 , 0.699271402319
-6.38253708929 , 0.19471954484
-6.37741613284 , 0.481149289763
-6.37229517639 , 3.47446146566
-6.36717421994 , 16.28700376
-6.36205326348 , 48.2059109864
-6.35693230703 , 91.1070547333
-6.35181135058 , 110.128954403
-6.34669039413 , 84.3543301661
-6.34156943768 , 40.3399087947
-6.33644848123 , 12.1151580459
-6.33132752478 , 3.40944164499
-6.32620656832 , 3.64140048037
-6.32108561187 , 5.29222973159
-6.31596465542 , 4.82510822173
-6.31084369897 , 2.61022597465
-6.30572274252 , 0.837112898387
-6.30060178607 , 0.185675520932
-6.29548082962 , 0.352475513027
-6.29035987317 , 2.43202473752
-6.28523891671 , 10.4488795704
-6.28011796026 , 26.582627716
-6.27499700381 , 40.0266189543
-6.26987604736 , 35.6747719806
-6.26475509091 , 18.8743119074
-6.25963413446 , 6.44559521049
-6.25451317801 , 4.40880422323
-6.24939222155 , 12.0291022402
-6.2442712651 , 27.8223196083
-6.23915030865 , 47.0515263383
-6.2340293522 , 65.3921829624
-6.22890839575 , 80.3895980747
-6.2237874393 , 91.1879621939
-6.21866648285 , 93.3921091759
-6.2135455264 , 74.3943451053
-6.20842456994 , 42.9240938574
-6.20330361349 , 31.5322947947
-6.19818265704 , 55.0719500572
-6.19306170059 , 89.7205757338
-6.18794074414 , 93.6301398867
-6.18281978769 , 60.4059190937
-6.17769883124 , 23.9726793544
-6.17257787478 , 5.82256630876
-6.16745691833 , 0.860234994522
-6.16233596188 , 0.0784005141167
-6.15721500543 , 0.031852012757
-6.15209404898 , 0.287096387608
-6.14697309253 , 1.75779154952
-6.14185213608 , 6.37426665595
-6.13673117963 , 13.7109724798
-6.13161022317 , 17.8161712645
-6.12648926672 , 16.2690069515
-6.12136831027 , 19.4216737321
-6.11624735382 , 35.8418638404
-6.11112639737 , 52.0077749259
-6.10600544092 , 47.2825978288
-6.10088448447 , 27.0270750467
-6.09576352801 , 13.5858742774
-6.09064257156 , 22.3985710449
-6.08552161511 , 61.3441979602
-6.08040065866 , 115.767310964
-6.07527970221 , 137.261574018
-6.07015874576 , 100.859839332
-6.06503778931 , 46.6422676743
-6.05991683286 , 17.9850111207
-6.0547958764 , 14.4547081321
-6.04967491995 , 16.1187862894
-6.0445539635 , 12.0929034189
-6.03943300705 , 5.99095913471
-6.0343120506 , 6.19456521743
-6.02919109415 , 22.7804297737
-6.0240701377 , 64.2658061549
-6.01894918124 , 110.231543975
-6.01382822479 , 114.370728436
-6.00870726834 , 75.1168260107
-6.00358631189 , 45.852582974
-5.99846535544 , 59.2408328119
-5.99334439899 , 96.6881825706
-5.98822344254 , 120.165710458
-5.98310248609 , 111.040083937
-5.97798152963 , 77.4439071639
-5.97286057318 , 41.1084909309
-5.96773961673 , 18.8298964334
-5.96261866028 , 9.31321740711
-5.95749770383 , 4.44555414724
-5.95237674738 , 1.51709372893
-5.94725579093 , 0.321989603085
-5.94213483447 , 0.0409275070737
-5.93701387802 , 0.00308766027561
-5.93189292157 , 0.000138128074171
-5.92677196512 , 1.48372499202e-05
-5.92165100867 , 0.000447724856868
-5.91653005222 , 0.0106526928846
-5.91140909577 , 0.150871147897
-5.90628813932 , 1.27278408739
-5.90116718286 , 6.40141346295
-5.89604622641 , 19.2104897782
-5.89092526996 , 34.4263665939
-5.88580431351 , 36.8673994262
-5.88068335706 , 23.6069376017
-5.87556240061 , 9.04173665285
-5.87044144416 , 2.07305017284
-5.8653204877 , 0.313110396281
-5.86019953125 , 0.430108796953
-5.8550785748 , 3.39688755161
-5.84995761835 , 16.955508637
-5.8448366619 , 50.71617212
-5.83971570545 , 90.9928100618
-5.834594749 , 98.0500653449
-5.82947379255 , 63.6709437593
-5.82435283609 , 25.6262196441
-5.81923187964 , 8.24381483555
-5.81411092319 , 6.07219214826
-5.80898996674 , 12.7968862658
-5.80386901029 , 29.2669948571
-5.79874805384 , 45.9563174328
-5.79362709739 , 43.9720117714
-5.78850614093 , 25.0349411194
-5.78338518448 , 8.47250881236
-5.77826422803 , 2.07280607479
-5.77314327158 , 3.23475414025
-5.76802231513 , 14.2214928512
-5.76290135868 , 39.7564841307
-5.75778040223 , 66.6439849353
-5.75265944578 , 67.3921020728
-5.74753848932 , 43.9958305888
-5.74241753287 , 31.444054781
-5.73729657642 , 49.6183732156
-5.73217561997 , 76.5920175329
-5.72705466352 , 74.4105694385
-5.72193370707 , 44.8987310276
-5.71681275062 , 25.3873648894
-5.71169179416 , 35.8315383138
-5.70657083771 , 60.1177463041
-5.70144988126 , 65.4906458561
-5.69632892481 , 49.2230016651
-5.69120796836 , 45.9469165659
-5.68608701191 , 69.2723697628
-5.68096605546 , 84.9395147834
-5.67584509901 , 65.040311683
-5.67072414255 , 32.5867570268
-5.6656031861 , 22.9357649659
-5.66048222965 , 44.2646364068
-5.6553612732 , 73.5532373612
-5.65024031675 , 74.3045717757
-5.6451193603 , 44.4963800234
-5.63999840385 , 15.772206136
-5.63487744739 , 3.30888786034
-5.62975649094 , 0.41085762175
-5.62463553449 , 0.030193969874
-5.61951457804 , 0.00131334136358
-5.61439362159 , 3.60795361052e-05
-5.60927266514 , 0.000112830298393
-5.60415170869 , 0.00328877112127
-5.59903075224 , 0.0569965160322
-5.59390979578 , 0.584634174815
-5.58878883933 , 3.54928361631
-5.58366788288 , 12.7531605929
-5.57854692643 , 27.1216172463
-5.57342596998 , 34.1377189142
-5.56830501353 , 25.4331973684
-5.56318405708 , 11.2494390773
-5.55806310062 , 3.39969181873
-5.55294214417 , 4.139050049
-5.54782118772 , 17.1339610702
-5.54270023127 , 47.1998172303
-5.53757927482 , 77.6759458377
-5.53245831837 , 76.2362661288
-5.52733736192 , 44.644396535
-5.52221640547 , 15.6055101935
-5.51709544901 , 3.25697485659
-5.51197449256 , 0.405945223078
-5.50685353611 , 0.031455378808
-5.50173257966 , 0.0291165279428
-5.49661162321 , 0.370177317586
-5.49149066676 , 2.96257366622
-5.48636971031 , 14.2922031753
-5.48124875385 , 41.7128260477
-5.4761277974 , 73.9461337215
-5.47100684095 , 80.3121993393
-5.4658858845 , 56.1972049763
-5.46076492805 , 34.1476086682
-5.4556439716 , 33.6461595471
-5.45052301515 , 43.4441678154
-5.4454020587 , 46.9242757815
-5.44028110224 , 37.0208760585
-5.43516014579 , 19.5747858857
-5.43003918934 , 6.50609625011
-5.42491823289 , 1.31315698971
-5.41979727644 , 0.158493630261
-5.41467631999 , 0.0113681879168
-5.40955536354 , 0.000501547838703
-5.40443440708 , 0.000762826479223
-5.39931345063 , 0.0184015776068
-5.39419249418 , 0.268094801417
-5.38907153773 , 2.32162493038
-5.38395058128 , 11.9720416999
-5.37882962483 , 37.0230974185
-5.37370866838 , 70.2054987289
-5.36858771193 , 86.8372781246
-5.36346675547 , 79.5538454558
-5.35834579902 , 60.9556085759
-5.35322484257 , 37.6080824339
-5.34810388612 , 16.663426295
-5.34298292967 , 7.61217679953
-5.33786197322 , 15.3904088811
-5.33274101677 , 41.0092391539
-5.32762006031 , 67.8492252709
-5.32249910386 , 66.5623405915
-5.31737814741 , 38.6515372091
-5.31225719096 , 13.2851600212
-5.30713623451 , 2.72449279876
-5.30201527806 , 0.581000702731
-5.29689432161 , 1.76016785415
-5.29177336516 , 7.03532049735
-5.2866524087 , 17.4824181339
-5.28153145225 , 30.2733678167
-5.2764104958 , 50.0959865517
-5.27128953935 , 89.2162357661
-5.2661685829 , 125.390107841
-5.26104762645 , 114.170309305
-5.25592667 , 68.922016807
-5.25080571355 , 37.5170687226
-5.24568475709 , 27.8181821089
-5.24056380064 , 22.9329291102
-5.23544284419 , 16.2019075561
-5.23032188774 , 12.803216289
-5.22520093129 , 22.6796940639
-5.22007997484 , 45.6960573428
-5.21495901839 , 59.6841454145
-5.20983806193 , 47.1210175853
-5.20471710548 , 24.3350410972
-5.19959614903 , 13.7851585503
-5.19447519258 , 17.7384167837
-5.18935423613 , 27.893634873
-5.18423327968 , 32.1150884678
-5.17911232323 , 23.5009613951
-5.17399136678 , 10.4283132318
-5.16887041032 , 2.76079408443
-5.16374945387 , 0.433709443796
-5.15862849742 , 0.0403595022499
-5.15350754097 , 0.00222345765383
-5.14838658452 , 7.25051761903e-05
-5.14326562807 , 1.39939676001e-06
-5.13814467162 , 1.59858696764e-08
-5.13302371516 , 1.08081809767e-10
-5.12790275871 , 4.32502920322e-13
-5.12278180226 , 1.02434277121e-15
-5.11766084581 , 1.43589045901e-18
-5.11253988936 , 1.19128870719e-21
-5.10741893291 , 5.84968454547e-25
-5.10229797646 , 1.97528100681e-28
-5.09717702001 , 1.05515650693e-25
-5.09205606355 , 2.39437633322e-22
-5.0869351071 , 3.2157928434e-19
-5.08181415065 , 2.55625238396e-16
-5.0766931942 , 1.2026505132e-13
-5.07157223775 , 3.3488470015e-11
-5.0664512813 , 5.51914401468e-09
-5.06133032485 , 5.38356803355e-07
-5.05620936839 , 3.10811151589e-05
-5.05108841194 , 0.00106212155372
-5.04596745549 , 0.0214881012617
-5.04084649904 , 0.25760814386
-5.03572554259 , 1.83688762762
-5.03060458614 , 7.91077532535
-5.02548362969 , 21.8124308973
-5.02036267324 , 45.5774499768
-5.01524171678 , 89.5301005902
-5.01012076033 , 155.179788813
-5.00499980388 , 188.672211245
-4.99987884743 , 142.936268021
-4.99475789098 , 68.0694051585
-4.98963693453 , 35.896842664
-4.98451597808 , 60.595349143
-4.97939502162 , 107.040454677
-4.97427406517 , 116.735314322
-4.96915310872 , 75.6925340114
-4.96403215227 , 29.737267262
-4.95891119582 , 8.47398833714
-4.95379023937 , 3.49914672959
-4.94866928292 , 2.50091764236
-4.94354832647 , 4.49970600872
-4.93842737001 , 20.8763708605
-4.93330641356 , 71.5091953666
-4.92818545711 , 146.723404583
-4.92306450066 , 178.281726612
-4.91794354421 , 128.217053589
-4.91282258776 , 54.5764015278
-4.90770163131 , 13.7493954204
-4.90258067485 , 2.0501322675
-4.8974597184 , 0.180925479899
-4.89233876195 , 0.00945011640944
-4.8872178055 , 0.00029214210643
-4.88209684905 , 5.34528329426e-06
-4.8769758926 , 5.78851111034e-08
-4.87185493615 , 3.71007413707e-10
-4.8667339797 , 1.40740107312e-12
-4.86161302324 , 3.15989564641e-15
-4.85649206679 , 4.19901258417e-18
-4.85137111034 , 3.30248751737e-21
-4.84625015389 , 1.53728633325e-24
-4.84112919744 , 4.2353364966e-28
-4.83600824099 , 6.9062238742e-32
-4.83088728454 , 6.6659131987e-36
-4.82576632808 , 1.09756256998e-39
-4.82064537163 , 7.23504321648e-40
-4.81552441518 , 7.23504321648e-40
-4.81040345873 , 7.23504321648e-40
-4.80528250228 , 7.23504321648e-40
-4.80016154583 , 7.23504321648e-40
-4.79504058938 , 7.23504321648e-40
-4.78991963293 , 7.23504321648e-40
-4.78479867647 , 8.09338830872e-39
-4.77967772002 , 1.09856489678e-34
-4.77455676357 , 9.68391520152e-31
-4.76943580712 , 5.05241347655e-27
-4.76431485067 , 1.56015089002e-23
-4.75919389422 , 2.85137365292e-20
-4.75407293777 , 3.08433450421e-17
-4.74895198131 , 1.9746431501e-14
-4.74383102486 , 7.48230805172e-12
-4.73871006841 , 1.67804018321e-09
-4.73358911196 , 2.22735242455e-07
-4.72846815551 , 1.74982788115e-05
-4.72334719906 , 0.000813619850191
-4.71822624261 , 0.0223906937352
-4.71310528616 , 0.364697993461
-4.7079843297 , 3.51575828106
-4.70286337325 , 20.0597008954
-4.6977424168 , 67.7407043382
-4.69262146035 , 135.392551554
-4.6875005039 , 160.162060642
-4.68237954745 , 112.135812118
-4.677258591 , 46.4674486253
-4.67213763454 , 11.3965429628
-4.66701667809 , 1.65431133864
-4.66189572164 , 0.142128499827
-4.65677476519 , 0.00722718468417
-4.65165380874 , 0.000223164199293
-4.64653285229 , 0.000273740285976
-4.64141189584 , 0.00768943391888
-4.63629093939 , 0.1314995344
-4.63116998293 , 1.35761034463
-4.62604902648 , 8.52215831922
-4.62092807003 , 32.7817781574
-4.61580711358 , 77.8195220329
-4.61068615713 , 114.519395251
-4.60556520068 , 104.532763096
-4.60044424423 , 59.0161453555
-4.59532328777 , 21.1728372941
-4.59020233132 , 11.4119482971
-4.58508137487 , 40.4895790786
-4.57996041842 , 132.985013647
-4.57483946197 , 261.908698593
-4.56971850552 , 305.386875971
-4.56459754907 , 210.790523432
-4.55947659262 , 86.6799304606
-4.55435563616 , 26.1404900634
-4.54923467971 , 31.0813036873
-4.54411372326 , 87.9474649019
-4.53899276681 , 161.973477916
-4.53387181036 , 177.060977042
-4.52875085391 , 114.910628784
-4.52362989746 , 47.0953829709
-4.518508941 , 26.3700583309
-4.51338798455 , 50.6465105489
-4.5082670281 , 87.7001551253
-4.50314607165 , 92.0942914854
-4.4980251152 , 57.3182754574
-4.49290415875 , 21.395599718
-4.4877832023 , 7.43982328709
-4.48266224585 , 16.8607835732
-4.47754128939 , 55.1888876176
-4.47242033294 , 110.636631327
-4.46729937649 , 131.373142998
-4.46217842004 , 92.3297129055
-4.45705746359 , 38.4057387012
-4.45193650714 , 9.45519160621
-4.44681555069 , 1.37772999989
-4.44169459423 , 0.118816694502
-4.43657363778 , 0.00606471485819
-4.43145268133 , 0.000183215780489
-4.42633172488 , 3.27593244299e-06
-4.42121076843 , 3.46678227048e-08
-4.41608981198 , 2.17138966494e-10
-4.41096885553 , 8.04949316008e-13
-4.40584789908 , 1.76611457541e-15
-4.40072694262 , 2.29344739667e-18
-4.39560598617 , 1.76269942132e-21
-4.39048502972 , 8.018392482e-25
-4.38536407327 , 2.15881749103e-28
-4.38024311682 , 3.4400450093e-32
-4.37512216037 , 3.24509975713e-36
-4.37000120392 , 8.99679203961e-40
-4.36488024746 , 7.23504321648e-40
-4.35975929101 , 7.23504321648e-40
-4.35463833456 , 7.23504321648e-40
-4.34951737811 , 7.23504321648e-40
-4.34439642166 , 7.23504321648e-40
-4.33927546521 , 7.23504321648e-40
-4.33415450876 , 7.23504321648e-40
-4.32903355231 , 7.23504321648e-40
-4.32391259585 , 7.23504321648e-40
-4.3187916394 , 7.23504321648e-40
-4.31367068295 , 7.23504321648e-40
-4.3085497265 , 7.23504321648e-40
-4.30342877005 , 7.23504321648e-40
-4.2983078136 , 7.23504321648e-40
-4.29318685715 , 7.23504321648e-40
-4.28806590069 , 7.23504321648e-40
-4.28294494424 , 7.23504321648e-40
-4.27782398779 , 7.23504321648e-40
-4.27270303134 , 3.28749513984e-39
-4.26758207489 , 4.09231070286e-35
-4.26246111844 , 3.85465873196e-31
-4.25734016199 , 2.14897033672e-27
-4.25221920554 , 7.09078734281e-24
-4.24709824908 , 1.3847712988e-20
-4.24197729263 , 1.60059405416e-17
-4.23685633618 , 1.09497422848e-14
-4.23173537973 , 4.4334942429e-12
-4.22661442328 , 1.06244865931e-09
-4.22149346683 , 1.5069169211e-07
-4.21637251038 , 1.26499910756e-05
-4.21125155392 , 0.000628507813964
-4.20613059747 , 0.0184820736505
-4.20100964102 , 0.321669781796
-4.19588868457 , 3.31351838905
-4.19076772812 , 20.2017065663
-4.18564677167 , 72.8964341928
-4.18052581522 , 155.684029562
-4.17540485877 , 196.789261401
-4.17028390231 , 147.223887185
-4.16516294586 , 65.1890598464
-4.16004198941 , 17.0840450465
-4.15492103296 , 2.64988026558
-4.14980007651 , 0.243265970479
-4.14467912006 , 0.0132187003615
-4.13955816361 , 0.000495858124846
-4.13443720715 , 0.00298311585415
-4.1293162507 , 0.0739911073913
-4.12419529425 , 1.08914793968
-4.1190743378 , 9.48886673767
-4.11395338135 , 48.9284448708
-4.1088324249 , 149.323468495
-4.10371146845 , 269.72072449
-4.098590512 , 288.350133984
-4.09346955554 , 182.450723197
-4.08834859909 , 68.3267261833
-4.08322764264 , 15.1445100301
-4.07810668619 , 1.98673267069
-4.07298572974 , 0.154256414149
-4.06786477329 , 0.00708870039174
-4.06274381684 , 0.000192801142031
-4.05762286038 , 3.10364596128e-06
-4.05250190393 , 2.95702052283e-08
-4.04738094748 , 1.66746257245e-10
-4.04225999103 , 5.56641645594e-13
-4.03713903458 , 7.57275311394e-14
-4.03201807813 , 2.61778182307e-11
-4.02689712168 , 5.43479632764e-09
-4.02177616523 , 6.67809598086e-07
-4.01665520877 , 4.85670334195e-05
-4.01153425232 , 0.00209049933236
-4.00641329587 , 0.0532571628047
-4.00129233942 , 0.80301850992
-3.99617138297 , 7.16626101612
-3.99105042652 , 37.8511627643
-3.98592947007 , 118.327411688
-3.98080851361 , 218.932905589
-3.97568755716 , 239.748695914
-3.97056660071 , 155.38926155
-3.96544564426 , 59.6081013296
-3.96032468781 , 13.5334683337
-3.95520373136 , 1.81858024929
-3.95008277491 , 0.144635654681
-3.94496181846 , 0.00680828610631
-3.939840862 , 0.000189679225086
-3.93471990555 , 3.12767251886e-06
-3.9295989491 , 3.05299933478e-08
-3.92447799265 , 1.53244249833e-09
-3.9193570362 , 1.83486383442e-07
-3.91423607975 , 1.46934348703e-05
-3.9091151233 , 0.000696408566791
-3.90399416684 , 0.0195355090354
-3.89887321039 , 0.324343511505
-3.89375225394 , 3.18717242992
-3.88863129749 , 18.5364222815
-3.88351034104 , 63.8070662789
-3.87838938459 , 130.010090584
-3.87326842814 , 157.067726833
-3.86814747169 , 115.771539413
-3.86302651523 , 75.5722860097
-3.85790555878 , 133.408826946
-3.85278460233 , 310.753197302
-3.84766364588 , 464.917783717
-3.84254268943 , 413.740860433
-3.83742173298 , 217.985294438
-3.83230077653 , 67.9756003901
-3.82717982007 , 12.5458191683
-3.82205886362 , 1.37045476545
-3.81693790717 , 0.0886033361033
-3.81181695072 , 0.00339043270628
-3.80669599427 , 7.67856211389e-05
-3.80157503782 , 1.03060206822e-06
-3.79645408137 , 1.92668222716e-07
-3.79133312492 , 1.49912404715e-05
-3.78621216846 , 0.000720924733937
-3.78109121201 , 0.0205193182917
-3.77597025556 , 0.345665047435
-3.77084929911 , 3.44641477048
-3.76572834266 , 20.3375744194
-3.76060738621 , 71.0313884541
-3.75548642976 , 146.832092965
-3.7503654733 , 179.64337734
-3.74524451685 , 130.083127518
-3.7401235604 , 55.7506923403
-3.73500260395 , 14.1416178401
-3.7298816475 , 2.12308540654
-3.72476069105 , 0.188649374711
-3.7196397346 , 0.00992116817678
-3.71451877815 , 0.000308808886676
-3.70939782169 , 5.68900485424e-06
-3.70427686524 , 6.20300820476e-08
-3.69915590879 , 4.0030216926e-10
-3.69403495234 , 1.52905212983e-12
-3.68891399589 , 6.61444890332e-14
-3.68379303944 , 2.26061888618e-11
-3.67867208299 , 4.82495084067e-09
-3.67355112653 , 6.09522268229e-07
-3.66843017008 , 4.55761946733e-05
-3.66330921363 , 0.00201742417242
-3.65818825718 , 0.0528851804325
-3.65306730073 , 0.821903347096
-3.64794634428 , 7.59602367403
-3.64282538783 , 42.1024376813
-3.63770443138 , 143.119898439
-3.63258347492 , 314.410420235
-3.62746251847 , 488.760255855
-3.62234156202 , 580.642853184
-3.61722060557 , 514.433994029
-3.61209964912 , 309.211192521
-3.60697869267 , 116.889442175
-3.60185773622 , 26.7734049319
-3.59673677976 , 3.66070707669
-3.59161582331 , 0.297146300145
-3.58649486686 , 0.0142910472032
-3.58137391041 , 0.000406951821625
-3.57625295396 , 6.85962135413e-06
-3.57113199751 , 6.8438072613e-08
-3.56601104106 , 4.04131390031e-10
-3.56089008461 , 1.41243966236e-12
-3.55576912815 , 2.92171654647e-15
-3.5506481717 , 3.57706252091e-18
-3.54552721525 , 2.59200032996e-21
-3.5404062588 , 1.11163848298e-24
-3.53528530235 , 2.82170798392e-28
-3.5301643459 , 4.2391672034e-32
-3.52504338945 , 2.60330900751e-35
-3.51992243299 , 2.23505365481e-31
-3.51480147654 , 1.32804179978e-27
-3.50968052009 , 4.67041573042e-24
-3.50455956364 , 9.72118793788e-21
-3.49943860719 , 1.1975761592e-17
-3.49431765074 , 8.73186369423e-15
-3.48919669429 , 3.76817234247e-12
-3.48407573784 , 9.62442010748e-10
-3.47895478138 , 1.45491757611e-07
-3.47383382493 , 1.30173389642e-05
-3.46871286848 , 0.000689328194613
-3.46359191203 , 0.0216047813736
-3.45847095558 , 0.400768625561
-3.45334999913 , 4.40004947957
-3.44822904268 , 28.5917943498
-3.44310808622 , 109.962668134
-3.43798712977 , 250.304774198
-3.43286617332 , 337.219751734
-3.42774521687 , 268.891381584
-3.42262426042 , 126.899750517
-3.41750330397 , 35.4457901573
-3.41238234752 , 5.85988143717
-3.40726139107 , 0.573587532055
-3.40214043461 , 0.0412446766681
-3.39701947816 , 0.174402610134
-3.39189852171 , 2.2099162718
-3.38677756526 , 16.6821832835
-3.38165660881 , 74.5339971239
-3.37653565236 , 197.09512203
-3.37141469591 , 308.473081806
-3.36629373945 , 285.744974923
-3.361172783 , 156.660630006
-3.35605182655 , 50.8349054501
-3.3509308701 , 9.76754000392
-3.34580991365 , 1.21948507479
-3.3406889572 , 1.63613101574
-3.33556800075 , 13.1528934034
-3.3304470443 , 65.5438921148
-3.32532608784 , 193.357046689
-3.32020513139 , 337.604205622
-3.31508417494 , 348.879379617
-3.30996321849 , 213.38425051
-3.30484226204 , 77.2447604612
-3.29972130559 , 16.5499192069
-3.29460034914 , 2.09978893744
-3.28947939268 , 0.192262726851
-3.28435843623 , 0.637768467973
-3.27923747978 , 6.77610916858
-3.27411652333 , 43.0808775273
-3.26899556688 , 162.113800274
-3.26387461043 , 361.056383478
-3.25875365398 , 475.937182831
-3.25363269753 , 371.316125526
-3.24851174107 , 171.457920241
-3.24339078462 , 46.8587672966
-3.23826982817 , 7.5795554461
-3.23314887172 , 0.725631580766
-3.22802791527 , 0.0411157468939
-3.22290695882 , 0.00137885868454
-3.21778600237 , 2.73684940109e-05
-3.21266504592 , 3.21515273463e-07
-3.20754408946 , 2.23548573547e-09
-3.20242313301 , 9.25786703169e-12
-3.19730217656 , 2.04587478885e-11
-3.19218122011 , 4.23121084115e-09
-3.18706026366 , 5.18496359396e-07
-3.18193930721 , 3.7605060858e-05
-3.17681835076 , 0.00161423372677
-3.1716973943 , 0.041011539725
-3.16657643785 , 0.616687675128
-3.1614554814 , 5.48837780942
-3.15633452495 , 28.9096122785
-3.1512135685 , 90.128069999
-3.14609261205 , 166.301976868
-3.1409716556 , 181.616076392
-3.13585069915 , 117.389891926
-3.13072974269 , 44.908303927
-3.12560878624 , 10.1681545854
-3.12048782979 , 1.36262754466
-3.11536687334 , 0.108076612477
-3.11024591689 , 0.00507347845623
-3.10512496044 , 0.000140961156389
-3.10000400399 , 2.31799568811e-06
-3.09488304753 , 2.25603238845e-08
-3.08976209108 , 1.29956370417e-10
-3.08464113463 , 4.43066947337e-13
-3.07952017818 , 8.94066761279e-16
-3.07439922173 , 2.396468194e-17
-3.06927826528 , 1.62419053483e-14
-3.06415730883 , 6.81893045373e-12
-3.05903635238 , 1.69439679284e-09
-3.05391539592 , 2.49191677671e-07
-3.04879443947 , 2.16905967679e-05
-3.04367348302 , 0.00111745237082
-3.03855252657 , 0.034072664372
-3.03343157012 , 0.614897493837
-3.02831061367 , 6.56778464855
-3.02318965722 , 41.5197413234
-3.01806870076 , 155.349524244
-3.01294774431 , 344.020854018
-3.00782678786 , 450.898889086
-3.00270583141 , 349.778502891
-2.99758487496 , 160.59300233
-2.99246391851 , 43.6394907437
-2.98734296206 , 7.01862895873
-2.98222200561 , 0.668104577937
-2.97710104915 , 0.0376405676967
-2.9719800927 , 0.00125512631673
-2.96685913625 , 2.47706988911e-05
-2.9617381798 , 2.89340107282e-07
-2.95661722335 , 2.00031582038e-09
-2.9514962669 , 8.18479968574e-12
-2.94637531045 , 1.98215263355e-14
-2.94125435399 , 2.84146570398e-17
-2.93613339754 , 4.65345918752e-18
-2.93101244109 , 3.4174341288e-15
-2.92589148464 , 1.49313525888e-12
-2.92077052819 , 3.86115901709e-10
-2.91564957174 , 5.9095683679e-08
-2.91052861529 , 5.35319879874e-06
-2.90540765884 , 0.000287005700079
-2.90028670238 , 0.00910724955653
-2.89516574593 , 0.171042381452
-2.89004478948 , 1.90126172422
-2.88492383303 , 12.5088732427
-2.87980287658 , 48.727658866
-2.87468192013 , 112.707804989
-2.86956096368 , 158.600796856
-2.86444000722 , 162.210698676
-2.85931905077 , 219.499929084
-2.85419809432 , 411.280418674
-2.84907713787 , 577.130824713
-2.84395618142 , 495.061651584
-2.83883522497 , 252.298393074
-2.83371426852 , 76.134168601
-2.82859331207 , 13.5983509502
-2.82347235561 , 1.43752371869
-2.81835139916 , 0.0899422407487
-2.81323044271 , 0.00333067334051
-2.80810948626 , 7.29995197841e-05
-2.80298852981 , 9.46951173583e-07
-2.79786757336 , 7.27034116318e-09
-2.79274661691 , 3.30370769991e-11
-2.78762566045 , 8.88521745273e-14
-2.782504704 , 1.41434098658e-16
-2.77738374755 , 1.33248469032e-19
-2.7722627911 , 1.89036597414e-21
-2.76714183465 , 2.63551077226e-18
-2.7620208782 , 2.26369303286e-15
-2.75689992175 , 1.15077390465e-12
-2.7517789653 , 3.46243973064e-10
-2.74665800884 , 6.16586845066e-08
-2.74153705239 , 6.49869805991e-06
-2.73641609594 , 0.000405396045258
-2.73129513949 , 0.0149677790119
-2.72617418304 , 0.327094872091
-2.72105322659 , 4.2313670717
-2.71593227014 , 32.4171235289
-2.71081131368 , 147.330494555
-2.70569035723 , 399.745509125
-2.70056940078 , 662.460865635
-2.69544844433 , 721.604361564
-2.69032748788 , 609.455003448
-2.68520653143 , 458.986073594
-2.68008557498 , 279.194914412
-2.67496461853 , 114.684919944
-2.66984366207 , 29.0490681084
-2.66472270562 , 4.40475678863
-2.65960174917 , 0.396514309209
-2.65448079272 , 0.0211430994745
-2.64935983627 , 0.000667408657432
-2.64423887982 , 1.24698012956e-05
-2.63911792337 , 1.37896573301e-07
-2.63399696691 , 9.02544894517e-10
-2.62887601046 , 3.49626439301e-12
-2.62375505401 , 8.01603294818e-15
-2.61863409756 , 1.08776330124e-17
-2.61351314111 , 8.73632878866e-21
-2.60839218466 , 4.15282078994e-24
-2.60327122821 , 1.16836102342e-27
-2.59815027176 , 1.94549707642e-31
-2.5930293153 , 1.91743142996e-35
-2.58790835885 , 1.82879174034e-39
-2.5827874024 , 7.38926595677e-40
-2.57766644595 , 6.13608377743e-37
-2.5725454895 , 7.5376642284e-33
-2.56742453305 , 5.4866117157e-29
-2.5623035766 , 2.36369433728e-25
-2.55718262014 , 6.02695586812e-22
-2.55206166369 , 9.09545263144e-19
-2.54694070724 , 8.12400589451e-16
-2.54181975079 , 4.29472887013e-13
-2.53669879434 , 1.34375744009e-10
-2.53157783789 , 2.48843110006e-08
-2.52645688144 , 2.72740710453e-06
-2.52133592499 , 0.000176926922276
-2.51621496853 , 0.00679293543252
-2.51109401208 , 0.154362093078
-2.50597305563 , 2.07607691505
-2.50085209918 , 16.5259269342
-2.49573114273 , 77.8588214723
-2.49061018628 , 217.10480297
-2.48548922983 , 358.303165888
-2.48036827337 , 349.98664133
-2.47524731692 , 202.335412429
-2.47012636047 , 69.2328067039
-2.46500540402 , 14.0207614088
-2.45988444757 , 1.68058244119
-2.45476349112 , 0.120924473888
-2.44964253467 , 0.0544812146293
-2.44452157822 , 0.850186232592
-2.43940062176 , 8.64432036499
-2.43427966531 , 52.0272305898
-2.42915870886 , 185.331980024
-2.42403775241 , 390.741831122
-2.41891679596 , 487.590144545
-2.41379583951 , 360.266027069
-2.40867488306 , 159.669269929
-2.4035539266 , 59.367496533
-2.39843297015 , 97.2048147127
-2.3933120137 , 263.269507029
-2.38819105725 , 449.044901219
-2.3830701008 , 454.228603125
-2.37794914435 , 271.961029367
-2.3728281879 , 96.3739634256
-2.36770723145 , 20.2130929737
-2.36258627499 , 2.50914530118
-2.35746531854 , 0.184348170891
-2.35234436209 , 0.00801626080285
-2.34722340564 , 0.000206312160811
-2.34210244919 , 3.14266292179e-06
-2.33698149274 , 2.83328824852e-08
-2.33186053629 , 1.51183259366e-10
-2.32673957983 , 4.77459603642e-13
-2.32161862338 , 8.924616188e-16
-2.31649766693 , 9.87330262231e-19
-2.31137671048 , 6.46520867372e-22
-2.30625575403 , 1.06800427286e-22
-2.30113479758 , 1.65878246723e-19
-2.29601384113 , 1.52842943735e-16
-2.29089288468 , 8.33529332314e-14
-2.28577192822 , 2.69039419959e-11
-2.28065097177 , 5.13961378272e-09
-2.27553001532 , 5.81118349156e-07
-2.27040905887 , 3.88882346897e-05
-2.26528810242 , 0.00154025066826
-2.26016714597 , 0.0361063941987
-2.25504618952 , 0.500952293619
-2.24992523306 , 4.11365774777
-2.24480427661 , 19.9930696618
-2.23968332016 , 57.510923172
-2.23456236371 , 97.9130852371
-2.22944140726 , 98.6621711718
-2.22432045081 , 58.8410130047
-2.21919949436 , 20.7696813268
-2.21407853791 , 4.34066033497
-2.20895758145 , 0.581358570066
-2.203836625 , 0.792373895802
-2.19871566855 , 7.48826977945
-2.1935947121 , 44.0481066973
-2.18847375565 , 153.387635067
-2.1833527992 , 316.135625872
-2.17823184275 , 385.634762016
-2.17311088629 , 278.421771154
-2.16798992984 , 119.041455102
-2.16286897339 , 31.0295354525
-2.15774801694 , 11.911000415
-2.15262706049 , 34.9089124095
-2.14750610404 , 95.1810071395
-2.14238514759 , 155.305648682
-2.13726419114 , 150.01532303
-2.13214323468 , 85.7640487439
-2.12702227823 , 29.0198055624
-2.12190132178 , 5.81170094812
-2.11678036533 , 0.688860933531
-2.11165940888 , 0.0483258375401
-2.10653845243 , 0.00200653509385
-2.10141749598 , 4.93098483313e-05
-2.09629653952 , 7.17199718074e-07
-2.09117558307 , 6.17399239534e-09
-2.08605462662 , 3.1456587464e-11
-2.08093367017 , 9.48585889416e-14
-2.07581271372 , 1.69301673055e-16
-2.07069175727 , 1.78840294461e-19
-2.06557080082 , 1.118121605e-22
-2.06044984437 , 4.13744504922e-26
-2.05532888791 , 9.06139317703e-30
-2.05020793146 , 1.17456623734e-33
-2.04508697501 , 9.0828693314e-38
-2.03996601856 , 7.23504321648e-40
-2.03484506211 , 7.23504321648e-40
-2.02972410566 , 7.23504321648e-40
-2.02460314921 , 7.23504321648e-40
-2.01948219275 , 7.23504321648e-40
-2.0143612363 , 7.23504321648e-40
-2.00924027985 , 7.23504321648e-40
-2.0041193234 , 7.23504321648e-40
-1.99899836695 , 7.23504321648e-40
-1.9938774105 , 7.23504321648e-40
-1.98875645405 , 7.23504321648e-40
-1.9836354976 , 7.23504321648e-40
-1.97851454114 , 7.23504321648e-40
-1.97339358469 , 7.23504321648e-40
-1.96827262824 , 7.23504321648e-40
-1.96315167179 , 7.23504321648e-40
-1.95803071534 , 7.49023677429e-40
-1.95290975889 , 4.99221909591e-37
-1.94778880244 , 5.46543404553e-33
-1.94266784598 , 3.54653093165e-29
-1.93754688953 , 1.36207944817e-25
-1.93242593308 , 3.09614053195e-22
-1.92730497663 , 4.16541643397e-19
-1.92218402018 , 3.31677280617e-16
-1.91706306373 , 1.5631208589e-13
-1.91194210728 , 4.36002449917e-11
-1.90682115083 , 7.19788389903e-09
-1.90170019437 , 7.03299456031e-07
-1.89657923792 , 4.06719750393e-05
-1.89145828147 , 0.00139209790461
-1.88633732502 , 0.0282009561831
-1.88121636857 , 0.338125110502
-1.87609541212 , 2.3994436302
-1.87097445567 , 10.0777415253
-1.86585349921 , 25.051596944
-1.86073254276 , 36.8576084989
-1.85561158631 , 32.0950773139
-1.85049062986 , 16.5412846908
-1.84536967341 , 5.04567859641
-1.84024871696 , 0.910939357469
-1.83512776051 , 0.0973372083018
-1.83000680406 , 0.00615584736201
-1.8248858476 , 0.000230417964494
-1.81976489115 , 5.10463113904e-06
-1.8146439347 , 6.69317116895e-08
-1.80952297825 , 5.19420438426e-10
