-1811.68099 1.00000
-1811.56678 1.00000
-1811.53981 1.00000
-1811.43230 1.00000
-1811.40945 1.00000
-1811.21510 1.00000
-1810.74193 1.00000
-1531.74094 1.00000
-524.57041 1.00000
-523.89790 1.00000
-523.86033 1.00000
-523.79405 1.00000
-523.74560 1.00000
-523.70408 1.00000
-523.69067 1.00000
-523.51101 1.00000
-523.48301 1.00000
-523.48153 1.00000
-523.46927 1.00000
-523.40662 1.00000
-523.39577 1.00000
-523.39044 1.00000
-523.26219 1.00000
-523.20684 1.00000
-523.19058 1.00000
-523.07226 1.00000
-522.97788 1.00000
-522.92551 1.00000
-522.90386 1.00000
-522.35176 1.00000
-521.81574 1.00000
-148.05109 1.00000
-147.95961 1.00000
-147.89280 1.00000
-147.84323 1.00000
-147.76430 1.00000
-147.56686 1.00000
-147.13212 1.00000
-114.05526 1.00000
-102.69168 1.00000
-102.67621 1.00000
-102.66802 1.00000
-102.61184 1.00000
-102.58242 1.00000
-102.56309 1.00000
-102.52972 1.00000
-102.52637 1.00000
-102.50976 1.00000
-102.48028 1.00000
-102.46657 1.00000
-102.45595 1.00000
-102.40792 1.00000
-102.38892 1.00000
-102.38197 1.00000
-102.21310 1.00000
-102.20311 1.00000
-102.16925 1.00000
-101.77977 1.00000
-101.75644 1.00000
-101.73890 1.00000
-74.21101 1.00000
-74.15552 1.00000
-74.12348 1.00000
-30.75344 1.00000
-30.57119 1.00000
-30.44595 1.00000
-30.28911 1.00000
-30.13649 1.00000
-30.07855 1.00000
-29.88788 1.00000
-29.83050 1.00000
-29.74903 1.00000
-29.65232 1.00000
-29.50175 1.00000
-29.48180 1.00000
-29.40923 1.00000
-29.36285 1.00000
-29.31474 1.00000
-29.29890 1.00000
-29.04878 1.00000
-28.93696 1.00000
-28.84639 1.00000
-28.68581 1.00000
-28.62516 1.00000
-27.98083 1.00000
-27.60201 1.00000
-19.80274 1.00000
-19.37769 1.00000
-19.10923 1.00000
-18.99904 1.00000
-18.89669 1.00000
-18.62962 1.00000
-18.28923 1.00000
-17.79193 1.00000
-17.61592 1.00000
-17.56303 1.00000
-17.37301 1.00000
-17.35204 1.00000
-17.20945 1.00000
-16.77187 1.00000
-16.73015 1.00000
-16.66014 1.00000
-16.25317 1.00000
-16.12360 1.00000
-15.97905 1.00000
-15.55066 1.00000
-15.00667 1.00000
-14.48681 1.00000
-14.26277 1.00000
-13.98232 1.00000
-13.38690 1.00000
-13.27847 1.00000
-13.12473 1.00000
-13.02542 1.00000
-12.90523 1.00000
-12.87292 1.00000
-12.70793 1.00000
-12.68634 1.00000
-12.56538 1.00000
-12.54277 1.00000
-12.40212 1.00000
-12.37794 1.00000
-12.35086 1.00000
-12.28749 1.00000
-12.27955 1.00000
-12.21325 1.00000
-12.21091 1.00000
-12.13477 1.00000
-12.11244 1.00000
-12.05017 1.00000
-12.02297 1.00000
-11.89402 1.00000
-11.83416 1.00000
-11.78219 1.00000
-11.74232 1.00000
-11.71922 1.00000
-11.60417 1.00000
-11.58401 1.00000
-11.49841 1.00000
-11.42213 1.00000
-11.37247 1.00000
-11.29506 1.00000
-11.26008 1.00000
-11.12413 1.00000
-11.11340 1.00000
-11.02463 1.00000
-10.97499 1.00000
-10.90583 1.00000
-10.82081 1.00000
-10.76935 1.00000
-10.69177 1.00000
-10.57203 1.00000
-10.52152 1.00000
-10.34429 1.00000
-10.07764 1.00000
-3.54986 0.00000
-3.25988 0.00000
-3.25102 0.00000
-3.10011 0.00000
-3.04281 0.00000
-2.98764 0.00000
-2.83045 0.00000
-2.78010 0.00000
-2.69921 0.00000
-2.67259 0.00000
-2.37338 0.00000
-1.88153 0.00000
-1.55049 0.00000
-0.94661 0.00000
-0.39801 0.00000
0.20735 0.00000
0.28560 0.00000
0.85574 0.00000
0.98616 0.00000
1.13333 0.00000
1.21281 0.00000
1.48396 0.00000
1.51321 0.00000
1.64330 0.00000
1.73647 0.00000
1.75328 0.00000
1.81160 0.00000
1.84057 0.00000
1.89543 0.00000
1.98588 0.00000
2.04415 0.00000
2.08666 0.00000
2.13196 0.00000
2.23541 0.00000
2.35735 0.00000
2.39582 0.00000
2.46379 0.00000
2.54413 0.00000
2.58615 0.00000
2.64918 0.00000
2.71631 0.00000
2.74942 0.00000
2.83679 0.00000
2.86014 0.00000
2.97585 0.00000
3.01495 0.00000
3.08510 0.00000
3.10552 0.00000
3.14983 0.00000
3.23729 0.00000
3.30698 0.00000
3.42120 0.00000
3.45797 0.00000
3.48740 0.00000
3.57510 0.00000
3.59094 0.00000
3.66345 0.00000
3.69606 0.00000
3.76920 0.00000
3.90108 0.00000
4.03090 0.00000
4.24739 0.00000
4.28694 0.00000
4.36038 0.00000
4.45073 0.00000
4.51220 0.00000
4.54808 0.00000
4.65308 0.00000
4.71231 0.00000
4.73988 0.00000
4.92250 0.00000
4.99141 0.00000
5.10585 0.00000
5.11448 0.00000
5.17361 0.00000
5.29107 0.00000
5.33244 0.00000
5.39627 0.00000
5.54312 0.00000
5.59598 0.00000
5.71373 0.00000
5.73132 0.00000
5.84315 0.00000
5.89544 0.00000
5.94499 0.00000
6.02743 0.00000
6.27832 0.00000
6.32218 0.00000
6.42045 0.00000
6.50091 0.00000
6.55962 0.00000
6.60989 0.00000
6.69123 0.00000
6.73815 0.00000
6.91080 0.00000
6.96721 0.00000
7.03097 0.00000
7.09720 0.00000
7.27403 0.00000
7.36244 0.00000
7.51129 0.00000
7.55133 0.00000
7.67198 0.00000
7.82236 0.00000
7.94702 0.00000
8.09014 0.00000
8.11676 0.00000
8.18289 0.00000
8.21649 0.00000
8.25286 0.00000
8.32717 0.00000
8.48001 0.00000
8.51809 0.00000
8.72127 0.00000
-1811.68101 1.00000
-1811.56920 1.00000
-1811.53994 1.00000
-1811.43350 1.00000
-1811.40945 1.00000
-1811.21539 1.00000
-1810.74201 1.00000
-1531.74384 1.00000
-524.14428 1.00000
-523.89779 1.00000
-523.85901 1.00000
-523.79396 1.00000
-523.73705 1.00000
-523.68964 1.00000
-523.68933 1.00000
-523.49775 1.00000
-523.48336 1.00000
-523.48153 1.00000
-523.46927 1.00000
-523.40340 1.00000
-523.38830 1.00000
-523.26151 1.00000
-523.19043 1.00000
-523.17577 1.00000
-523.15636 1.00000
-523.07255 1.00000
-522.97797 1.00000
-522.92445 1.00000
-522.90383 1.00000
-522.29564 1.00000
-521.81023 1.00000
-148.05111 1.00000
-147.96280 1.00000
-147.89296 1.00000
-147.84474 1.00000
-147.76430 1.00000
-147.56724 1.00000
-147.13221 1.00000
-114.05977 1.00000
-102.69169 1.00000
-102.67621 1.00000
-102.66805 1.00000
-102.61544 1.00000
-102.58633 1.00000
-102.56642 1.00000
-102.52995 1.00000
-102.52648 1.00000
-102.50991 1.00000
-102.48162 1.00000
-102.46735 1.00000
-102.45864 1.00000
-102.40792 1.00000
-102.38892 1.00000
-102.38197 1.00000
-102.21335 1.00000
-102.20338 1.00000
-102.16987 1.00000
-101.77986 1.00000
-101.75655 1.00000
-101.73902 1.00000
-74.21717 1.00000
-74.16062 1.00000
-74.12719 1.00000
-30.71959 1.00000
-30.48597 1.00000
-30.38849 1.00000
-30.26254 1.00000
-30.12863 1.00000
-30.06082 1.00000
-29.88763 1.00000
-29.81914 1.00000
-29.74677 1.00000
-29.61588 1.00000
-29.48226 1.00000
-29.40744 1.00000
-29.38372 1.00000
-29.29701 1.00000
-29.28950 1.00000
-29.04688 1.00000
-28.96351 1.00000
-28.84392 1.00000
-28.64537 1.00000
-28.56840 1.00000
-28.02456 1.00000
-27.82202 1.00000
-27.57352 1.00000
-19.79406 1.00000
-19.35537 1.00000
-19.09750 1.00000
-18.99322 1.00000
-18.87580 1.00000
-18.61256 1.00000
-18.28777 1.00000
-17.79121 1.00000
-17.59746 1.00000
-17.53474 1.00000
-17.36682 1.00000
-17.35170 1.00000
-17.20858 1.00000
-16.76979 1.00000
-16.72903 1.00000
-16.64844 1.00000
-16.22333 1.00000
-16.01544 1.00000
-15.88337 1.00000
-15.54523 1.00000
-14.83848 1.00000
-14.34874 1.00000
-14.21028 1.00000
-13.35101 1.00000
-13.30402 1.00000
-13.23287 1.00000
-13.01291 1.00000
-12.86552 1.00000
-12.83895 1.00000
-12.73115 1.00000
-12.65278 1.00000
-12.57690 1.00000
-12.51957 1.00000
-12.38352 1.00000
-12.34837 1.00000
-12.29367 1.00000
-12.25546 1.00000
-12.22877 1.00000
-12.19838 1.00000
-12.16212 1.00000
-12.13379 1.00000
-12.04937 1.00000
-12.01746 1.00000
-11.96673 1.00000
-11.92762 1.00000
-11.84232 1.00000
-11.73684 1.00000
-11.73010 1.00000
-11.71289 1.00000
-11.58260 1.00000
-11.53905 1.00000
-11.45660 1.00000
-11.36411 1.00000
-11.30024 1.00000
-11.26053 1.00000
-11.18448 1.00000
-11.11688 1.00000
-11.01963 1.00000
-10.94636 1.00000
-10.89592 1.00000
-10.80747 1.00000
-10.76478 1.00000
-10.69180 1.00000
-10.56937 1.00000
-10.53882 1.00000
-10.47696 1.00000
-10.19386 1.00000
-10.04990 1.00000
-8.39910 0.00000
-3.54489 0.00000
-3.25596 0.00000
-3.24523 0.00000
-3.09549 0.00000
-3.03671 0.00000
-2.98627 0.00000
-2.82398 0.00000
-2.77513 0.00000
-2.69789 0.00000
-2.67122 0.00000
-2.37176 0.00000
-1.87426 0.00000
-1.54637 0.00000
-0.93512 0.00000
-0.36924 0.00000
0.23959 0.00000
0.29574 0.00000
0.91925 0.00000
0.99794 0.00000
1.18834 0.00000
1.22433 0.00000
1.50615 0.00000
1.54879 0.00000
1.65102 0.00000
1.74361 0.00000
1.77128 0.00000
1.83842 0.00000
1.84954 0.00000
1.92072 0.00000
1.99555 0.00000
2.06984 0.00000
2.09886 0.00000
2.14760 0.00000
2.24656 0.00000
2.36616 0.00000
2.42905 0.00000
2.46780 0.00000
2.55381 0.00000
2.60184 0.00000
2.65775 0.00000
2.73335 0.00000
2.77718 0.00000
2.83954 0.00000
2.86823 0.00000
2.98451 0.00000
3.03322 0.00000
3.09946 0.00000
3.11280 0.00000
3.16308 0.00000
3.25141 0.00000
3.31818 0.00000
3.42698 0.00000
3.46751 0.00000
3.50155 0.00000
3.58006 0.00000
3.60392 0.00000
3.67861 0.00000
3.70152 0.00000
3.78317 0.00000
3.92240 0.00000
4.04241 0.00000
4.26875 0.00000
4.29263 0.00000
4.36367 0.00000
4.46126 0.00000
4.51596 0.00000
4.56195 0.00000
4.66427 0.00000
4.71533 0.00000
4.74498 0.00000
4.93145 0.00000
5.00130 0.00000
5.11355 0.00000
5.13213 0.00000
5.18386 0.00000
5.30468 0.00000
5.33700 0.00000
5.40208 0.00000
5.55676 0.00000
5.60582 0.00000
5.72352 0.00000
5.75722 0.00000
5.85367 0.00000
5.90936 0.00000
5.96323 0.00000
6.03162 0.00000
6.29070 0.00000
6.33859 0.00000
6.42771 0.00000
6.50726 0.00000
6.56693 0.00000
6.62162 0.00000
6.70310 0.00000
6.74950 0.00000
6.93515 0.00000
6.98168 0.00000
7.04496 0.00000
7.10682 0.00000
7.28760 0.00000
7.37228 0.00000
7.52273 0.00000
7.56447 0.00000
7.68422 0.00000
7.83886 0.00000
7.95617 0.00000
8.10018 0.00000
8.13920 0.00000
8.21002 0.00000
8.25251 0.00000
8.26326 0.00000
8.33278 0.00000
8.50478 0.00000
8.52440 0.00000
8.73545 0.00000
