Ef: -4.97713122026
-12.0514358809 , 1.89327320275e-09
-12.0463149245 , 2.43964247037e-07
-12.041193968 , 1.86062400139e-05
-12.0360730116 , 0.000839867139096
-12.0309520551 , 0.0224378942154
-12.0258310987 , 0.354791445379
-12.0207101422 , 3.32034888742
-12.0155891858 , 18.3913596185
-12.0104682293 , 60.2925274543
-12.0053472729 , 116.9856735
-12.0002263164 , 134.344968596
-11.9951053599 , 91.3123813994
-11.9899844035 , 36.7330905036
-11.984863447 , 8.74590599545
-11.9797424906 , 1.23245672202
-11.9746215341 , 0.102791709151
-11.9695005777 , 0.00507415854947
-11.9643796212 , 0.000148248229658
-11.9592586648 , 2.56350716127e-06
-11.9541377083 , 2.62360887143e-08
-11.9490167519 , 1.58921693044e-10
-11.9438957954 , 5.69753251104e-13
-11.938774839 , 1.20895455954e-15
-11.9336538825 , 1.51828282627e-18
-11.9285329261 , 1.12853470281e-21
-11.9234119696 , 4.96474210192e-25
-11.9182910132 , 1.29270076393e-28
-11.9131700567 , 1.99213545348e-32
-11.9080491003 , 1.81750666239e-36
-11.9029281438 , 5.86712021908e-40
-11.8978071874 , 4.93694672418e-40
-11.8926862309 , 4.93694672418e-40
-11.8875652745 , 4.93694672418e-40
-11.882444318 , 4.93694672418e-40
-11.8773233616 , 4.93694672418e-40
-11.8722024051 , 4.93694672418e-40
-11.8670814487 , 4.93694672418e-40
-11.8619604922 , 4.93694672418e-40
-11.8568395358 , 4.93694672418e-40
-11.8517185793 , 3.03141019436e-38
-11.8465976229 , 4.31553848075e-34
-11.8414766664 , 3.69463978867e-30
-11.83635571 , 1.87210751325e-26
-11.8312347535 , 5.61449320442e-23
-11.8261137971 , 9.96578298321e-20
-11.8209928406 , 1.04696793624e-16
-11.8158718842 , 6.50993163444e-14
-11.8107509277 , 2.39574485593e-11
-11.8056299712 , 5.21826092439e-09
-11.8005090148 , 6.72716542712e-07
-11.7953880583 , 5.13286112009e-05
-11.7902671019 , 0.00231797105929
-11.7851461454 , 0.0619551758752
-11.780025189 , 0.980095212885
-11.7749042325 , 9.17656257606
-11.7697832761 , 50.8525670856
-11.7646623196 , 166.788775604
-11.7595413632 , 323.773908209
-11.7544204067 , 371.995736364
-11.7492994503 , 252.96192891
-11.7441784938 , 101.810706985
-11.7390575374 , 24.2522942586
-11.7339365809 , 3.41926917534
-11.7288156245 , 0.28532172391
-11.723694668 , 0.0140915080581
-11.7185737116 , 0.000411908916087
-11.7134527551 , 7.12633111096e-06
-11.7083317987 , 7.29712668771e-08
-11.7032108422 , 4.42240853668e-10
-11.6980898858 , 1.58630581806e-12
-11.6929689293 , 3.36772063564e-15
-11.6878479729 , 4.23161630835e-18
-11.6827270164 , 3.14700613188e-21
-11.67760606 , 1.38519201197e-24
-11.6724851035 , 3.60863909368e-28
-11.6673641471 , 5.56413945437e-32
-11.6622431906 , 5.07825679679e-36
-11.6571222342 , 7.53918709333e-40
-11.6520012777 , 4.93694672418e-40
-11.6468803213 , 4.93694672418e-40
-11.6417593648 , 4.93694672418e-40
-11.6366384084 , 4.93694672418e-40
-11.6315174519 , 4.93694672418e-40
-11.6263964955 , 4.93694672418e-40
-11.621275539 , 4.93694672418e-40
-11.6161545826 , 4.93694672418e-40
-11.6110336261 , 4.93694672418e-40
-11.6059126696 , 4.93694672418e-40
-11.6007917132 , 4.93694672418e-40
-11.5956707567 , 4.93694672418e-40
-11.5905498003 , 4.93694672418e-40
-11.5854288438 , 4.93694672418e-40
-11.5803078874 , 4.93694672418e-40
-11.5751869309 , 4.93694672418e-40
-11.5700659745 , 4.93694672418e-40
-11.564945018 , 4.93694672418e-40
-11.5598240616 , 4.93694672418e-40
-11.5547031051 , 4.93694672418e-40
-11.5495821487 , 4.93694672418e-40
-11.5444611922 , 4.30969734772e-39
-11.5393402358 , 6.14145748398e-35
-11.5342192793 , 5.83053905819e-31
-11.5290983229 , 3.27619516933e-27
-11.5239773664 , 1.08956016991e-23
-11.51885641 , 2.1446334117e-20
-11.5137354535 , 2.49847674847e-17
-11.5086144971 , 1.72273291607e-14
-11.5034935406 , 7.03041539781e-12
-11.4983725842 , 1.69810451086e-09
-11.4932516277 , 2.42755030961e-07
-11.4881306713 , 2.05396224683e-05
-11.4830097148 , 0.00102857761366
-11.4778887584 , 0.0304861142275
-11.4727678019 , 0.534795162509
-11.4676468455 , 5.55256000548
-11.462525889 , 34.1208187189
-11.4574049326 , 124.098353166
-11.4522839761 , 267.13634828
-11.4471630197 , 340.345758775
-11.4420420632 , 256.642213403
-11.4369211068 , 114.53975033
-11.4318001503 , 30.2555298192
-11.4266791939 , 4.7301366017
-11.4215582374 , 0.437686340419
-11.4164372809 , 0.0239702571256
-11.4113163245 , 0.000776967371809
-11.406195368 , 1.4905730288e-05
-11.4010744116 , 1.69248225616e-07
-11.3959534551 , 1.13740564128e-09
-11.3908324987 , 4.52404607364e-12
-11.3857115422 , 1.06502314946e-14
-11.3805905858 , 1.48392333142e-17
-11.3754696293 , 1.2237262192e-20
-11.3703486729 , 5.97279285936e-24
-11.3652277164 , 1.72540490112e-27
-11.36010676 , 2.9500201842e-31
-11.3549858035 , 2.98528864587e-35
-11.3498648471 , 2.26897329042e-39
-11.3447438906 , 4.93694672418e-40
-11.3396229342 , 4.93694672418e-40
-11.3345019777 , 4.93694672418e-40
-11.3293810213 , 4.93694672418e-40
-11.3242600648 , 4.93694672418e-40
-11.3191391084 , 5.08839945896e-40
-11.3140181519 , 4.79864572391e-37
-11.3088971955 , 5.80537023151e-33
-11.303776239 , 4.16102492448e-29
-11.2986552826 , 1.76518588797e-25
-11.2935343261 , 4.43200532962e-22
-11.2884133697 , 6.58612241883e-19
-11.2832924132 , 5.79267311207e-16
-11.2781714568 , 3.01542090692e-13
-11.2730505003 , 9.29044591732e-11
-11.2679295439 , 1.69412275204e-08
-11.2628085874 , 1.8284070547e-06
-11.257687631 , 0.000116794017924
-11.2525666745 , 0.00441558254399
-11.2474457181 , 0.0988041335556
-11.2423247616 , 1.3085246792
-11.2372038052 , 10.256718106
-11.2320828487 , 47.5833066759
-11.2269618922 , 130.653339829
-11.2218409358 , 212.327433623
-11.2167199793 , 204.226174732
-11.2115990229 , 116.261626169
-11.2064780664 , 39.1724888141
-11.20135711 , 7.81206738247
-11.1962361535 , 0.932549751256
-11.1911151971 , 0.2430176095
-11.1859942406 , 1.79191583875
-11.1808732842 , 10.6086108253
-11.1757523277 , 37.2271261904
-11.1706313713 , 77.3183695749
-11.1655104148 , 95.0441543451
-11.1603894584 , 69.1492813603
-11.1552685019 , 29.7762133616
-11.1501475455 , 7.58875970063
-11.145026589 , 1.14469996864
-11.1399056326 , 0.10219557167
-11.1347846761 , 0.00539997837281
-11.1296637197 , 0.000168877386801
-11.1245427632 , 3.12586714906e-06
-11.1194218068 , 3.42443611954e-08
-11.1143008503 , 2.22037924225e-10
-11.1091798939 , 8.52088658086e-13
-11.1040589374 , 1.93536083042e-15
-11.098937981 , 2.60170856289e-18
-11.0938170245 , 2.07002162331e-21
-11.0886960681 , 9.74789077875e-25
-11.0835751116 , 2.71685189007e-28
-11.0784541552 , 4.48167968786e-32
-11.0733331987 , 4.37606573989e-36
-11.0682122423 , 7.42990372546e-40
-11.0630912858 , 4.93694672418e-40
-11.0579703294 , 4.93694672418e-40
-11.0528493729 , 4.93694672418e-40
-11.0477284165 , 4.93694672418e-40
-11.04260746 , 4.93694672418e-40
-11.0374865035 , 4.93694672418e-40
-11.0323655471 , 4.93694672418e-40
-11.0272445906 , 4.93694672418e-40
-11.0221236342 , 4.93694672418e-40
-11.0170026777 , 4.93694672418e-40
-11.0118817213 , 4.93694672418e-40
-11.0067607648 , 4.93694672418e-40
-11.0016398084 , 4.93694672418e-40
-10.9965188519 , 4.93694672418e-40
-10.9913978955 , 4.93694672418e-40
-10.986276939 , 4.93694672418e-40
-10.9811559826 , 4.93694672418e-40
-10.9760350261 , 4.93694672418e-40
-10.9709140697 , 5.83316781855e-40
-10.9657931132 , 1.90753743894e-36
-10.9606721568 , 2.16300032031e-32
-10.9555512003 , 1.45201112917e-28
-10.9504302439 , 5.769032973e-25
-10.9453092874 , 1.35661246206e-21
-10.940188331 , 1.88811432945e-18
-10.9350673745 , 1.55532258722e-15
-10.9299464181 , 7.58284842335e-13
-10.9248254616 , 2.1880839234e-10
-10.9197045052 , 3.73693273332e-08
-10.9145835487 , 3.77734184918e-06
-10.9094625923 , 0.000225983642582
-10.9043416358 , 0.00800179505103
-10.8992206794 , 0.167694008914
-10.8940997229 , 2.08001934984
-10.8889787665 , 15.2699251294
-10.88385781 , 66.3477424655
-10.8787368536 , 170.622089437
-10.8736158971 , 259.697939171
-10.8684949407 , 234.01588608
-10.8633739842 , 125.801548373
-10.8582530278 , 48.7800578981
-10.8531320713 , 56.4741292394
-10.8480111149 , 152.441946921
-10.8428901584 , 277.068863083
-10.8377692019 , 299.535587835
-10.8326482455 , 191.693079915
-10.827527289 , 72.6084281401
-10.8224063326 , 16.27749431
-10.8172853761 , 2.1597719221
-10.8121644197 , 0.169608669661
-10.8070434632 , 0.00788330543065
-10.8019225068 , 0.000217531914369
-10.7968015503 , 4.74921992845e-05
-10.7916805939 , 0.00171301911015
-10.7865596374 , 0.0395053890695
-10.781438681 , 0.539235700797
-10.7763177245 , 4.35632698563
-10.7711967681 , 20.8296436382
-10.7660758116 , 58.9471409769
-10.7609548552 , 98.733194481
-10.7558338987 , 97.8775676009
-10.7507129423 , 57.4278667243
-10.7455919858 , 19.9425980629
-10.7404710294 , 4.09883395522
-10.7353500729 , 0.498607091381
-10.7302291165 , 0.0358984843716
-10.72510816 , 0.00152972481535
-10.7199872036 , 3.85806950401e-05
-10.7148662471 , 5.75898993166e-07
-10.7097452907 , 5.08794171753e-09
-10.7046243342 , 2.6604645287e-11
-10.6995033778 , 8.23364910591e-14
-10.6943824213 , 1.50816377079e-16
-10.6892614649 , 1.04175776467e-18
-10.6841405084 , 7.59491034443e-16
-10.679019552 , 3.88725737044e-13
-10.6738985955 , 1.17756138974e-10
-10.6687776391 , 2.11126805624e-08
-10.6636566826 , 2.24038550312e-06
-10.6585357262 , 0.000140708939038
-10.6534147697 , 0.00523046355845
-10.6482938132 , 0.115074270514
-10.6431728568 , 1.49842785554
-10.6380519003 , 11.5481655986
-10.6329309439 , 52.6756284414
-10.6278099874 , 142.20864746
-10.622689031 , 227.227998857
-10.6175680745 , 214.890511315
-10.6124471181 , 120.279660152
-10.6073261616 , 39.8461809668
-10.6022052052 , 7.81269322135
-10.5970842487 , 0.906639001034
-10.5919632923 , 0.0622712495902
-10.5868423358 , 0.00253139735428
-10.5817213794 , 6.09049541475e-05
-10.5766004229 , 8.67290275496e-07
-10.5714794665 , 7.30963835613e-09
-10.56635851 , 3.64625352777e-11
-10.5612375536 , 1.07650832179e-13
-10.5561165971 , 1.88108091905e-16
-10.5509956407 , 1.94543678067e-19
-10.5458746842 , 1.1908205601e-22
-10.5407537278 , 4.31414843744e-26
-10.5356327713 , 9.25046152116e-30
-10.5305118149 , 1.1739550139e-33
-10.5253908584 , 1.68484022154e-37
-10.520269902 , 1.0454372115e-33
-10.5151489455 , 8.10333101486e-30
-10.5100279891 , 3.71748300359e-26
-10.5049070326 , 1.00937835378e-22
-10.4997860762 , 1.62210351759e-19
-10.4946651197 , 1.54284653254e-16
-10.4895441633 , 8.68533301966e-14
-10.4844232068 , 2.89380861449e-11
-10.4793022504 , 5.70653806801e-09
-10.4741812939 , 6.66032184554e-07
-10.4690603375 , 4.6008417637e-05
-10.463939381 , 0.00188104403023
-10.4588184245 , 0.0455176895499
-10.4536974681 , 0.651900090184
-10.4485765116 , 5.52588009292
-10.4434555552 , 27.7230791728
-10.4383345987 , 82.3192197859
-10.4332136423 , 144.672009891
-10.4280926858 , 150.511035843
-10.4229717294 , 93.0351655985
-10.4178507729 , 36.7424485027
-10.4127298165 , 20.6395574192
-10.40760886 , 36.2908998979
-10.4024879036 , 55.5074333953
-10.3973669471 , 52.0268407153
-10.3922459907 , 33.7674895527
-10.3871250342 , 36.9744629138
-10.3820040778 , 86.0581517418
-10.3768831213 , 163.01105224
-10.3717621649 , 219.768345223
-10.3666412084 , 229.134235053
-10.361520252 , 185.706561776
-10.3563992955 , 115.988335091
-10.3512783391 , 90.4830709049
-10.3461573826 , 141.244071858
-10.3410364262 , 206.083783326
-10.3359154697 , 200.730346902
-10.3307945133 , 127.003169479
-10.3256735568 , 52.1465939966
-10.3205526004 , 13.7208512681
-10.3154316439 , 2.27357815393
-10.3103106875 , 0.361062855488
-10.305189731 , 1.42617026498
-10.3000687746 , 9.02831130652
-10.2949478181 , 34.1646279036
-10.2898268617 , 76.5612066475
-10.2847059052 , 102.018381218
-10.2795849488 , 83.9110976639
-10.2744639923 , 55.7055318055
-10.2693430359 , 58.1590788961
-10.2642220794 , 74.3718689665
-10.2591011229 , 65.3594958536
-10.2539801665 , 34.6083392018
-10.24885921 , 10.8672166105
-10.2437382536 , 2.02308478591
-10.2386172971 , 0.290543375776
-10.2334963407 , 0.929502493092
-10.2283753842 , 7.34117022874
-10.2232544278 , 35.3357550417
-10.2181334713 , 102.293505821
-10.2130125149 , 178.484150984
-10.2078915584 , 188.197318619
-10.202770602 , 121.050323483
-10.1976496455 , 51.3279308518
-10.1925286891 , 22.8971406845
-10.1874077326 , 18.319732036
-10.1822867762 , 13.8898348387
-10.1771658197 , 6.67557376146
-10.1720448633 , 1.91307235402
-10.1669239068 , 0.325759563467
-10.1618029504 , 0.0580666003705
-10.1566819939 , 0.374488944011
-10.1515610375 , 3.23472812876
-10.146440081 , 16.6856878664
-10.1413191246 , 51.3640989616
-10.1361981681 , 95.2396119239
-10.1310772117 , 108.340922461
-10.1259562552 , 78.0701431339
-10.1208352988 , 37.2227555172
-10.1157143423 , 12.1668738792
-10.1105933859 , 2.72668119093
-10.1054724294 , 0.404390232592
-10.100351473 , 0.0379975133229
-10.0952305165 , 0.00219063940107
-10.0901095601 , 7.60768095808e-05
-10.0849886036 , 1.57668572191e-06
-10.0798676472 , 1.94147159486e-08
-10.0747466907 , 3.35937222433e-10
-10.0696257342 , 2.78970910814e-08
-10.0645047778 , 2.37164501511e-06
-10.0593838213 , 0.000119335512859
-10.0542628649 , 0.00355393464559
-10.0491419084 , 0.0626424715808
-10.044020952 , 0.653503698025
-10.0388999955 , 4.03503199409
-10.0337790391 , 14.7457370116
-10.0286580826 , 31.8947460939
-10.0235371262 , 40.8511219068
-10.0184161697 , 31.2092247111
-10.0132952133 , 15.883822109
-10.0081742568 , 12.9110005102
-10.0030533004 , 28.9833769049
-9.99793234393 , 64.2000546176
-9.99281138748 , 111.24211907
-9.98769043103 , 143.837659632
-9.98256947458 , 136.141347543
-9.97744851812 , 109.163678768
-9.97232756167 , 111.019847413
-9.96720660522 , 140.518097106
-9.96208564877 , 148.144180919
-9.95696469232 , 139.303945216
-9.95184373587 , 165.870517198
-9.94672277942 , 212.371609761
-9.94160182296 , 223.656147388
-9.93648086651 , 183.081368574
-9.93135991006 , 112.792021907
-9.92623895361 , 62.5709883377
-9.92111799716 , 65.2643775906
-9.91599704071 , 103.40600725
-9.91087608426 , 138.225693067
-9.90575512781 , 145.142214216
-9.90063417135 , 117.06027851
-9.8955132149 , 66.8139304684
-9.89039225845 , 24.8843575439
-9.885271302 , 6.44623017481
-9.88015034555 , 5.32625197648
-9.8750293891 , 16.3077856033
-9.86990843265 , 34.4147418584
-9.86478747619 , 43.1491322049
-9.85966651974 , 32.022676336
-9.85454556329 , 14.0657733569
-9.84942460684 , 3.65670088412
-9.84430365039 , 0.562757339562
-9.83918269394 , 0.0544640932831
-9.83406173749 , 0.0574287105044
-9.82894078104 , 0.548491703369
-9.82381982458 , 3.25617947992
-9.81869886813 , 11.4461594772
-9.81357791168 , 23.8802367118
-9.80845695523 , 30.2990095434
-9.80333599878 , 28.7969379028
-9.79821504233 , 43.2533294668
-9.79309408588 , 99.2459772723
-9.78797312942 , 174.158599028
-9.78285217297 , 199.11317391
-9.77773121652 , 152.266705362
-9.77261026007 , 97.1759979732
-9.76748930362 , 79.7195685096
-9.76236834717 , 71.2713449311
-9.75724739072 , 44.8972499802
-9.75212643427 , 17.2710841868
-9.74700547781 , 3.95241739158
-9.74188452136 , 0.53784222079
-9.73676356491 , 0.0926364869496
-9.73164260846 , 0.711050292835
-9.72652165201 , 6.05533882184
-9.72140069556 , 31.0027330825
-9.71627973911 , 95.4308765673
-9.71115878265 , 177.1572653
-9.7060378262 , 198.994801554
-9.70091686975 , 136.077450962
-9.6957959133 , 60.3375283181
-9.69067495685 , 33.8775970453
-9.6855540004 , 57.0035668063
-9.68043304395 , 90.4456081012
-9.6753120875 , 88.6584332295
-9.67019113104 , 56.8928048121
-9.66507017459 , 44.3995488149
-9.65994921814 , 73.3139583745
-9.65482826169 , 108.337973877
-9.64970730524 , 101.830539294
-9.64458634879 , 64.7124505481
-9.63946539234 , 41.1654432778
-9.63434443588 , 37.9704544719
-9.62922347943 , 38.1979068999
-9.62410252298 , 36.0240883151
-9.61898156653 , 28.6906829898
-9.61386061008 , 16.0185760046
-9.60873965363 , 5.60154446002
-9.60361869718 , 1.17844075616
-9.59849774073 , 0.147395064013
-9.59337678427 , 0.0109247004332
-9.58825582782 , 0.000479401950497
-9.58313487137 , 1.24522729871e-05
-9.57801391492 , 1.91613711142e-07
-9.57289295847 , 2.88809018605e-08
-9.56777200202 , 2.48481171756e-06
-9.56265104557 , 0.000135090310668
-9.55753008911 , 0.00436140544034
-9.55240913266 , 0.0836233016563
-9.54728817621 , 0.952255740995
-9.54216721976 , 6.44104862209
-9.53704626331 , 25.8897847296
-9.53192530686 , 61.9597330851
-9.52680435041 , 89.0329059367
-9.52168339396 , 79.5240771582
-9.5165624375 , 49.7623024722
-9.51144148105 , 27.641432219
-9.5063205246 , 14.6495070936
-9.50119956815 , 5.92777268578
-9.4960786117 , 1.54625339251
-9.49095765525 , 0.373878381601
-9.4858366988 , 1.15985700557
-9.48071574234 , 5.74970487021
-9.47559478589 , 17.198394519
-9.47047382944 , 30.5098023541
-9.46535287299 , 32.5528867342
-9.46023191654 , 23.5417868178
-9.45511096009 , 20.8442814574
-9.44999000364 , 33.972837612
-9.44486904719 , 55.5686321824
-9.43974809073 , 75.5285069543
-9.43462713428 , 86.1376597341
-9.42950617783 , 79.6142852782
-9.42438522138 , 60.6389156034
-9.41926426493 , 40.9135037986
-9.41414330848 , 23.2024069187
-9.40902235203 , 9.4072269933
-9.40390139557 , 2.44701605898
-9.39878043912 , 0.580310461319
-9.39365948267 , 1.54068734976
-9.38853852622 , 6.75590001222
-9.38341756977 , 17.9403853434
-9.37829661332 , 28.2052226551
-9.37317565687 , 26.2506314786
-9.36805470042 , 14.5244910251
-9.36293374396 , 5.20333049936
-9.35781278751 , 2.93695967995
-9.35269183106 , 5.16334978268
-9.34757087461 , 8.4703868332
-9.34244991816 , 13.4147924547
-9.33732896171 , 25.929198212
-9.33220800526 , 42.7396280769
-9.32708704881 , 45.39729023
-9.32196609235 , 29.1895810799
-9.3168451359 , 12.5316051213
-9.31172417945 , 8.32995790462
-9.306603223 , 13.5800293059
-9.30148226655 , 20.0200125216
-9.2963613101 , 26.8533326085
-9.29124035365 , 39.8288871072
-9.28611939719 , 49.9608975137
-9.28099844074 , 40.996974337
-9.27587748429 , 20.4130073138
-9.27075652784 , 6.54061192345
-9.26563557139 , 3.4869377072
-9.26051461494 , 6.67933344911
-9.25539365849 , 10.499363335
-9.25027270204 , 9.9568214393
-9.24515174558 , 6.00068187638
-9.24003078913 , 4.67077682924
-9.23490983268 , 10.7905411438
-9.22978887623 , 22.758470157
-9.22466791978 , 29.311107973
-9.21954696333 , 22.5902991613
-9.21442600688 , 11.4271656382
-9.20930505042 , 6.9720217043
-9.20418409397 , 8.54305075767
-9.19906313752 , 9.35518371641
-9.19394218107 , 7.6248074798
-9.18882122462 , 9.56156707365
-9.18370026817 , 24.2907958093
-9.17857931172 , 59.3846893744
-9.17345835527 , 106.608786957
-9.16833739881 , 127.57187462
-9.16321644236 , 96.3681731911
-9.15809548591 , 44.730272176
-9.15297452946 , 12.5991391139
-9.14785357301 , 2.20904866522
-9.14273261656 , 1.09835731105
-9.13761166011 , 6.43736850653
-9.13249070365 , 27.7963993029
-9.1273697472 , 71.615727828
-9.12224879075 , 111.190216956
-9.1171278343 , 108.134280965
-9.11200687785 , 74.3799925913
-9.1068859214 , 46.6102599629
-9.10176496495 , 30.0186343617
-9.0966440085 , 15.9678003427
-9.09152305204 , 5.89721760195
-9.08640209559 , 2.3461632988
-9.08128113914 , 3.46694946221
-9.07616018269 , 5.9199220724
-9.07103922624 , 6.34301986852
-9.06591826979 , 4.81047092941
-9.06079731334 , 6.30325809897
-9.05567635688 , 15.8092389761
-9.05055540043 , 29.3041524513
-9.04543444398 , 32.7234279552
-9.04031348753 , 21.6918440305
-9.03519253108 , 8.75960510086
-9.03007157463 , 3.18608346899
-9.02495061818 , 3.95320806543
-9.01982966173 , 7.91772458333
-9.01470870527 , 12.4774760152
-9.00958774882 , 16.7820094939
-9.00446679237 , 24.0618433009
-8.99934583592 , 36.6184671127
-8.99422487947 , 49.3641177847
-8.98910392302 , 53.6982059372
-8.98398296657 , 44.8510695639
-8.97886201011 , 26.8818471089
-8.97374105366 , 10.8456256997
-8.96862009721 , 2.82934817677
-8.96349914076 , 0.492542024321
-8.95837818431 , 0.329996651539
-8.95325722786 , 1.76203564202
-8.94813627141 , 6.5347855959
-8.94301531496 , 14.7455684149
-8.9378943585 , 21.4851616272
-8.93277340205 , 23.4393059007
-8.9276524456 , 22.5133645501
-8.92253148915 , 18.4716099831
-8.9174105327 , 12.6365921197
-8.91228957625 , 10.6926946309
-8.9071686198 , 13.0037340734
-8.90204766334 , 14.5659487992
-8.89692670689 , 14.6732315083
-8.89180575044 , 18.671881311
-8.88668479399 , 30.9135708711
-8.88156383754 , 48.0078794462
-8.87644288109 , 54.6265907716
-8.87132192464 , 40.3159229484
-8.86620096819 , 18.3832374038
-8.86108001173 , 5.09668337393
-8.85595905528 , 0.882240280981
-8.85083809883 , 0.364865185877
-8.84571714238 , 1.64278563661
-8.84059618593 , 5.76106957291
-8.83547522948 , 12.3483029438
-8.83035427303 , 16.8924837385
-8.82523331657 , 16.1641882874
-8.82011236012 , 11.9665709142
-8.81499140367 , 6.92941331303
-8.80987044722 , 3.45637171854
-8.80474949077 , 4.63317535681
-8.79962853432 , 13.1842738009
-8.79450757787 , 25.9161620043
-8.78938662142 , 30.7706802906
-8.78426566496 , 22.8181700227
-8.77914470851 , 14.1138373258
-8.77402375206 , 16.7866236474
-8.76890279561 , 27.7946115262
-8.76378183916 , 31.7475062163
-8.75866088271 , 21.8450021591
-8.75353992626 , 8.91728782898
-8.7484189698 , 2.15534049048
-8.74329801335 , 0.308373192205
-8.7381770569 , 0.0261204246469
-8.73305610045 , 0.001508476714
-8.727935144 , 0.00463784179467
-8.72281418755 , 0.0636501903833
-8.7176932311 , 0.527545167579
-8.71257227465 , 2.61631707242
-8.70745131819 , 7.78507229078
-8.70233036174 , 14.0936657301
-8.69720940529 , 16.2702515322
-8.69208844884 , 13.4803047429
-8.68696749239 , 9.49193475373
-8.68184653594 , 6.49425402162
-8.67672557949 , 6.03947167592
-8.67160462303 , 9.11604730258
-8.66648366658 , 14.9092455335
-8.66136271013 , 22.0709342194
-8.65624175368 , 28.3475767779
-8.65112079723 , 31.807727544
-8.64599984078 , 32.7038534388
-8.64087888433 , 34.3679623414
-8.63575792788 , 37.5189053628
-8.63063697142 , 34.7365871016
-8.62551601497 , 23.9243136818
-8.62039505852 , 16.2578771626
-8.61527410207 , 20.1015742141
-8.61015314562 , 28.040701182
-8.60503218917 , 28.4762113988
-8.59991123272 , 21.7209868767
-8.59479027626 , 13.5061315866
-8.58966931981 , 6.60821385627
-8.58454836336 , 2.91947847965
-8.57942740691 , 2.79061184701
-8.57430645046 , 5.02106024036
-8.56918549401 , 7.88309519254
-8.56406453756 , 8.58654828167
-8.55894358111 , 6.19817475446
-8.55382262465 , 4.25173371999
-8.5487016682 , 6.16127162878
-8.54358071175 , 10.0857731661
-8.5384597553 , 10.7272117998
-8.53333879885 , 7.40441136318
-8.5282178424 , 5.54358226035
-8.52309688595 , 8.45695042599
-8.51797592949 , 13.1881824455
-8.51285497304 , 15.4318539494
-8.50773401659 , 16.480607014
-8.50261306014 , 20.3285989975
-8.49749210369 , 23.5488637388
-8.49237114724 , 19.5032267345
-8.48725019079 , 12.3765071607
-8.48212923434 , 10.4655895173
-8.47700827788 , 13.4772369067
-8.47188732143 , 18.9529695309
-8.46676636498 , 27.2406167113
-8.46164540853 , 32.6178187853
-8.45652445208 , 27.3677785756
-8.45140349563 , 15.18839935
-8.44628253918 , 5.46499916742
-8.44116158272 , 1.28391437778
-8.43604062627 , 0.531491550469
-8.43091966982 , 2.19588962027
-8.42579871337 , 8.29288152391
-8.42067775692 , 20.1219563494
-8.41555680047 , 33.3587741633
-8.41043584402 , 41.1979865528
-8.40531488757 , 38.9394569328
-8.40019393111 , 26.4411153615
-8.39507297466 , 12.6491707269
-8.38995201821 , 7.44555700754
-8.38483106176 , 11.1155735138
-8.37971010531 , 15.992150698
-8.37458914886 , 16.0518592134
-8.36946819241 , 15.4050372094
-8.36434723595 , 19.0136945714
-8.3592262795 , 21.6014785522
-8.35410532305 , 17.8329016191
-8.3489843666 , 11.3676491286
-8.34386341015 , 6.40495848696
-8.3387424537 , 3.03896211289
-8.33362149725 , 1.01658732839
-8.3285005408 , 0.214061390739
-8.32337958434 , 0.0272594383321
-8.31825862789 , 0.00357429878631
-8.31313767144 , 0.0198850211739
-8.30801671499 , 0.152705813949
-8.30289575854 , 0.697281706287
-8.29777480209 , 1.88446230851
-8.29265384564 , 3.01429885045
-8.28753288918 , 2.85370247687
-8.28241193273 , 1.59982367201
-8.27729097628 , 0.545968847446
-8.27217001983 , 0.276510770915
-8.26704906338 , 1.13326036597
-8.26192810693 , 4.31557023597
-8.25680715048 , 9.82791334328
-8.25168619403 , 13.249533089
-8.24656523757 , 10.578665446
-8.24144428112 , 5.05700621424
-8.23632332467 , 1.735305201
-8.23120236822 , 1.28759238468
-8.22608141177 , 1.96771265585
-8.22096045532 , 2.13223830495
-8.21583949887 , 1.48974460347
-8.21071854241 , 1.19228109771
-8.20559758596 , 2.2505850987
-8.20047662951 , 4.02551949447
-8.19535567306 , 4.47910047095
-8.19023471661 , 3.09682699527
-8.18511376016 , 1.98784738259
-8.17999280371 , 3.29620290328
-8.17487184726 , 8.39777826138
-8.1697508908 , 18.0616431776
-8.16462993435 , 27.8054567304
-8.1595089779 , 27.7011790091
-8.15438802145 , 16.9860566246
-8.149267065 , 6.30112943191
-8.14414610855 , 1.52790481377
-8.1390251521 , 1.06201773883
-8.13390419564 , 3.51567193078
-8.12878323919 , 8.28467310473
-8.12366228274 , 11.6031164998
-8.11854132629 , 9.63082128372
-8.11342036984 , 4.85879397445
-8.10829941339 , 2.3391264813
-8.10317845694 , 4.45551678641
-8.09805750049 , 11.5316307252
-8.09293654403 , 19.5132649014
-8.08781558758 , 20.3873292598
-8.08269463113 , 13.014545787
-8.07757367468 , 5.10727399179
-8.07245271823 , 1.74947828997
-8.06733176178 , 2.74724408153
-8.06221080533 , 7.05014219005
-8.05708984887 , 11.9187798001
-8.05196889242 , 12.9214228167
-8.04684793597 , 9.57738028051
-8.04172697952 , 6.8035372832
-8.03660602307 , 9.27529990285
-8.03148506662 , 16.9854517652
-8.02636411017 , 27.5637488584
-8.02124315372 , 38.0233501118
-8.01612219726 , 39.9459489351
-8.01100124081 , 28.7701703709
-8.00588028436 , 16.6574206362
-8.00075932791 , 18.0938334388
-7.99563837146 , 30.8219375498
-7.99051741501 , 37.0208301074
-7.98539645856 , 27.0688539886
-7.9802755021 , 13.3483992053
-7.97515454565 , 10.7000885608
-7.9700335892 , 20.9800877332
-7.96491263275 , 32.9024082469
-7.9597916763 , 33.2311608278
-7.95467071985 , 26.4929574568
-7.9495497634 , 24.9973728032
-7.94442880695 , 27.6790115118
-7.93930785049 , 31.5570395956
-7.93418689404 , 39.3348434021
-7.92906593759 , 46.1508219859
-7.92394498114 , 43.9647011154
-7.91882402469 , 35.505660741
-7.91370306824 , 27.6917457188
-7.90858211179 , 27.6052763872
-7.90346115533 , 44.3577409963
-7.89834019888 , 68.4235641775
-7.89321924243 , 70.8232180425
-7.88809828598 , 45.9651328106
-7.88297732953 , 18.6876341928
-7.87785637308 , 4.81099446932
-7.87273541663 , 0.853456605543
-7.86761446018 , 0.720329323049
-7.86249350372 , 3.8409178016
-7.85737254727 , 13.8916030606
-7.85225159082 , 30.437304859
-7.84713063437 , 40.6084823237
-7.84200967792 , 33.2136619167
-7.83688872147 , 16.7500585631
-7.83176776502 , 5.22809097734
-7.82664680856 , 1.04668323454
-7.82152585211 , 0.507898806034
-7.81640489566 , 2.36621190416
-7.81128393921 , 8.57773068902
-7.80616298276 , 18.8950209822
-7.80104202631 , 26.7633756259
-7.79592106986 , 31.0749562911
-7.79080011341 , 42.5041512381
-7.78567915695 , 57.7250465561
-7.7805582005 , 54.8083542434
-7.77543724405 , 32.4942702612
-7.7703162876 , 13.2754152524
-7.76519533115 , 9.62887594429
-7.7600743747 , 18.8416014682
-7.75495341825 , 34.0980618331
-7.74983246179 , 47.9123698835
-7.74471150534 , 54.4763430378
-7.73959054889 , 56.0495869871
-7.73446959244 , 57.014183264
-7.72934863599 , 50.5057448397
-7.72422767954 , 32.4473331938
-7.71910672309 , 13.7317339658
-7.71398576664 , 3.6949296816
-7.70886481018 , 0.888879164889
-7.70374385373 , 1.85085995586
-7.69862289728 , 6.95167868219
-7.69350194083 , 16.8196538536
-7.68838098438 , 25.5636276282
-7.68326002793 , 24.4611399343
-7.67813907148 , 15.1127010098
-7.67301811502 , 8.24738574736
-7.66789715857 , 10.2112289379
-7.66277620212 , 17.9154886919
-7.65765524567 , 22.690719734
-7.65253428922 , 19.4652145588
-7.64741333277 , 11.887131926
-7.64229237632 , 5.54282032685
-7.63717141987 , 2.0867409384
-7.63205046341 , 1.19398460481
-7.62692950696 , 3.83682725182
-7.62180855051 , 13.01979692
-7.61668759406 , 27.7370162387
-7.61156663761 , 36.561244815
-7.60644568116 , 30.1088399077
-7.60132472471 , 15.8920502548
-7.59620376825 , 5.89032058541
-7.5910828118 , 1.91191506864
-7.58596185535 , 0.620235364413
-7.5808408989 , 0.16368656663
-7.57571994245 , 0.0284417862196
-7.570598986 , 0.00311661246821
-7.56547802955 , 0.00285583027306
-7.5603570731 , 0.0387771088158
-7.55523611664 , 0.34527305449
-7.55011516019 , 1.94155402818
-7.54499420374 , 7.19459397181
-7.53987324729 , 18.2483988848
-7.53475229084 , 31.8903013417
-7.52963133439 , 37.5440621627
-7.52451037794 , 30.3645628004
-7.51938942148 , 22.6850076482
-7.51426846503 , 27.423434715
-7.50914750858 , 41.871864915
-7.50402655213 , 52.8193235128
-7.49890559568 , 47.6154160271
-7.49378463923 , 29.2189845197
-7.48866368278 , 12.9929856912
-7.48354272633 , 6.06337372039
-7.47842176987 , 6.17925337308
-7.47330081342 , 12.0128834757
-7.46817985697 , 24.3276099086
-7.46305890052 , 40.6458757165
-7.45793794407 , 55.8761298685
-7.45281698762 , 63.9879467243
-7.44769603117 , 56.3174574138
-7.44257507471 , 34.2217425843
-7.43745411826 , 14.029932672
-7.43233316181 , 5.00768218521
-7.42721220536 , 2.65490740713
-7.42209124891 , 2.26631456449
-7.41697029246 , 4.23447354919
-7.41184933601 , 9.5718903697
-7.40672837956 , 15.6259696685
-7.4016074231 , 17.9351228858
-7.39648646665 , 14.8439995012
-7.3913655102 , 8.59044530157
-7.38624455375 , 3.34638537134
-7.3811235973 , 1.4505739688
-7.37600264085 , 3.16500845686
-7.3708816844 , 9.02091989672
-7.36576072794 , 20.0973749118
-7.36063977149 , 37.5990104913
-7.35551881504 , 54.8689543625
-7.35039785859 , 54.4221707367
-7.34527690214 , 34.2279753396
-7.34015594569 , 13.7211778371
-7.33503498924 , 3.98798692073
-7.32991403279 , 1.99607470562
-7.32479307633 , 3.52921982479
-7.31967211988 , 5.8630858131
-7.31455116343 , 7.641917257
-7.30943020698 , 12.7601339951
-7.30430925053 , 26.2479507424
-7.29918829408 , 41.5271471441
-7.29406733763 , 44.8125298925
-7.28894638118 , 35.0106198395
-7.28382542472 , 22.8880371686
-7.27870446827 , 16.4589214919
-7.27358351182 , 16.069909866
-7.26846255537 , 16.1381155594
-7.26334159892 , 14.4603127425
-7.25822064247 , 15.4814027203
-7.25309968602 , 18.5909590329
-7.24797872956 , 17.0161688161
-7.24285777311 , 10.0952811407
-7.23773681666 , 3.72473717132
-7.23261586021 , 0.866988452098
-7.22749490376 , 0.421638330783
-7.22237394731 , 2.04738554371
-7.21725299086 , 8.00487155285
-7.21213203441 , 18.6076021064
-7.20701107795 , 25.6125149277
-7.2018901215 , 20.9631684921
-7.19676916505 , 10.6819979956
-7.1916482086 , 4.90209037201
-7.18652725215 , 4.353659873
-7.1814062957 , 4.49139731746
-7.17628533925 , 3.75004235899
-7.17116438279 , 5.31428837385
-7.16604342634 , 12.3347020142
-7.16092246989 , 20.8790404537
-7.15580151344 , 21.6499460407
-7.15068055699 , 14.5233563674
-7.14555960054 , 10.5990928273
-7.14043864409 , 15.9813284084
-7.13531768764 , 23.3124080413
-7.13019673118 , 22.8803881035
-7.12507577473 , 18.8262236982
-7.11995481828 , 20.4374540968
-7.11483386183 , 25.8810934488
-7.10971290538 , 30.0771188255
-7.10459194893 , 31.2280627968
-7.09947099248 , 26.64543967
-7.09435003602 , 18.1204229205
-7.08922907957 , 13.5476383921
-7.08410812312 , 19.5297623508
-7.07898716667 , 32.5533093127
-7.07386621022 , 38.05164171
-7.06874525377 , 29.0299665108
-7.06362429732 , 16.8388225887
-7.05850334087 , 15.1866865613
-7.05338238441 , 25.6648217011
-7.04826142796 , 35.7535636265
-7.04314047151 , 33.3816760834
-7.03801951506 , 22.8503997813
-7.03289855861 , 13.1383554142
-7.02777760216 , 7.27017237816
-7.02265664571 , 6.80099426513
-7.01753568925 , 11.2133698163
-7.0124147328 , 16.5110554557
-7.00729377635 , 18.6203757785
-7.0021728199 , 15.7805547141
-6.99705186345 , 9.45278893586
-6.991930907 , 3.72352713536
-6.98680995055 , 0.920722968891
-6.9816889941 , 0.187760095845
-6.97656803764 , 0.451709332586
-6.97144708119 , 2.33561206261
-6.96632612474 , 7.69793357303
-6.96120516829 , 16.1730487821
-6.95608421184 , 22.2586916776
-6.95096325539 , 20.5963269467
-6.94584229894 , 14.4307280365
-6.94072134248 , 13.4393585756
-6.93560038603 , 20.5523717287
-6.93047942958 , 25.5831592515
-6.92535847313 , 20.643955755
-6.92023751668 , 15.3992207894
-6.91511656023 , 24.500230303
-6.90999560378 , 45.8806584799
-6.90487464733 , 58.1861393226
-6.89975369087 , 47.7274700935
-6.89463273442 , 26.168038063
-6.88951177797 , 9.98672199969
-6.88439082152 , 3.64553053848
-6.87926986507 , 4.58330756226
-6.87414890862 , 8.91336224671
-6.86902795217 , 11.215997776
-6.86390699571 , 8.85921136609
-6.85878603926 , 6.74535483856
-6.85366508281 , 11.1260019833
-6.84854412636 , 19.9931090976
-6.84342316991 , 22.9352198243
-6.83830221346 , 15.7305438729
-6.83318125701 , 6.93787945499
-6.82806030056 , 4.74567157584
-6.8229393441 , 10.4781832376
-6.81781838765 , 19.4364145934
-6.8126974312 , 22.5670159693
-6.80757647475 , 19.2168779252
-6.8024555183 , 19.34481545
-6.79733456185 , 23.9485856212
-6.7922136054 , 22.97184461
-6.78709264894 , 15.1064905357
-6.78197169249 , 8.97966074994
-6.77685073604 , 8.47333052593
-6.77172977959 , 9.673296579
-6.76660882314 , 7.92208350269
-6.76148786669 , 3.99835379788
-6.75636691024 , 1.21120081469
-6.75124595379 , 0.297636315308
-6.74612499733 , 0.728860385014
-6.74100404088 , 3.62665011614
-6.73588308443 , 11.10724974
-6.73076212798 , 20.345717717
-6.72564117153 , 22.4990927102
-6.72052021508 , 15.8569034141
-6.71539925863 , 9.03194654275
-6.71027830217 , 6.23463128212
-6.70515734572 , 4.74021329787
-6.70003638927 , 4.04489991941
-6.69491543282 , 6.61012517845
-6.68979447637 , 11.8152821114
-6.68467351992 , 15.3374147375
-6.67955256347 , 16.1842546809
-6.67443160702 , 15.929231715
-6.66931065056 , 12.7147315218
-6.66418969411 , 6.87850553169
-6.65906873766 , 3.03782094872
-6.65394778121 , 3.8130402645
-6.64882682476 , 8.13538598399
-6.64370586831 , 11.4331591743
-6.63858491186 , 9.56229255264
-6.6334639554 , 4.73517954504
-6.62834299895 , 1.39646803604
-6.6232220425 , 0.33765682345
-6.61810108605 , 0.64893674006
-6.6129801296 , 2.38081367574
-6.60785917315 , 5.37723171211
-6.6027382167 , 7.23398687446
-6.59761726025 , 5.88949274724
-6.59249630379 , 3.2566348278
-6.58737534734 , 2.52943312508
-6.58225439089 , 4.65931381081
-6.57713343444 , 7.50588293245
-6.57201247799 , 7.46649433788
-6.56689152154 , 4.41914997584
-6.56177056509 , 1.57068373376
-6.55664960863 , 0.483287309393
-6.55152865218 , 0.721721204672
-6.54640769573 , 1.72447409411
-6.54128673928 , 2.80292868686
-6.53616578283 , 4.21526414502
-6.53104482638 , 9.70494611177
-6.52592386993 , 23.1700032039
-6.52080291348 , 37.8778832341
-6.51568195702 , 38.8965695824
-6.51056100057 , 25.1352749012
-6.50544004412 , 10.5293789042
-6.50031908767 , 3.31002669371
-6.49519813122 , 1.91378045844
-6.49007717477 , 2.65817482504
-6.48495621832 , 3.16026671892
-6.47983526186 , 3.98613107865
-6.47471430541 , 8.45542219972
-6.46959334896 , 16.5084843103
-6.46447239251 , 20.3992563615
-6.45935143606 , 15.0320917057
-6.45423047961 , 6.56155609788
-6.44910952316 , 1.69897899968
-6.44398856671 , 0.327216620841
-6.43886761025 , 0.762128701191
-6.4337466538 , 4.77328497585
-6.42862569735 , 18.3475133872
-6.4235047409 , 42.032378979
-6.41838378445 , 57.455820296
-6.413262828 , 46.9544605034
-6.40814187155 , 23.05377272
-6.40302091509 , 6.95722769889
-6.39789995864 , 1.45224713175
-6.39277900219 , 0.304356445431
-6.38765804574 , 0.079130079546
-6.38253708929 , 0.0390050242115
-6.37741613284 , 0.276336496995
-6.37229517639 , 2.02183037431
-6.36717421994 , 9.15502501148
-6.36205326348 , 25.8711368261
-6.35693230703 , 46.340158534
-6.35181135058 , 53.0934430082
-6.34669039413 , 38.8365374224
-6.34156943768 , 17.9279151055
-6.33644848123 , 5.18472000372
-6.33132752478 , 1.12998174521
-6.32620656832 , 0.699762388592
-6.32108561187 , 0.940120423368
-6.31596465542 , 0.854090970546
-6.31084369897 , 0.461974117015
-6.30572274252 , 0.148399900812
-6.30060178607 , 0.0379527694357
-6.29548082962 , 0.124858078485
-6.29035987317 , 0.884163368999
-6.28523891671 , 3.79963077627
-6.28011796026 , 9.66652893015
-6.27499700381 , 14.5553069013
-6.26987604736 , 12.9726207177
-6.26475509091 , 6.86049226433
-6.25963413446 , 2.31505799633
-6.25451317801 , 1.43622957196
-6.24939222155 , 3.79497226441
-6.2442712651 , 8.94180784037
-6.23915030865 , 15.9356793333
-6.2340293522 , 24.3315711605
-6.22890839575 , 34.1205609178
-6.2237874393 , 44.8700559552
-6.21866648285 , 50.9893230073
-6.2135455264 , 42.2340696076
-6.20842456994 , 23.3415411416
-6.20330361349 , 11.611701153
-6.19818265704 , 12.5202766501
-6.19306170059 , 16.9029075977
-6.18794074414 , 15.1208640103
-6.18281978769 , 8.22629616452
-6.17769883124 , 2.71792811428
-6.17257787478 , 0.54849034226
-6.16745691833 , 0.0679904981275
-6.16233596188 , 0.00557584919445
-6.15721500543 , 0.00696236686991
-6.15209404898 , 0.0695320099996
-6.14697309253 , 0.425884877115
-6.14185213608 , 1.54486399938
-6.13673117963 , 3.33279669912
-6.13161022317 , 4.4475222584
-6.12648926672 , 4.86643612353
-6.12136831027 , 8.56273026806
-6.11624735382 , 18.1927843399
-6.11112639737 , 26.4402406615
-6.10600544092 , 23.3328836455
-6.10088448447 , 12.7094044797
-6.09576352801 , 6.49977781385
-6.09064257156 , 12.1155673293
-6.08552161511 , 32.0593876671
-6.08040065866 , 56.8462275415
-6.07527970221 , 63.679620021
-6.07015874576 , 44.7973701204
-6.06503778931 , 20.5721582255
-6.05991683286 , 9.67770746254
-6.0547958764 , 10.6611317674
-6.04967491995 , 12.6466533359
-6.0445539635 , 9.51341819623
-6.03943300705 , 4.40557367139
-6.0343120506 , 2.52913066929
-6.02919109415 , 7.68812758266
-6.0240701377 , 23.9387586675
-6.01894918124 , 45.3332342845
-6.01382822479 , 51.4201328781
-6.00870726834 , 37.2980402264
-6.00358631189 , 27.3136467728
-5.99846535544 , 39.6622401104
-5.99334439899 , 62.3500052421
-5.98822344254 , 71.0601564346
-5.98310248609 , 59.4284700706
-5.97798152963 , 38.4342699403
-5.97286057318 , 18.9017459768
-5.96773961673 , 6.65987588501
-5.96261866028 , 1.66922461431
-5.95749770383 , 0.338709926275
-5.95237674738 , 0.0662950931317
-5.94725579093 , 0.0113731280139
-5.94213483447 , 0.00136036971742
-5.93701387802 , 0.00010102771688
-5.93189292157 , 4.54019055715e-06
-5.92677196512 , 3.1404426576e-06
-5.92165100867 , 0.000123473482095
-5.91653005222 , 0.00300943855874
-5.91140909577 , 0.0437881972969
-5.90628813932 , 0.380635367955
-5.90116718286 , 1.97795334206
-5.89604622641 , 6.14723140411
-5.89092526996 , 11.4291301913
-5.88580431351 , 12.7125522078
-5.88068335706 , 8.45775636646
-5.87556240061 , 3.3643931054
-5.87044144416 , 0.80016380126
-5.8653204877 , 0.124400691382
-5.86019953125 , 0.16423606739
-5.8550785748 , 1.31429421027
-5.84995761835 , 6.69257282198
-5.8448366619 , 20.4620025058
-5.83971570545 , 37.5798438528
-5.834594749 , 41.477276484
-5.82947379255 , 27.5239163824
-5.82435283609 , 11.0323464041
-5.81923187964 , 2.82647987219
-5.81411092319 , 0.8766991414
-5.80898996674 , 1.4282763488
-5.80386901029 , 3.38322708437
-5.79874805384 , 5.37004888655
-5.79362709739 , 5.14870503241
-5.78850614093 , 2.93264488298
-5.78338518448 , 0.997421019883
-5.77826422803 , 0.309906306616
-5.77314327158 , 0.924726299465
-5.76802231513 , 4.33076441135
-5.76290135868 , 12.4763140397
-5.75778040223 , 21.6249408247
-5.75265944578 , 22.8462244246
-5.74753848932 , 16.8865075615
-5.74241753287 , 18.1741369908
-5.73729657642 , 36.220185591
-5.73217561997 , 56.6981387854
-5.72705466352 , 54.2637737624
-5.72193370707 , 31.7915862625
-5.71681275062 , 15.7315600188
-5.71169179416 , 18.5305992169
-5.70657083771 , 30.1928398496
-5.70144988126 , 32.8824708895
-5.69632892481 , 25.0462888159
-5.69120796836 , 24.3528190338
-5.68608701191 , 37.4366482502
-5.68096605546 , 45.8531975239
-5.67584509901 , 34.8683819027
-5.67072414255 , 16.7045631117
-5.6656031861 , 8.74504169918
-5.66048222965 , 13.5717149748
-5.6553612732 , 22.0807020167
-5.65024031675 , 22.2786572288
-5.6451193603 , 13.3403584885
-5.63999840385 , 4.72861002292
-5.63487744739 , 0.992025870627
-5.62975649094 , 0.123177756193
-5.62463553449 , 0.00905234622983
-5.61951457804 , 0.000393750277251
-5.61439362159 , 1.09922574246e-05
-5.60927266514 , 4.25039755073e-05
-5.60415170869 , 0.00124006307949
-5.59903075224 , 0.0214910959165
-5.59390979578 , 0.220442055028
-5.58878883933 , 1.33829223073
-5.58366788288 , 4.80870439826
-5.57854692643 , 10.2264721462
-5.57342596998 , 12.8719691881
-5.56830501353 , 9.59008988215
-5.56318405708 , 4.24697886179
-5.55806310062 , 1.34625190603
-5.55294214417 , 2.02144456933
-5.54782118772 , 8.3864558592
-5.54270023127 , 22.4734131472
-5.53757927482 , 35.8318435944
-5.53245831837 , 33.9510167715
-5.52733736192 , 19.1274906912
-5.52221640547 , 6.41140994104
-5.51709544901 , 1.27943408605
-5.51197449256 , 0.152117580208
-5.50685353611 , 0.0114149985368
-5.50173257966 , 0.0143535559442
-5.49661162321 , 0.180550034434
-5.49149066676 , 1.39770680959
-5.48636971031 , 6.46381655671
-5.48124875385 , 17.9091583062
-5.4761277974 , 29.8673748731
-5.47100684095 , 30.4518277488
-5.4658858845 , 20.9642071583
-5.46076492805 , 15.6944339578
-5.4556439716 , 19.7897036302
-5.45052301515 , 25.0865764109
-5.4454020587 , 24.3677854314
-5.44028110224 , 17.5210708416
-5.43516014579 , 8.77891593392
-5.43003918934 , 2.84592442418
-5.42491823289 , 0.5684684191
-5.41979727644 , 0.0683294590672
-5.41467631999 , 0.00489310043251
-5.40955536354 , 0.00021294275408
-5.40443440708 , 0.000217627985365
-5.39931345063 , 0.0053080560908
-5.39419249418 , 0.0786057052276
-5.38907153773 , 0.69138351055
-5.38395058128 , 3.63626426877
-5.37882962483 , 11.657230154
-5.37370866838 , 23.9408972831
-5.36858771193 , 34.8144999237
-5.36346675547 , 39.9350668569
-5.35834579902 , 35.9844972369
-5.35322484257 , 22.931292765
-5.34810388612 , 9.53886702351
-5.34298292967 , 3.05744510874
-5.33786197322 , 3.34902998207
-5.33274101677 , 8.34234941088
-5.32762006031 , 13.7701308902
-5.32249910386 , 13.5085999463
-5.31737814741 , 7.84460699163
-5.31225719096 , 2.69656838703
-5.30713623451 , 0.55499041884
-5.30201527806 , 0.140591459491
-5.29689432161 , 0.512324976127
-5.29177336516 , 2.0795538793
-5.2866524087 , 5.46039942735
-5.28153145225 , 11.5234791531
-5.2764104958 , 26.4175139984
-5.27128953935 , 56.6148884006
-5.2661685829 , 83.5405822592
-5.26104762645 , 76.2828127099
-5.25592667 , 44.3522031865
-5.25080571355 , 20.9169295522
-5.24568475709 , 12.8311649789
-5.24056380064 , 9.72069229454
-5.23544284419 , 6.87995531317
-5.23032188774 , 6.91442486151
-5.22520093129 , 15.8038636953
-5.22007997484 , 33.2592619297
-5.21495901839 , 43.5775312454
-5.20983806193 , 34.1469968809
-5.20471710548 , 16.6053966118
-5.19959614903 , 6.82958111459
-5.19447519258 , 5.90543258382
-5.18935423613 , 8.4530286229
-5.18423327968 , 9.55590669883
-5.17911232323 , 6.954954129
-5.17399136678 , 3.08074102577
-5.16887041032 , 0.815128044514
-5.16374945387 , 0.128029569788
-5.15862849742 , 0.0119132799846
-5.15350754097 , 0.000656305583189
-5.14838658452 , 2.14014685243e-05
-5.14326562807 , 4.13061352701e-07
-5.13814467162 , 4.71856220104e-09
-5.13302371516 , 3.19025889551e-11
-5.12790275871 , 1.27662201148e-13
-5.12278180226 , 3.02355988012e-16
-5.11766084581 , 4.23832802669e-19
-5.11253988936 , 3.51633523388e-22
-5.10741893291 , 1.72665547116e-25
-5.10229797646 , 6.66315395611e-29
-5.09717702001 , 6.30712347415e-26
-5.09205606355 , 1.43122172957e-22
-5.0869351071 , 1.92221768748e-19
-5.08181415065 , 1.52798194225e-16
-5.0766931942 , 7.18875854448e-14
-5.07157223775 , 2.00174921216e-11
-5.0664512813 , 3.29902668588e-09
-5.06133032485 , 3.21798216822e-07
-5.05620936839 , 1.85784014743e-05
-5.05108841194 , 0.000634866228556
-5.04596745549 , 0.0128439827207
-5.04084649904 , 0.153979047412
-5.03572554259 , 1.09815402601
-5.03060458614 , 4.73518378499
-5.02548362969 , 13.1330458172
-5.02036267324 , 27.942960972
-5.01524171678 , 56.3695329593
-5.01012076033 , 99.4012201996
-5.00499980388 , 121.737025701
-4.99987884743 , 92.4863704983
-4.99475789098 , 43.8488646687
-4.98963693453 , 21.8024650661
-4.98451597808 , 34.6688398832
-4.97939502162 , 60.866652657
-4.97427406517 , 66.3442203407
-4.96915310872 , 42.9308460819
-4.96403215227 , 16.5328020664
-4.95891119582 , 3.97065898062
-4.95379023937 , 0.84609271551
-4.94866928292 , 0.490602744608
-4.94354832647 , 1.93635012763
-4.93842737001 , 10.6297020838
-4.93330641356 , 36.7550310307
-4.92818545711 , 75.4485815019
-4.92306450066 , 91.6785869235
-4.91794354421 , 65.9336807234
-4.91282258776 , 28.0650905114
-4.90770163131 , 7.07041903498
-4.90258067485 , 1.05424957101
-4.8974597184 , 0.0930381969851
-4.89233876195 , 0.00485957971951
-4.8872178055 , 0.000150229668657
-4.88209684905 , 2.74873125529e-06
-4.8769758926 , 2.97665447267e-08
-4.87185493615 , 1.90784963074e-10
-4.8667339797 , 7.23734761353e-13
-4.86161302324 , 1.62492864854e-15
-4.85649206679 , 2.15927885397e-18
-4.85137111034 , 1.69825436945e-21
-4.84625015389 , 7.9052629912e-25
-4.84112919744 , 2.17795788392e-28
-4.83600824099 , 3.55142143078e-32
-4.83088728454 , 3.42796692652e-36
-4.82576632808 , 6.86048482844e-40
-4.82064537163 , 4.93694672418e-40
-4.81552441518 , 4.93694672418e-40
-4.81040345873 , 4.93694672418e-40
-4.80528250228 , 4.93694672418e-40
-4.80016154583 , 4.93694672418e-40
-4.79504058938 , 4.93694672418e-40
-4.78991963293 , 4.93694672418e-40
-4.78479867647 , 7.39025777467e-39
-4.77967772002 , 1.02800921134e-34
-4.77455676357 , 9.06197878448e-31
-4.76943580712 , 4.72792902662e-27
-4.76431485067 , 1.45995230153e-23
-4.75919389422 , 2.66824802413e-20
-4.75407293777 , 2.88624728056e-17
-4.74895198131 , 1.84782435813e-14
-4.74383102486 , 7.00176691697e-12
-4.73871006841 , 1.57027031845e-09
-4.73358911196 , 2.0843037241e-07
-4.72846815551 , 1.63744755034e-05
-4.72334719906 , 0.000761366215345
-4.71822624261 , 0.0209526817148
-4.71310528616 , 0.341275758301
-4.7079843297 , 3.28996346445
-4.70286337325 , 18.7713937691
-4.6977424168 , 63.3901493678
-4.69262146035 , 126.697148412
-4.6875005039 , 149.875869427
-4.68237954745 , 104.934041663
-4.677258591 , 43.4831397796
-4.67213763454 , 10.6646154583
-4.66701667809 , 1.54806543895
-4.66189572164 , 0.13300048988
-4.65677476519 , 0.00676301762725
-4.65165380874 , 0.000207952237304
-4.64653285229 , 0.000213945844018
-4.64141189584 , 0.00598123027007
-4.63629093939 , 0.102002335996
-4.63116998293 , 1.04898640898
-4.62604902648 , 6.5506657427
-4.62092807003 , 25.0338677559
-4.61580711358 , 58.975490731
-4.61068615713 , 86.0839232896
-4.60556520068 , 77.9555296069
-4.60044424423 , 43.6949544362
-4.59532328777 , 15.4782585394
-4.59020233132 , 7.3432658384
-4.58508137487 , 23.9322219517
-4.57996041842 , 78.3539389216
-4.57483946197 , 154.303626468
-4.56971850552 , 179.918774222
-4.56459754907 , 124.194066841
-4.55947659262 , 51.1721428983
-4.55435563616 , 16.333431393
-4.54923467971 , 23.2293136333
-4.54411372326 , 67.1596681935
-4.53899276681 , 123.76718131
-4.53387181036 , 135.290605104
-4.52875085391 , 87.6923250241
-4.52362989746 , 35.0021075908
-4.518508941 , 15.1548289676
-4.51338798455 , 23.7085183451
-4.5082670281 , 40.3843587399
-4.50314607165 , 42.3757206095
-4.4980251152 , 26.3791357217
-4.49290415875 , 9.94385948669
-4.4877832023 , 4.38522574587
-4.48266224585 , 13.2679370773
-4.47754128939 , 44.071258515
-4.47242033294 , 88.3792972816
-4.46729937649 , 104.94494435
-4.46217842004 , 73.7558532891
-4.45705746359 , 30.6797016073
-4.45193650714 , 7.55310188234
-4.44681555069 , 1.10057368414
-4.44169459423 , 0.0949144805413
-4.43657363778 , 0.00484468334246
-4.43145268133 , 0.000146358478671
-4.42633172488 , 2.61691699003e-06
-4.42121076843 , 2.76937378485e-08
-4.41608981198 , 1.73457377717e-10
-4.41096885553 , 6.43018615535e-13
-4.40584789908 , 1.41082739881e-15
-4.40072694262 , 1.83207730205e-18
-4.39560598617 , 1.40809926851e-21
-4.39048502972 , 6.40534197559e-25
-4.38536407327 , 1.72453073734e-28
-4.38024311682 , 2.7480152285e-32
-4.37512216037 , 2.59220262785e-36
-4.37000120392 , 6.34428662879e-40
-4.36488024746 , 4.93694672418e-40
-4.35975929101 , 4.93694672418e-40
-4.35463833456 , 4.93694672418e-40
-4.34951737811 , 4.93694672418e-40
-4.34439642166 , 4.93694672418e-40
-4.33927546521 , 4.93694672418e-40
-4.33415450876 , 4.93694672418e-40
-4.32903355231 , 4.93694672418e-40
-4.32391259585 , 4.93694672418e-40
-4.3187916394 , 4.93694672418e-40
-4.31367068295 , 4.93694672418e-40
-4.3085497265 , 4.93694672418e-40
-4.30342877005 , 4.93694672418e-40
-4.2983078136 , 4.93694672418e-40
-4.29318685715 , 4.93694672418e-40
-4.28806590069 , 4.93694672418e-40
-4.28294494424 , 4.93694672418e-40
-4.27782398779 , 4.93694672418e-40
-4.27270303134 , 1.82274130775e-39
-4.26758207489 , 2.12126430748e-35
-4.26246111844 , 1.99806536175e-31
-4.25734016199 , 1.11392045253e-27
-4.25221920554 , 3.67551516472e-24
-4.24709824908 , 7.1779728714e-21
-4.24197729263 , 8.29669183013e-18
-4.23685633618 , 5.6758075102e-15
-4.23173537973 , 2.29810522612e-12
-4.22661442328 , 5.50721098852e-10
-4.22149346683 , 7.81111573742e-08
-4.21637251038 , 6.55713285702e-06
-4.21125155392 , 0.000325787522004
-4.20613059747 , 0.00958019749966
-4.20100964102 , 0.166737786223
-4.19588868457 , 1.71756488532
-4.19076772812 , 10.4715706435
-4.18564677167 , 37.7859246344
-4.18052581522 , 80.6989406885
-4.17540485877 , 102.005870542
-4.17028390231 , 76.3136194487
-4.16516294586 , 33.7908012768
-4.16004198941 , 8.85552842236
-4.15492103296 , 1.37356755907
-4.14980007651 , 0.126097111302
-4.14467912006 , 0.00685196276043
-4.13955816361 , 0.000259783826261
-4.13443720715 , 0.00166208445388
-4.1293162507 , 0.0412329797841
-4.12419529425 , 0.606948867098
-4.1190743378 , 5.28785549008
-4.11395338135 , 27.2663272432
-4.1088324249 , 83.2134061234
-4.10371146845 , 150.307117804
-4.098590512 , 160.688718329
-4.09346955554 , 101.674212672
-4.08834859909 , 38.0763965315
-4.08322764264 , 8.43957263811
-4.07810668619 , 1.1071454039
-4.07298572974 , 0.0859623855482
-4.06786477329 , 0.00395031609555
-4.06274381684 , 0.000107442184314
-4.05762286038 , 1.72956704329e-06
-4.05250190393 , 1.64785716625e-08
-4.04738094748 , 9.29225930133e-11
-4.04225999103 , 3.1014344935e-13
-4.03713903458 , 9.0542860189e-15
-4.03201807813 , 2.96114129116e-12
-4.02689712168 , 6.14764628993e-10
-4.02177616523 , 7.5540221759e-08
-4.01665520877 , 5.49372828004e-06
-4.01153425232 , 0.000236469771633
-4.00641329587 , 0.0060242588607
-4.00129233942 , 0.0908345679515
-3.99617138297 , 0.81062169201
-3.99105042652 , 4.28158750226
-3.98592947007 , 13.3847715647
-3.98080851361 , 24.7649034784
-3.97568755716 , 27.1195108721
-3.97056660071 , 17.5770748281
-3.96544564426 , 6.7426542026
-3.96032468781 , 1.53085730128
-3.95520373136 , 0.20571126218
-3.95008277491 , 0.0163606654654
-3.94496181846 , 0.000770128856704
-3.939840862 , 2.14558322719e-05
-3.93471990555 , 3.53791084909e-07
-3.9295989491 , 3.45723439575e-09
-3.92447799265 , 1.04003795719e-09
-3.9193570362 , 1.38019839435e-07
-3.91423607975 , 1.10525429788e-05
-3.9091151233 , 0.00052384520857
-3.90399416684 , 0.0146947971032
-3.89887321039 , 0.243974292199
-3.89375225394 , 2.39742151073
-3.88863129749 , 13.9432703153
-3.88351034104 , 47.9960887774
-3.87838938459 , 97.7880409093
-3.87326842814 , 118.007324024
-3.86814747169 , 85.3621956676
-3.86302651523 , 44.3520843051
-3.85790555878 , 46.7059178846
-3.85278460233 , 97.4249037676
-3.84766364588 , 144.671193036
-3.84254268943 , 128.689569948
-3.83742173298 , 67.8002046088
-3.83230077653 , 21.1424936688
-3.82717982007 , 3.90213364622
-3.82205886362 , 0.426253360893
-3.81693790717 , 0.0275583481277
-3.81181695072 , 0.00105452828599
-3.80669599427 , 2.38826767028e-05
-3.80157503782 , 3.20503352133e-07
-3.79645408137 , 5.36913212741e-08
-3.79133312492 , 4.15617789236e-06
-3.78621216846 , 0.000199869417943
-3.78109121201 , 0.00568878276806
-3.77597025556 , 0.0958322950796
-3.77084929911 , 0.955485200782
-3.76572834266 , 5.63839603521
-3.76060738621 , 19.6927662451
-3.75548642976 , 40.7077792926
-3.7503654733 , 49.80439091
-3.74524451685 , 36.0642904272
-3.7401235604 , 15.4563408678
-3.73500260395 , 3.92062693006
-3.7298816475 , 0.588604918747
-3.72476069105 , 0.052301216678
-3.7196397346 , 0.00275054803287
-3.71451877815 , 8.56142805609e-05
-3.70939782169 , 1.5772216368e-06
-3.70427686524 , 1.71972410017e-08
-3.69915590879 , 1.10979909326e-10
-3.69403495234 , 4.23961791026e-13
-3.68891399589 , 4.68887050793e-14
-3.68379303944 , 1.6563093231e-11
-3.67867208299 , 3.53511293897e-09
-3.67355112653 , 4.46569776842e-07
-3.66843017008 , 3.33893203213e-05
-3.66330921363 , 0.00147768182645
-3.65818825718 , 0.0387145597962
-3.65306730073 , 0.60071969578
-3.64794634428 , 5.52706247683
-3.64282538783 , 30.2555815423
-3.63770443138 , 99.4590673778
-3.63258347492 , 201.191510263
-3.62746251847 , 264.877375628
-3.62234156202 , 249.083351299
-3.61722060557 , 179.497828898
-3.61209964912 , 95.7445000911
-3.60697869267 , 34.3440529904
-3.60185773622 , 7.70957330599
-3.59673677976 , 1.04643007759
-3.59161582331 , 0.084719238298
-3.58649486686 , 0.00407075403189
-3.58137391041 , 0.000115881038292
-3.57625295396 , 1.95307840662e-06
-3.57113199751 , 1.94849699878e-08
-3.56601104106 , 1.15058409509e-10
-3.56089008461 , 4.02127250054e-13
-3.55576912815 , 8.31822970669e-16
-3.5506481717 , 1.01840163241e-18
-3.54552721525 , 7.37950973942e-22
-3.5404062588 , 3.16487086444e-25
-3.53528530235 , 8.03349400199e-29
-3.5301643459 , 1.20690466454e-32
-3.52504338945 , 1.18103298434e-35
-3.51992243299 , 1.07788993049e-31
-3.51480147654 , 6.40469160916e-28
-3.50968052009 , 2.25238193847e-24
-3.50455956364 , 4.68819699779e-21
-3.49943860719 , 5.77550111598e-18
-3.49431765074 , 4.21108003346e-15
-3.48919669429 , 1.81726106864e-12
-3.48407573784 , 4.64152991935e-10
-3.47895478138 , 7.01657206813e-08
-3.47383382493 , 6.27781959143e-06
-3.46871286848 , 0.000332439543149
-3.46359191203 , 0.0104192516618
-3.45847095558 , 0.193277092831
-3.45334999913 , 2.12199446654
-3.44822904268 , 13.7888521737
-3.44310808622 , 53.0312654666
-3.43798712977 , 120.713508373
-3.43286617332 , 162.629662533
-3.42774521687 , 129.677209522
-3.42262426042 , 61.1994557058
-3.41750330397 , 17.0943058875
-3.41238234752 , 2.82602320333
-3.40726139107 , 0.276649127157
-3.40214043461 , 0.0208825750045
-3.39701947816 , 0.105478487145
-3.39189852171 , 1.33833049615
-3.38677756526 , 10.1027907884
-3.38165660881 , 45.13805891
-3.37653565236 , 119.36151891
-3.37141469591 , 186.812411706
-3.36629373945 , 173.048185767
-3.361172783 , 94.8742402519
-3.35605182655 , 30.7857939112
-3.3509308701 , 5.91497135642
-3.34580991365 , 0.731653685086
-3.3406889572 , 0.89308290177
-3.33556800075 , 7.14212148452
-3.3304470443 , 35.5899104434
-3.32532608784 , 104.99161569
-3.32020513139 , 183.316882428
-3.31508417494 , 189.439228408
-3.30996321849 , 115.866256753
-3.30484226204 , 41.9434011944
-3.29972130559 , 8.98648939516
-3.29460034914 , 1.13971421372
-3.28947939268 , 0.0903680499745
-3.28435843623 , 0.0916712022978
-3.27923747978 , 0.944045803289
-3.27411652333 , 6.00154593962
-3.26899556688 , 22.5838768964
-3.26387461043 , 50.2983269409
-3.25875365398 , 66.3022319045
-3.25363269753 , 51.7275993483
-3.24851174107 , 23.885595075
-3.24339078462 , 6.52783809451
-3.23826982817 , 1.05589868712
-3.23314887172 , 0.101086856647
-3.22802791527 , 0.0057277849115
-3.22290695882 , 0.000192087133984
-3.21778600237 , 3.81267177292e-06
-3.21266504592 , 4.47899036532e-08
-3.20754408946 , 3.1142282125e-10
-3.20242313301 , 1.29457163637e-12
-3.19730217656 , 4.55347925745e-12
-3.19218122011 , 9.42121827439e-10
-3.18706026366 , 1.1544845137e-07
-3.18193930721 , 8.37314662109e-06
-3.17681835076 , 0.000359425443453
-3.1716973943 , 0.00913163354716
-3.16657643785 , 0.137311739576
-3.1614554814 , 1.22204275333
-3.15633452495 , 6.43701716854
-3.1512135685 , 20.0679251026
-3.14609261205 , 37.0288148437
-3.1409716556 , 40.4386537791
-3.13585069915 , 26.1380451064
-3.13072974269 , 9.99928745509
-3.12560878624 , 2.2640423195
-3.12048782979 , 0.303402785717
-3.11536687334 , 0.0240643493703
-3.11024591689 , 0.00112966122175
-3.10512496044 , 3.1386425215e-05
-3.10000400399 , 5.16125152327e-07
-3.09488304753 , 5.02328397811e-09
-3.08976209108 , 2.89360984671e-11
-3.08464113463 , 9.86533309201e-14
-3.07952017818 , 1.9907727553e-16
-3.07439922173 , 1.04665668322e-17
-3.06927826528 , 7.25580024628e-15
-3.06415730883 , 3.04624349124e-12
-3.05903635238 , 7.56943517798e-10
-3.05391539592 , 1.1132222749e-07
-3.04879443947 , 9.68991248825e-06
-3.04367348302 , 0.000499203217242
-3.03855252657 , 0.0152213947818
-3.03343157012 , 0.274695204584
-3.02831061367 , 2.934048304
-3.02318965722 , 18.5482522972
-3.01806870076 , 69.3998103081
-3.01294774431 , 153.685581873
-3.00782678786 , 201.431562573
-3.00270583141 , 156.257715743
-2.99758487496 , 71.7422469306
-2.99246391851 , 19.4952150938
-2.98734296206 , 3.13545550086
-2.98222200561 , 0.298464584434
-2.97710104915 , 0.0168152962487
-2.9719800927 , 0.000560706762704
-2.96685913625 , 1.10658968819e-05
-2.9617381798 , 1.29257870649e-07
-2.95661722335 , 8.93607755149e-10
-2.9514962669 , 3.65642285281e-12
-2.94637531045 , 8.85493655308e-15
-2.94125435399 , 1.26930507056e-17
-2.93613339754 , 1.1760959574e-18
-2.93101244109 , 8.60256446416e-16
-2.92589148464 , 3.75860713006e-13
-2.92077052819 , 9.7195346004e-11
-2.91564957174 , 1.48759100484e-08
-2.91052861529 , 1.34753841208e-06
-2.90540765884 , 7.22467477007e-05
-2.90028670238 , 0.00229252982147
-2.89516574593 , 0.0430557632674
-2.89004478948 , 0.47859453613
-2.88492383303 , 3.14868348068
-2.87980287658 , 12.2618445406
-2.87468192013 , 28.2879753524
-2.86956096368 , 38.9335658365
-2.86444000722 , 33.8797948959
-2.85931905077 , 26.3634230267
-2.85419809432 , 32.4798178847
-2.84907713787 , 41.8608606786
-2.84395618142 , 35.5262624359
-2.83883522497 , 18.082770295
-2.83371426852 , 5.45591941963
-2.82859331207 , 0.974467674008
-2.82347235561 , 0.103013795592
-2.81835139916 , 0.00644531250311
-2.81323044271 , 0.000238677954132
-2.80810948626 , 5.23118727732e-06
-2.80298852981 , 6.78590619499e-08
-2.79786757336 , 5.20996800765e-10
-2.79274661691 , 2.36745581204e-12
-2.78762566045 , 6.36719759552e-15
-2.782504704 , 1.01352483347e-17
-2.77738374755 , 9.54872707422e-21
-2.7722627911 , 2.96376174175e-22
-2.76714183465 , 4.22380088048e-19
-2.7620208782 , 3.62790787146e-16
-2.75689992175 , 1.84428830237e-13
-2.7517789653 , 5.54908258523e-11
-2.74665800884 , 9.88174487795e-09
-2.74153705239 , 1.04151883856e-06
-2.73641609594 , 6.49718641421e-05
-2.73129513949 , 0.00239895465913
-2.72617418304 , 0.0524335581706
-2.72105322659 , 0.678708629926
-2.71593227014 , 5.2117262584
-2.71081131368 , 23.8919617445
-2.70569035723 , 66.8967385385
-2.70056940078 , 123.115359803
-2.69544844433 , 175.674794655
-2.69032748788 , 223.521792631
-2.68520653143 , 229.717223266
-2.68008557498 , 159.429159874
-2.67496461853 , 68.2295622833
-2.66984366207 , 17.4800344857
-2.66472270562 , 2.65863959289
-2.65960174917 , 0.239524302146
-2.65448079272 , 0.0127747706905
-2.64935983627 , 0.000403274872533
-2.64423887982 , 7.53486468193e-06
-2.63911792337 , 8.33241996622e-08
-2.63399696691 , 5.45364617877e-10
-2.62887601046 , 2.11262560396e-12
-2.62375505401 , 4.84370630471e-15
-2.61863409756 , 6.57283490485e-18
-2.61351314111 , 5.27894695421e-21
-2.60839218466 , 2.50935163192e-24
-2.60327122821 , 7.05984875938e-28
-2.59815027176 , 1.17557116225e-31
-2.5930293153 , 1.15861809186e-35
-2.58790835885 , 1.16156719634e-39
-2.5827874024 , 4.96168298301e-40
-2.57766644595 , 9.87960213907e-38
-2.5725454895 , 1.20898741505e-33
-2.56742453305 , 8.80012914815e-30
-2.5623035766 , 3.79119476788e-26
-2.55718262014 , 9.66680048742e-23
-2.55206166369 , 1.45884456813e-19
-2.54694070724 , 1.30303145132e-16
-2.54181975079 , 6.88843211094e-14
-2.53669879434 , 2.1552888149e-11
-2.53157783789 , 3.99126143711e-09
-2.52645688144 , 4.37456108599e-07
-2.52133592499 , 2.83777790576e-05
-2.51621496853 , 0.00108953686448
-2.51109401208 , 0.024758541866
-2.50597305563 , 0.332987404715
-2.50085209918 , 2.65063640137
-2.49573114273 , 12.4879777869
-2.49061018628 , 34.821997951
-2.48548922983 , 57.4691616934
-2.48036827337 , 56.1352481684
-2.47524731692 , 32.453088957
-2.47012636047 , 11.104424149
-2.46500540402 , 2.24882511169
-2.45988444757 , 0.26956023055
-2.45476349112 , 0.0197597533053
-2.44964253467 , 0.0193161070668
-2.44452157822 , 0.318104524434
-2.43940062176 , 3.23461719737
-2.43427966531 , 19.4680656636
-2.42915870886 , 69.3493607761
-2.42403775241 , 146.211657044
-2.41891679596 , 182.451207159
-2.41379583951 , 134.805137761
-2.40867488306 , 59.7078386525
-2.4035539266 , 21.8948863516
-2.39843297015 , 34.8125138957
-2.3933120137 , 94.0061816686
-2.38819105725 , 160.325365408
-2.3830701008 , 162.175624923
-2.37794914435 , 97.0996650727
-2.3728281879 , 34.408898571
-2.36770723145 , 7.21678590549
-2.36258627499 , 0.895853214468
-2.35746531854 , 0.0658187870637
-2.35234436209 , 0.00286208730193
-2.34722340564 , 7.36607036579e-05
-2.34210244919 , 1.12204127764e-06
-2.33698149274 , 1.0115836227e-08
-2.33186053629 , 5.39777441191e-11
-2.32673957983 , 1.70469880288e-13
-2.32161862338 , 3.18640201292e-16
-2.31649766693 , 3.52511642613e-19
-2.31137671048 , 2.30842659581e-22
-2.30625575403 , 6.96010530504e-23
-2.30113479758 , 1.08216560504e-19
-2.29601384113 , 9.97125180531e-17
-2.29089288468 , 5.43782438135e-14
-2.28577192822 , 1.75517412607e-11
-2.28065097177 , 3.35300943289e-09
-2.27553001532 , 3.79113176344e-07
-2.27040905887 , 2.5370119868e-05
-2.26528810242 , 0.00100483718
-2.26016714597 , 0.0235552875087
-2.25504618952 , 0.326814005282
-2.24992523306 , 2.68369060694
-2.24480427661 , 13.0431884578
-2.23968332016 , 37.5192915348
-2.23456236371 , 63.8770756486
-2.22944140726 , 64.3657684393
-2.22432045081 , 38.3870227695
-2.21919949436 , 13.5498332484
-2.21407853791 , 2.8315254802
-2.20895758145 , 0.37193923413
-2.203836625 , 0.393807763927
-2.19871566855 , 3.66126417888
-2.1935947121 , 21.5349560554
-2.18847375565 , 74.9906210428
-2.1833527992 , 154.557482594
-2.17823184275 , 188.535323573
-2.17311088629 , 136.118683702
-2.16798992984 , 58.184513688
-2.16286897339 , 14.9788083244
-2.15774801694 , 4.31649918805
-2.15262706049 , 10.0469365918
-2.14750610404 , 27.1764620311
-2.14238514759 , 44.3366780871
-2.13726419114 , 42.8262700351
-2.13214323468 , 24.4838595985
-2.12702227823 , 8.28455343029
-2.12190132178 , 1.65912024879
-2.11678036533 , 0.196655528842
-2.11165940888 , 0.0137960256934
-2.10653845243 , 0.000572824209956
-2.10141749598 , 1.40769403934e-05
-2.09629653952 , 2.04745664876e-07
-2.09117558307 , 1.76254695319e-09
-2.08605462662 , 8.98020419242e-12
-2.08093367017 , 2.70801624326e-14
-2.07581271372 , 4.83321210826e-17
-2.07069175727 , 5.105519993e-20
-2.06557080082 , 3.19200559701e-23
-2.06044984437 , 1.18115486683e-26
-2.05532888791 , 2.58684007283e-30
-2.05020793146 , 3.35314620305e-34
-2.04508697501 , 2.62168598718e-38
-2.03996601856 , 4.93694672418e-40
-2.03484506211 , 4.93694672418e-40
-2.02972410566 , 4.93694672418e-40
-2.02460314921 , 4.93694672418e-40
-2.01948219275 , 4.93694672418e-40
-2.0143612363 , 4.93694672418e-40
-2.00924027985 , 4.93694672418e-40
-2.0041193234 , 4.93694672418e-40
-1.99899836695 , 4.93694672418e-40
-1.9938774105 , 4.93694672418e-40
-1.98875645405 , 4.93694672418e-40
-1.9836354976 , 4.93694672418e-40
-1.97851454114 , 4.93694672418e-40
-1.97339358469 , 4.93694672418e-40
-1.96827262824 , 4.93694672418e-40
-1.96315167179 , 4.93694672418e-40
-1.95803071534 , 5.81418788641e-40
-1.95290975889 , 1.7141079573e-36
-1.94778880244 , 1.87877125367e-32
-1.94266784598 , 1.21913850135e-28
-1.93754688953 , 4.6822191296e-25
-1.93242593308 , 1.06431445288e-21
-1.92730497663 , 1.43188362001e-18
-1.92218402018 , 1.14015794764e-15
-1.91706306373 , 5.37330946241e-13
-1.91194210728 , 1.49878115722e-10
-1.90682115083 , 2.47431012412e-08
-1.90170019437 , 2.41762855411e-06
-1.89657923792 , 0.000139812035064
-1.89145828147 , 0.00478540913893
-1.88633732502 , 0.0969422574364
-1.88121636857 , 1.1623226991
-1.87609541212 , 8.24821259935
-1.87097445567 , 34.6427620035
-1.86585349921 , 86.1161708264
-1.86073254276 , 126.699951178
-1.85561158631 , 110.328501885
-1.85049062986 , 56.8615286804
-1.84536967341 , 17.3447832853
-1.84024871696 , 3.13140154281
-1.83512776051 , 0.334601729248
-1.83000680406 , 0.0211610463075
-1.8248858476 , 0.00079207376824
-1.81976489115 , 1.75474357247e-05
-1.8146439347 , 2.3008124913e-07
-1.80952297825 , 1.7855348426e-09
