Ef: -4.97713122026
-12.0514358809 , 8.40421261756e-10
-12.0463149245 , 1.08295379674e-07
-12.041193968 , 8.25928328055e-06
-12.0360730116 , 0.000372815819566
-12.0309520551 , 0.00996014909009
-12.0258310987 , 0.157491414209
-12.0207101422 , 1.47389811327
-12.0155891858 , 8.16389818095
-12.0104682293 , 26.7637665414
-12.0053472729 , 51.929772833
-12.0002263164 , 59.6355390516
-11.9951053599 , 40.5334352581
-11.9899844035 , 16.3057662382
-11.984863447 , 3.88229513903
-11.9797424906 , 0.547085772867
-11.9746215341 , 0.0456290923977
-11.9695005777 , 0.00225241170915
-11.9643796212 , 6.58071767147e-05
-11.9592586648 , 1.13793715554e-06
-11.9541377083 , 1.16461621856e-08
-11.9490167519 , 7.05451118171e-11
-11.9438957954 , 2.52912651743e-13
-11.938774839 , 5.36653196622e-16
-11.9336538825 , 6.73963570973e-19
-11.9285329261 , 5.00954937455e-22
-11.9234119696 , 2.20384190487e-25
-11.9182910132 , 5.73828016746e-29
-11.9131700567 , 8.84306068288e-33
-11.9080491003 , 8.06739598016e-37
-11.9029281438 , 2.11435585174e-40
-11.8978071874 , 1.70145317023e-40
-11.8926862309 , 1.70145317023e-40
-11.8875652745 , 1.70145317023e-40
-11.882444318 , 1.70145317023e-40
-11.8773233616 , 1.70145317023e-40
-11.8722024051 , 1.70145317023e-40
-11.8670814487 , 1.70145317023e-40
-11.8619604922 , 1.70145317023e-40
-11.8568395358 , 1.70145317023e-40
-11.8517185793 , 1.05660267039e-38
-11.8465976229 , 1.5044671619e-34
-11.8414766664 , 1.28801169965e-30
-11.83635571 , 6.52647188055e-27
-11.8312347535 , 1.95730373789e-23
-11.8261137971 , 3.47423403601e-20
-11.8209928406 , 3.64990034138e-17
-11.8158718842 , 2.26946783934e-14
-11.8107509277 , 8.35195506952e-12
-11.8056299712 , 1.81917029558e-09
-11.8005090148 , 2.34519874208e-07
-11.7953880583 , 1.78939837577e-05
-11.7902671019 , 0.000808082151636
-11.7851461454 , 0.0215985740313
-11.780025189 , 0.341676990537
-11.7749042325 , 3.19909749514
-11.7697832761 , 17.7280230121
-11.7646623196 , 58.1452478388
-11.7595413632 , 112.872782987
-11.7544204067 , 129.683680598
-11.7492994503 , 88.1865819479
-11.7441784938 , 35.4928422715
-11.7390575374 , 8.45473762949
-11.7339365809 , 1.19201186209
-11.7288156245 , 0.0994677068148
-11.723694668 , 0.00491252439106
-11.7185737116 , 0.000143598009265
-11.7134527551 , 2.48435242398e-06
-11.7083317987 , 2.54389436367e-08
-11.7032108422 , 1.54172184727e-10
-11.6980898858 , 5.53011374744e-13
-11.6929689293 , 1.17404078856e-15
-11.6878479729 , 1.47520844468e-18
-11.6827270164 , 1.09709611443e-21
-11.67760606 , 4.82899823253e-25
-11.6724851035 , 1.25802855208e-28
-11.6673641471 , 1.93974675783e-32
-11.6622431906 , 1.77035835647e-36
-11.6571222342 , 2.60863507371e-40
-11.6520012777 , 1.70145317023e-40
-11.6468803213 , 1.70145317023e-40
-11.6417593648 , 1.70145317023e-40
-11.6366384084 , 1.70145317023e-40
-11.6315174519 , 1.70145317023e-40
-11.6263964955 , 1.70145317023e-40
-11.621275539 , 1.70145317023e-40
-11.6161545826 , 1.70145317023e-40
-11.6110336261 , 1.70145317023e-40
-11.6059126696 , 1.70145317023e-40
-11.6007917132 , 1.70145317023e-40
-11.5956707567 , 1.70145317023e-40
-11.5905498003 , 1.70145317023e-40
-11.5854288438 , 1.70145317023e-40
-11.5803078874 , 1.70145317023e-40
-11.5751869309 , 1.70145317023e-40
-11.5700659745 , 1.70145317023e-40
-11.564945018 , 1.70145317023e-40
-11.5598240616 , 1.70145317023e-40
-11.5547031051 , 1.70145317023e-40
-11.5495821487 , 1.70145317023e-40
-11.5444611922 , 1.14791335642e-39
-11.5393402358 , 1.57361979487e-35
-11.5342192793 , 1.49394928435e-31
-11.5290983229 , 8.3945399595e-28
-11.5239773664 , 2.79176169146e-24
-11.51885641 , 5.49515797685e-21
-11.5137354535 , 6.40180463186e-18
-11.5086144971 , 4.41412925167e-15
-11.5034935406 , 1.80139133779e-12
-11.4983725842 , 4.35102410165e-10
-11.4932516277 , 6.2200704299e-08
-11.4881306713 , 5.26283203383e-06
-11.4830097148 , 0.000263550661395
-11.4778887584 , 0.00781140408974
-11.4727678019 , 0.137029632233
-11.4676468455 , 1.42272273733
-11.462525889 , 8.74271748756
-11.4574049326 , 31.7975024489
-11.4522839761 , 68.4478743785
-11.4471630197 , 87.2061901798
-11.4420420632 , 65.7589776432
-11.4369211068 , 29.3483157104
-11.4318001503 , 7.75232020003
-11.4266791939 , 1.21199439843
-11.4215582374 , 0.112147581567
-11.4164372809 , 0.00614185560442
-11.4113163245 , 0.00019908093892
-11.406195368 , 3.81926811714e-06
-11.4010744116 , 4.33661635018e-08
-11.3959534551 , 2.91435361692e-10
-11.3908324987 , 1.15918800203e-12
-11.3857115422 , 2.72888915732e-15
-11.3805905858 , 3.8022292721e-18
-11.3754696293 , 3.13553095635e-21
-11.3703486729 , 1.53039758186e-24
-11.3652277164 , 4.42097271527e-28
-11.36010676 , 7.55878138366e-32
-11.3549858035 , 7.64919256478e-36
-11.3498648471 , 6.25021604364e-40
-11.3447438906 , 1.70145317023e-40
-11.3396229342 , 1.70145317023e-40
-11.3345019777 , 1.70145317023e-40
-11.3293810213 , 1.70145317023e-40
-11.3242600648 , 1.70145317023e-40
-11.3191391084 , 1.74453374401e-40
-11.3140181519 , 1.36526697458e-37
-11.3088971955 , 1.65133161101e-33
-11.303776239 , 1.18359925411e-29
-11.2986552826 , 5.02105308318e-26
-11.2935343261 , 1.26067935398e-22
-11.2884133697 , 1.87341574473e-19
-11.2832924132 , 1.64771990769e-16
-11.2781714568 , 8.57733375881e-14
-11.2730505003 , 2.64265778965e-11
-11.2679295439 , 4.81891475609e-09
-11.2628085874 , 5.20088508048e-07
-11.257687631 , 3.32219384304e-05
-11.2525666745 , 0.00125600792042
-11.2474457181 , 0.0281047343615
-11.2423247616 , 0.372208502122
-11.2372038052 , 2.91751294246
-11.2320828487 , 13.5350227809
-11.2269618922 , 37.1642085521
-11.2218409358 , 60.3963208549
-11.2167199793 , 58.09192613
-11.2115990229 , 33.0705004509
-11.2064780664 , 11.1425731499
-11.20135711 , 2.22207769574
-11.1962361535 , 0.263636396566
-11.1911151971 , 0.0415978175265
-11.1859942406 , 0.233940634863
-11.1808732842 , 1.3825700428
-11.1757523277 , 4.85160007858
-11.1706313713 , 10.0764639953
-11.1655104148 , 12.3865648534
-11.1603894584 , 9.01183312156
-11.1552685019 , 3.88056477997
-11.1501475455 , 0.988999953092
-11.145026589 , 0.149182245841
-11.1399056326 , 0.0133185684585
-11.1347846761 , 0.000703748513339
-11.1296637197 , 2.20088307198e-05
-11.1245427632 , 4.07376512862e-07
-11.1194218068 , 4.46287311129e-09
-11.1143008503 , 2.89369416488e-11
-11.1091798939 , 1.11047875558e-13
-11.1040589374 , 2.52224585572e-16
-11.098937981 , 3.39065901171e-19
-11.0938170245 , 2.69774161934e-22
-11.0886960681 , 1.27038724419e-25
-11.0835751116 , 3.54071877071e-29
-11.0784541552 , 5.84071871585e-33
-11.0733331987 , 5.70413599871e-37
-11.0682122423 , 2.02634609801e-40
-11.0630912858 , 1.70145317023e-40
-11.0579703294 , 1.70145317023e-40
-11.0528493729 , 1.70145317023e-40
-11.0477284165 , 1.70145317023e-40
-11.04260746 , 1.70145317023e-40
-11.0374865035 , 1.70145317023e-40
-11.0323655471 , 1.70145317023e-40
-11.0272445906 , 1.70145317023e-40
-11.0221236342 , 1.70145317023e-40
-11.0170026777 , 1.70145317023e-40
-11.0118817213 , 1.70145317023e-40
-11.0067607648 , 1.70145317023e-40
-11.0016398084 , 1.70145317023e-40
-10.9965188519 , 1.70145317023e-40
-10.9913978955 , 1.70145317023e-40
-10.986276939 , 1.70145317023e-40
-10.9811559826 , 1.70145317023e-40
-10.9760350261 , 1.70145317023e-40
-10.9709140697 , 1.86493319487e-40
-10.9657931132 , 3.4803471534e-37
-10.9606721568 , 3.94553716758e-33
-10.9555512003 , 2.64861902744e-29
-10.9504302439 , 1.05233150836e-25
-10.9453092874 , 2.47460199287e-22
-10.940188331 , 3.44411661267e-19
-10.9350673745 , 2.83706993662e-16
-10.9299464181 , 1.38319031911e-13
-10.9248254616 , 3.99129239305e-11
-10.9197045052 , 6.8165535811e-09
-10.9145835487 , 6.89026405873e-07
-10.9094625923 , 4.12217650453e-05
-10.9043416358 , 0.00145961059057
-10.8992206794 , 0.0305891305213
-10.8940997229 , 0.379417155499
-10.8889787665 , 2.78539312764
-10.88385781 , 12.1025183331
-10.8787368536 , 31.123251296
-10.8736158971 , 47.3719250393
-10.8684949407 , 42.6949672928
-10.8633739842 , 23.0671380021
-10.8582530278 , 9.95210880851
-10.8531320713 , 15.7990429791
-10.8480111149 , 44.7766331889
-10.8428901584 , 81.5425331607
-10.8377692019 , 88.1607868918
-10.8326482455 , 56.4201916987
-10.827527289 , 21.3705251633
-10.8224063326 , 4.79088461759
-10.8172853761 , 0.635676341944
-10.8121644197 , 0.0499201870238
-10.8070434632 , 0.00232026080412
-10.8019225068 , 6.42012733828e-05
-10.7968015503 , 2.55682985798e-05
-10.7916805939 , 0.000955803608324
-10.7865596374 , 0.0220428058853
-10.781438681 , 0.300877125542
-10.7763177245 , 2.43069800353
-10.7711967681 , 11.6223078232
-10.7660758116 , 32.8907123729
-10.7609548552 , 55.0901205302
-10.7558338987 , 54.6127067465
-10.7507129423 , 32.0430035336
-10.7455919858 , 11.1273633629
-10.7404710294 , 2.28702472166
-10.7353500729 , 0.278207596805
-10.7302291165 , 0.0200302627832
-10.72510816 , 0.000853539935567
-10.7199872036 , 2.15268547834e-05
-10.7148662471 , 3.21334127935e-07
-10.7097452907 , 2.83891677913e-09
-10.7046243342 , 1.48445831539e-11
-10.6995033778 , 4.59412585637e-14
-10.6943824213 , 8.41507536495e-17
-10.6892614649 , 2.90249709288e-19
-10.6841405084 , 1.72107708121e-16
-10.679019552 , 8.80888372905e-14
-10.6738985955 , 2.66846271661e-11
-10.6687776391 , 4.78432813796e-09
-10.6636566826 , 5.07692017957e-07
-10.6585357262 , 3.18859433269e-05
-10.6534147697 , 0.00118527128189
-10.6482938132 , 0.0260768909981
-10.6431728568 , 0.339557571566
-10.6380519003 , 2.61692082874
-10.6329309439 , 11.9367832073
-10.6278099874 , 32.225791028
-10.622689031 , 51.4919601264
-10.6175680745 , 48.6961716532
-10.6124471181 , 27.2564802398
-10.6073261616 , 9.02951207586
-10.6022052052 , 1.7704283335
-10.5970842487 , 0.2054527587
-10.5919632923 , 0.0141112394211
-10.5868423358 , 0.000573637984791
-10.5817213794 , 1.38016242654e-05
-10.5766004229 , 1.96535974378e-07
-10.5714794665 , 1.65643145879e-09
-10.56635851 , 8.26274673797e-12
-10.5612375536 , 2.43946712807e-14
-10.5561165971 , 4.26270282632e-17
-10.5509956407 , 4.40853914198e-20
-10.5458746842 , 2.69850919898e-23
-10.5407537278 , 9.77625817921e-27
-10.5356327713 , 2.09623988127e-30
-10.5305118149 , 2.66029089633e-34
-10.5253908584 , 3.14457270292e-38
-10.520269902 , 1.4794210809e-34
-10.5151489455 , 1.14671933077e-30
-10.5100279891 , 5.26068799468e-27
-10.5049070326 , 1.42839243084e-23
-10.4997860762 , 2.29547263051e-20
-10.4946651197 , 2.18331441097e-17
-10.4895441633 , 1.22907964808e-14
-10.4844232068 , 4.09508911515e-12
-10.4793022504 , 8.07544140759e-10
-10.4741812939 , 9.42516077886e-08
-10.4690603375 , 6.51074742575e-06
-10.463939381 , 0.000266190475525
-10.4588184245 , 0.00644130345857
-10.4536974681 , 0.0922517453021
-10.4485765116 , 0.781978851458
-10.4434555552 , 3.92315112281
-10.4383345987 , 11.649177777
-10.4332136423 , 20.4733061704
-10.4280926858 , 21.309214882
-10.4229717294 , 13.2943216811
-10.4178507729 , 6.17204132235
-10.4127298165 , 7.26971964563
-10.40760886 , 16.6460958489
-10.4024879036 , 25.8915557705
-10.3973669471 , 24.1677485971
-10.3922459907 , 14.6927990545
-10.3871250342 , 11.8962904679
-10.3820040778 , 23.8544777039
-10.3768831213 , 44.2790271303
-10.3717621649 , 58.8440349568
-10.3666412084 , 60.2787705365
-10.361520252 , 48.2964436862
-10.3563992955 , 30.6402740998
-10.3512783391 , 26.0104161327
-10.3461573826 , 41.7997355973
-10.3410364262 , 58.4115718645
-10.3359154697 , 53.0057395834
-10.3307945133 , 30.7385871928
-10.3256735568 , 11.5369707293
-10.3205526004 , 2.80889450661
-10.3154316439 , 0.43992332332
-10.3103106875 , 0.0770702747214
-10.305189731 , 0.372044822186
-10.3000687746 , 2.36236334145
-10.2949478181 , 8.9406057724
-10.2898268617 , 20.0535657465
-10.2847059052 , 26.9450600601
-10.2795849488 , 23.7873675134
-10.2744639923 , 22.4938740601
-10.2693430359 , 35.4837643679
-10.2642220794 , 50.1603717995
-10.2591011229 , 44.6276622931
-10.2539801665 , 23.6624027218
-10.24885921 , 7.43116410597
-10.2437382536 , 1.38201643614
-10.2386172971 , 0.166886279807
-10.2334963407 , 0.21284035879
-10.2283753842 , 1.65832621543
-10.2232544278 , 8.1459221693
-10.2181334713 , 24.1205515447
-10.2130125149 , 43.124039968
-10.2078915584 , 46.6606563139
-10.202770602 , 30.9200987367
-10.1976496455 , 13.9142339188
-10.1925286891 , 7.28588450737
-10.1874077326 , 6.52440084785
-10.1822867762 , 5.04026281028
-10.1771658197 , 2.42717182147
-10.1720448633 , 0.69571030019
-10.1669239068 , 0.118402301799
-10.1618029504 , 0.0194830244933
-10.1566819939 , 0.112583059124
-10.1515610375 , 0.977549452696
-10.146440081 , 5.11167999587
-10.1413191246 , 16.1949300596
-10.1361981681 , 31.8193072838
-10.1310772117 , 40.25445656
-10.1259562552 , 34.2584780918
-10.1208352988 , 20.0917254378
-10.1157143423 , 7.99096777581
-10.1105933859 , 2.06642723064
-10.1054724294 , 0.333726931534
-10.100351473 , 0.0327848818764
-10.0952305165 , 0.00193142896991
-10.0901095601 , 6.77576086772e-05
-10.0849886036 , 1.4108320745e-06
-10.0798676472 , 1.74091564304e-08
-10.0747466907 , 2.24948156807e-10
-10.0696257342 , 1.40393680305e-08
-10.0645047778 , 1.19352309395e-06
-10.0593838213 , 6.00552296744e-05
-10.0542628649 , 0.00178850662087
-10.0491419084 , 0.0315246291612
-10.044020952 , 0.328873696379
-10.0388999955 , 2.03061730961
-10.0337790391 , 7.42075265016
-10.0286580826 , 16.0511666965
-10.0235371262 , 20.5628961955
-10.0184161697 , 15.7598805431
-10.0132952133 , 8.33590330045
-10.0081742568 , 7.50441035811
-10.0030533004 , 14.2587917006
-9.99793234393 , 20.5307493053
-9.99281138748 , 18.0656379063
-9.98769043103 , 10.2832302339
-9.98256947458 , 7.33673871665
-9.97744851812 , 18.5370042608
-9.97232756167 , 50.3269080429
-9.96720660522 , 86.4069555694
-9.96208564877 , 90.4905359405
-9.95696469232 , 63.679678718
-9.95184373587 , 47.3754542968
-9.94672277942 , 63.0095435313
-9.94160182296 , 94.5708901819
-9.93648086651 , 103.704480203
-9.93135991006 , 73.9884048352
-9.92623895361 , 39.355603829
-9.92111799716 , 31.5185145982
-9.91599704071 , 42.3809674844
-9.91087608426 , 48.0357006136
-9.90575512781 , 38.5613749339
-9.90063417135 , 22.2918928781
-9.8955132149 , 9.52036229006
-9.89039225845 , 2.99702885966
-9.885271302 , 1.29551945596
-9.88015034555 , 4.22882230975
-9.8750293891 , 14.855187653
-9.86990843265 , 31.4585773432
-9.86478747619 , 39.4458877966
-9.85966651974 , 29.2744071946
-9.85454556329 , 12.8586127626
-9.84942460684 , 3.34287336716
-9.84430365039 , 0.514454677886
-9.83918269394 , 0.0496354878116
-9.83406173749 , 0.0498837522655
-9.82894078104 , 0.475172520886
-9.82381982458 , 2.82086320379
-9.81869886813 , 9.91515417106
-9.81357791168 , 20.6713735304
-9.80845695523 , 26.0635775821
-9.80333599878 , 23.7252476794
-9.79821504233 , 32.7083972006
-9.79309408588 , 75.0134447375
-9.78797312942 , 135.896265159
-9.78285217297 , 160.10170093
-9.77773121652 , 124.821393987
-9.77261026007 , 79.0264609938
-9.76748930362 , 62.5661980267
-9.76236834717 , 54.937778153
-9.75724739072 , 34.474499008
-9.75212643427 , 13.2528590114
-9.74700547781 , 3.03253009117
-9.74188452136 , 0.412682575251
-9.73676356491 , 0.0717834877951
-9.73164260846 , 0.55730668801
-9.72652165201 , 4.76284022837
-9.72140069556 , 24.4846423724
-9.71627973911 , 75.7230243893
-9.71115878265 , 141.325638224
-9.7060378262 , 159.688836068
-9.70091686975 , 109.911641008
-9.6957959133 , 49.2069751169
-9.69067495685 , 28.3913621469
-9.6855540004 , 48.5314267038
-9.68043304395 , 77.1015322829
-9.6753120875 , 75.5811488909
-9.67019113104 , 48.3813595407
-9.66507017459 , 36.8300079335
-9.65994921814 , 58.589793965
-9.65482826169 , 84.3172831788
-9.64970730524 , 76.8725138676
-9.64458634879 , 45.4443040641
-9.63946539234 , 24.0430674605
-9.63434443588 , 20.492357168
-9.62922347943 , 24.886729849
-9.62410252298 , 29.5412523869
-9.61898156653 , 26.5786047871
-9.61386061008 , 15.4780994472
-9.60873965363 , 5.47944032046
-9.60361869718 , 1.15667190918
-9.59849774073 , 0.144805994344
-9.59337678427 , 0.0107354898341
-9.58825582782 , 0.000471130868342
-9.58313487137 , 1.22376591128e-05
-9.57801391492 , 1.88231583407e-07
-9.57289295847 , 1.62430918239e-08
-9.56777200202 , 1.35815879003e-06
-9.56265104557 , 7.53865827203e-05
-9.55753008911 , 0.00248494118867
-9.55240913266 , 0.0486386920893
-9.54728817621 , 0.565271752247
-9.54216721976 , 3.90056140182
-9.53704626331 , 15.983891422
-9.53192530686 , 38.9484837452
-9.52680435041 , 56.7737323075
-9.52168339396 , 50.7563288952
-9.5165624375 , 30.4636118065
-9.51144148105 , 15.1950565931
-9.5063205246 , 7.28609325698
-9.50119956815 , 2.8270893377
-9.4960786117 , 0.729614234181
-9.49095765525 , 0.189543703341
-9.4858366988 , 0.663491157595
-9.48071574234 , 3.30056567701
-9.47559478589 , 9.87246870551
-9.47047382944 , 17.5045402194
-9.46535287299 , 18.5714399484
-9.46023191654 , 12.6828523026
-9.45511096009 , 8.2126815227
-9.44999000364 , 8.52478092688
-9.44486904719 , 9.91363724495
-9.43974809073 , 11.4291946402
-9.43462713428 , 16.0001207304
-9.42950617783 , 23.4185843983
-9.42438522138 , 29.6422988009
-9.41926426493 , 29.1484644051
-9.41414330848 , 19.8669006818
-9.40902235203 , 8.61649261232
-9.40390139557 , 2.28554853801
-9.39878043912 , 0.4682933068
-9.39365948267 , 0.853587360368
-9.38853852622 , 3.68082547899
-9.38341756977 , 9.77237991991
-9.37829661332 , 15.3636464747
-9.37317565687 , 14.2970932639
-9.36805470042 , 7.8886998458
-9.36293374396 , 2.67506120763
-9.35781278751 , 0.94640986273
-9.35269183106 , 1.2253394571
-9.34757087461 , 2.32735199443
-9.34244991816 , 5.33897912959
-9.33732896171 , 13.0805284318
-9.33220800526 , 22.9093276665
-9.32708704881 , 24.6289269058
-9.32196609235 , 15.8157768613
-9.3168451359 , 6.32383978416
-9.31172417945 , 2.63893459929
-9.306603223 , 3.17872550326
-9.30148226655 , 5.03176973985
-9.2963613101 , 8.44948008119
-9.29124035365 , 14.8847863308
-9.28611939719 , 19.7160798476
-9.28099844074 , 16.3840619877
-9.27587748429 , 8.17952792345
-9.27075652784 , 2.57906770718
-9.26563557139 , 1.18427657499
-9.26051461494 , 2.09861873425
-9.25539365849 , 3.28493280891
-9.25027270204 , 3.12914762818
-9.24515174558 , 2.03753315419
-9.24003078913 , 2.4609998876
-9.23490983268 , 7.05488440746
-9.22978887623 , 15.1323005173
-9.22466791978 , 19.491840285
-9.21954696333 , 14.8736661139
-9.21442600688 , 6.7186594555
-9.20930505042 , 1.79715616647
-9.20418409397 , 0.296936029487
-9.19906313752 , 0.170361813494
-9.19394218107 , 1.01926438391
-9.18882122462 , 4.71367551887
-9.18370026817 , 15.53121246
-9.17857931172 , 38.8184262864
-9.17345835527 , 71.6881509653
-9.16833739881 , 89.9212761723
-9.16321644236 , 71.5492484526
-9.15809548591 , 34.8480952789
-9.15297452946 , 10.2282195302
-9.14785357301 , 1.85778786867
-9.14273261656 , 0.964471097265
-9.13761166011 , 5.67060963597
-9.13249070365 , 24.4036768349
-9.1273697472 , 62.297254047
-9.12224879075 , 94.2288400472
-9.1171278343 , 84.8912832813
-9.11200687785 , 46.9326888878
-9.1068859214 , 18.42323195
-9.10176496495 , 7.49975431786
-9.0966440085 , 3.47618325437
-9.09152305204 , 1.2575917941
-9.08640209559 , 0.34549964283
-9.08128113914 , 0.236808568377
-9.07616018269 , 0.364701165107
-9.07103922624 , 0.467181403954
-9.06591826979 , 1.06043479434
-9.06079731334 , 4.53408068796
-9.05567635688 , 14.2111077858
-9.05055540043 , 26.8108986637
-9.04543444398 , 29.9747795585
-9.04031348753 , 19.85877679
-9.03519253108 , 7.93452105837
-9.03007157463 , 2.51359814872
-9.02495061818 , 2.34963883128
-9.01982966173 , 4.40715705591
-9.01470870527 , 6.74735341128
-9.00958774882 , 9.14372611434
-9.00446679237 , 14.3019714578
-8.99934583592 , 23.5652328086
-8.99422487947 , 31.7557820901
-8.98910392302 , 32.3773729182
-8.98398296657 , 24.8748539114
-8.97886201011 , 14.0003862284
-8.97374105366 , 5.48778225367
-8.96862009721 , 1.43282928048
-8.96349914076 , 0.243159287542
-8.95837818431 , 0.0451813343561
-8.95325722786 , 0.123425658675
-8.94813627141 , 0.447921734442
-8.94301531496 , 0.975077424011
-8.9378943585 , 1.25692259137
-8.93277340205 , 0.966222012882
-8.9276524456 , 0.514097302664
-8.92253148915 , 0.630990053629
-8.9174105327 , 2.07719648962
-8.91228957625 , 5.32747110036
-8.9071686198 , 9.09544463727
-8.90204766334 , 10.5264723916
-8.89692670689 , 9.1239065775
-8.89180575044 , 7.66078479618
-8.88668479399 , 7.56566939108
-8.88156383754 , 8.1123407481
-8.87644288109 , 8.05455874407
-8.87132192464 , 6.06285913835
-8.86620096819 , 2.99503643745
-8.86108001173 , 0.913952979567
-8.85595905528 , 0.186774204767
-8.85083809883 , 0.203934072107
-8.84571714238 , 1.08990771057
-8.84059618593 , 3.8088905193
-8.83547522948 , 8.01751873508
-8.83035427303 , 10.3904698565
-8.82523331657 , 8.68935610596
-8.82011236012 , 5.03522462001
-8.81499140367 , 2.15409049281
-8.80987044722 , 0.863902324337
-8.80474949077 , 1.34978740282
-8.79962853432 , 4.08581046356
-8.79450757787 , 8.10395690353
-8.78938662142 , 9.7620335229
-8.78426566496 , 7.70115491248
-8.77914470851 , 6.4114296417
-8.77402375206 , 11.0878553607
-8.76890279561 , 19.9103928491
-8.76378183916 , 22.9780798322
-8.75866088271 , 15.8557967188
-8.75353992626 , 6.48547427607
-8.7484189698 , 1.57054742963
-8.74329801335 , 0.225129270417
-8.7381770569 , 0.0191025600654
-8.73305610045 , 0.0009955136857
-8.727935144 , 0.000851404867934
-8.72281418755 , 0.0112518204301
-8.7176932311 , 0.0923581652322
-8.71257227465 , 0.455065911325
-8.70745131819 , 1.35312346994
-8.70233036174 , 2.48488393862
-8.69720940529 , 3.02697493539
-8.69208844884 , 2.84014429646
-8.68696749239 , 2.381154266
-8.68184653594 , 2.02756910936
-8.67672557949 , 2.39904434097
-8.67160462303 , 3.36761155625
-8.66648366658 , 3.75928165162
-8.66136271013 , 3.78182260769
-8.65624175368 , 5.19335232165
-8.65112079723 , 8.01334591712
-8.64599984078 , 10.0460133391
-8.64087888433 , 10.5802475083
-8.63575792788 , 10.1783747902
-8.63063697142 , 8.15054287466
-8.62551601497 , 5.06402017641
-8.62039505852 , 3.65649052802
-8.61527410207 , 5.25782505449
-8.61015314562 , 7.58256366182
-8.60503218917 , 7.6351861191
-8.59991123272 , 5.68492827202
-8.59479027626 , 3.44319532126
-8.58966931981 , 1.66924396985
-8.58454836336 , 0.766667693401
-8.57942740691 , 0.741530529778
-8.57430645046 , 1.19870488365
-8.56918549401 , 1.71496677895
-8.56406453756 , 1.79148587927
-8.55894358111 , 1.35545659196
-8.55382262465 , 1.34382219519
-8.5487016682 , 2.71457535093
-8.54358071175 , 4.67904677575
-8.5384597553 , 4.99888218101
-8.53333879885 , 3.44824748886
-8.5282178424 , 2.56087951579
-8.52309688595 , 3.84700446283
-8.51797592949 , 5.93889495728
-8.51285497304 , 7.19315149841
-8.50773401659 , 9.11567680489
-8.50261306014 , 13.7952890768
-8.49749210369 , 17.397791127
-8.49237114724 , 14.2466111442
-8.48725019079 , 7.06925447594
-8.48212923434 , 2.179661936
-8.47700827788 , 0.890365750244
-8.47188732143 , 1.89440786957
-8.46676636498 , 4.21382661283
-8.46164540853 , 6.15440089942
-8.45652445208 , 5.82932904403
-8.45140349563 , 3.56125854469
-8.44628253918 , 1.38127224415
-8.44116158272 , 0.348189118078
-8.43604062627 , 0.20787872379
-8.43091966982 , 0.990550773775
-8.42579871337 , 3.77476634238
-8.42067775692 , 9.23482229093
-8.41555680047 , 15.5479745159
-8.41043584402 , 19.7333645313
-8.40531488757 , 19.2769036757
-8.40019393111 , 13.4175413712
-8.39507297466 , 6.19188547635
-8.38995201821 , 2.27789478656
-8.38483106176 , 1.76215903287
-8.37971010531 , 2.26705054764
-8.37458914886 , 2.31610083967
-8.36946819241 , 2.42235643558
-8.36434723595 , 3.30265216045
-8.3592262795 , 4.08152162494
-8.35410532305 , 3.87254741399
-8.3489843666 , 3.13124558189
-8.34386341015 , 2.23498461637
-8.3387424537 , 1.20302392235
-8.33362149725 , 0.421215966494
-8.3285005408 , 0.0899636206086
-8.32337958434 , 0.0115100981483
-8.31825862789 , 0.00161709297452
-8.31313767144 , 0.00979284729935
-8.30801671499 , 0.0752529707338
-8.30289575854 , 0.34361912612
-8.29777480209 , 0.928659515728
-8.29265384564 , 1.48544094281
-8.28753288918 , 1.40630446155
-8.28241193273 , 0.788553901052
-8.27729097628 , 0.272092795303
-8.27217001983 , 0.169665685214
-8.26704906338 , 0.775654255877
-8.26192810693 , 2.96252892302
-8.25680715048 , 6.74696137192
-8.25168619403 , 9.09563260216
-8.24656523757 , 7.25737817785
-8.24144428112 , 3.4272654311
-8.23632332467 , 0.957936824176
-8.23120236822 , 0.158471724794
-8.22608141177 , 0.0155598874832
-8.22096045532 , 0.00157140862077
-8.21583949887 , 0.00612378319184
-8.21071854241 , 0.0326865461092
-8.20559758596 , 0.103780498058
-8.20047662951 , 0.195027209164
-8.19535567306 , 0.21700613578
-8.19023471661 , 0.145087905899
-8.18511376016 , 0.089010504287
-8.17999280371 , 0.300224328852
-8.17487184726 , 1.46863457558
-8.1697508908 , 4.43846186539
-8.16462993435 , 7.96116444592
-8.1595089779 , 8.46658630497
-8.15438802145 , 5.33925058233
-8.149267065 , 1.99961012537
-8.14414610855 , 0.475422950848
-8.1390251521 , 0.277514657076
-8.13390419564 , 0.880932868147
-8.12878323919 , 2.07400430865
-8.12366228274 , 2.90460090653
-8.11854132629 , 2.40884480438
-8.11342036984 , 1.19272741458
-8.10829941339 , 0.421806696753
-8.10317845694 , 0.399504123057
-8.09805750049 , 0.917098560396
-8.09293654403 , 1.50045346747
-8.08781558758 , 1.51128719514
-8.08269463113 , 0.926711911711
-8.07757367468 , 0.348089130963
-8.07245271823 , 0.110385570049
-8.06733176178 , 0.173432118821
-8.06221080533 , 0.509492205233
-8.05708984887 , 1.03623319217
-8.05196889242 , 1.38925738702
-8.04684793597 , 1.24034789291
-8.04172697952 , 0.887555360992
-8.03660602307 , 1.13047331985
-8.03148506662 , 3.05059936244
-8.02636411017 , 8.255140661
-8.02124315372 , 16.1013780792
-8.01612219726 , 20.162356124
-8.01100124081 , 16.0431699754
-8.00588028436 , 10.617168921
-8.00075932791 , 13.6965925957
-7.99563837146 , 24.2003002551
-7.99051741501 , 29.0143394354
-7.98539645856 , 20.9224347096
-7.9802755021 , 9.29484475526
-7.97515454565 , 3.95252343185
-7.9700335892 , 4.87718101803
-7.96491263275 , 7.50922246498
-7.9597916763 , 8.68221772828
-7.95467071985 , 10.1750941523
-7.9495497634 , 13.517261617
-7.94442880695 , 14.518274023
-7.93930785049 , 12.0406652867
-7.93418689404 , 11.9500404606
-7.92906593759 , 15.4193103999
-7.92394498114 , 16.9853826118
-7.91882402469 , 15.0665486028
-7.91370306824 , 12.7189330327
-7.90858211179 , 15.0269925918
-7.90346115533 , 27.56537414
-7.89834019888 , 43.0944868166
-7.89321924243 , 42.9099173636
-7.88809828598 , 25.805746516
-7.88297732953 , 9.30815103233
-7.87785637308 , 2.01665680155
-7.87273541663 , 0.288691852796
-7.86761446018 , 0.279819347091
-7.86249350372 , 1.54900571986
-7.85737254727 , 5.58150480517
-7.85225159082 , 12.2350738068
-7.84713063437 , 16.4437901943
-7.84200967792 , 13.6585702658
-7.83688872147 , 7.05053451456
-7.83176776502 , 2.26541402919
-7.82664680856 , 0.463603058642
-7.82152585211 , 0.186330594732
-7.81640489566 , 0.825574123384
-7.81128393921 , 3.08241618099
-7.80616298276 , 7.00619556204
-7.80104202631 , 10.3499336425
-7.79592106986 , 13.1255798404
-7.79080011341 , 20.2813063978
-7.78567915695 , 29.8380891402
-7.7805582005 , 29.7628222695
-7.77543724405 , 18.3152672363
-7.7703162876 , 7.66216895868
-7.76519533115 , 5.14662019585
-7.7600743747 , 8.32132922672
-7.75495341825 , 11.2835718624
-7.74983246179 , 11.1667140632
-7.74471150534 , 11.9236987867
-7.73959054889 , 18.4064144448
-7.73446959244 , 26.7530935505
-7.72934863599 , 27.2017776878
-7.72422767954 , 18.1087282381
-7.71910672309 , 7.7373414726
-7.71398576664 , 2.08825662574
-7.70886481018 , 0.409060735195
-7.70374385373 , 0.427770602765
-7.69862289728 , 1.52029725427
-7.69350194083 , 3.66565249539
-7.68838098438 , 5.56952431742
-7.68326002793 , 5.34524553328
-7.67813907148 , 3.34269983837
-7.67301811502 , 1.94107679659
-7.66789715857 , 2.52291331887
-7.66277620212 , 4.03805657914
-7.65765524567 , 4.23669933429
-7.65253428922 , 2.672988904
-7.64741333277 , 1.00821198373
-7.64229237632 , 0.228226982864
-7.63717141987 , 0.0412349411723
-7.63205046341 , 0.0977210542869
-7.62692950696 , 0.513470524114
-7.62180855051 , 1.6381945216
-7.61668759406 , 3.09472675875
-7.61156663761 , 3.46125195307
-7.60644568116 , 2.29229816059
-7.60132472471 , 0.899187689947
-7.59620376825 , 0.209000680808
-7.5910828118 , 0.0288028599359
-7.58596185535 , 0.00235577674063
-7.5808408989 , 0.000114526479678
-7.57571994245 , 3.40928596865e-06
-7.570598986 , 3.99924803771e-06
-7.56547802955 , 0.000108171222603
-7.5603570731 , 0.00198607654578
-7.55523611664 , 0.025362762871
-7.55011516019 , 0.224388483026
-7.54499420374 , 1.31759371051
-7.53987324729 , 4.89590406058
-7.53475229084 , 11.1627504776
-7.52963133439 , 15.5465680309
-7.52451037794 , 14.2324822409
-7.51938942148 , 12.202902853
-7.51426846503 , 15.3163974145
-7.50914750858 , 20.8927476999
-7.50402655213 , 22.529405618
-7.49890559568 , 17.3270103857
-7.49378463923 , 8.86993462317
-7.48866368278 , 3.03848431201
-7.48354272633 , 1.28365230633
-7.47842176987 , 2.24419773914
-7.47330081342 , 6.0999643434
-7.46817985697 , 13.7684477478
-7.46305890052 , 22.5291844747
-7.45793794407 , 26.129372758
-7.45281698762 , 21.8039071562
-7.44769603117 , 13.4289601517
-7.44257507471 , 6.11574669438
-7.43745411826 , 1.97273415967
-7.43233316181 , 0.429790445839
-7.42721220536 , 0.0682673725826
-7.42209124891 , 0.0148604774626
-7.41697029246 , 0.0283221638213
-7.41184933601 , 0.143869679934
-7.40672837956 , 0.482570604493
-7.4016074231 , 0.963512694469
-7.39648646665 , 1.13962594696
-7.3913655102 , 0.799150672206
-7.38624455375 , 0.345537596803
-7.3811235973 , 0.189604984419
-7.37600264085 , 0.505224997653
-7.3708816844 , 1.52226358657
-7.36576072794 , 3.67666281822
-7.36063977149 , 7.45590971588
-7.35551881504 , 11.387865827
-7.35039785859 , 11.4958364107
-7.34527690214 , 7.22785122675
-7.34015594569 , 2.82860831039
-7.33503498924 , 0.80718866599
-7.32991403279 , 0.593288950269
-7.32479307633 , 1.33621978216
-7.31967211988 , 2.33523372034
-7.31455116343 , 3.32562871218
-7.30943020698 , 6.19297767979
-7.30430925053 , 12.7318206829
-7.29918829408 , 19.0628930203
-7.29406733763 , 19.2188592293
-7.28894638118 , 13.9614947535
-7.28382542472 , 8.08082008999
-7.27870446827 , 4.11929092666
-7.27358351182 , 2.27112750327
-7.26846255537 , 1.68540409044
-7.26334159892 , 1.70842597026
-7.25822064247 , 2.28995483981
-7.25309968602 , 2.81645772966
-7.24797872956 , 2.40311025037
-7.24285777311 , 1.31645587195
-7.23773681666 , 0.454879848645
-7.23261586021 , 0.113733561546
-7.22749490376 , 0.196316907029
-7.22237394731 , 1.21865904995
-7.21725299086 , 4.78237284197
-7.21213203441 , 11.1170536693
-7.20701107795 , 15.2982143876
-7.2018901215 , 12.4854212884
-7.19676916505 , 6.16939971894
-7.1916482086 , 2.24711888273
-7.18652725215 , 1.3069989463
-7.1814062957 , 1.21275813149
-7.17628533925 , 1.09097548786
-7.17116438279 , 1.75386142882
-7.16604342634 , 3.86051318923
-7.16092246989 , 5.88605171037
-7.15580151344 , 5.46126552335
-7.15068055699 , 3.28731771432
-7.14555960054 , 2.32047797965
-7.14043864409 , 3.67190825951
-7.13531768764 , 5.41074533503
-7.13019673118 , 5.23247367759
-7.12507577473 , 4.13901584725
-7.11995481828 , 4.99838669042
-7.11483386183 , 9.30195830579
-7.10971290538 , 16.4297987685
-7.10459194893 , 21.2412526319
-7.09947099248 , 18.0838403907
-7.09435003602 , 10.2013084997
-7.08922907957 , 5.08475079657
-7.08410812312 , 5.68186378823
-7.07898716667 , 9.77011715878
-7.07386621022 , 11.7412194832
-7.06874525377 , 8.69700396738
-7.06362429732 , 4.07367905583
-7.05850334087 , 1.50626018667
-7.05338238441 , 1.07417409334
-7.04826142796 , 1.6443638922
-7.04314047151 , 2.5744805316
-7.03801951506 , 3.27585697577
-7.03289855861 , 2.93675128067
-7.02777760216 , 1.91630344318
-7.02265664571 , 1.60179580706
-7.01753568925 , 2.3240632974
-7.0124147328 , 3.03261808899
-7.00729377635 , 2.81384758965
-7.0021728199 , 1.85292338068
-6.99705186345 , 0.872353950488
-6.991930907 , 0.287086296898
-6.98680995055 , 0.0635287949938
-6.9816889941 , 0.0145106533044
-6.97656803764 , 0.0504538643164
-6.97144708119 , 0.26808890896
-6.96632612474 , 0.905730883465
-6.96120516829 , 1.97122052153
-6.95608421184 , 2.82719167624
-6.95096325539 , 2.69253183785
-6.94584229894 , 1.74069024298
-6.94072134248 , 0.987381622522
-6.93560038603 , 0.918490325278
-6.93047942958 , 1.04227922576
-6.92535847313 , 1.02280812441
-6.92023751668 , 1.80444187489
-6.91511656023 , 5.05555254396
-6.90999560378 , 10.2557928023
-6.90487464733 , 12.9883053363
-6.89975369087 , 10.3391076938
-6.89463273442 , 5.31359744393
-6.88951177797 , 1.81244477501
-6.88439082152 , 0.429902987553
-6.87926986507 , 0.123371929551
-6.87414890862 , 0.137831493329
-6.86902795217 , 0.199654632492
-6.86390699571 , 0.463910115819
-6.85878603926 , 1.96180419588
-6.85366508281 , 6.30499115632
-6.84854412636 , 12.2767377423
-6.84342316991 , 14.1757252426
-6.83830221346 , 9.70387572475
-6.83318125701 , 4.0638490756
-6.82806030056 , 1.71580472524
-6.8229393441 , 2.60416376551
-6.81781838765 , 4.68169106125
-6.8126974312 , 5.38814599481
-6.80757647475 , 4.40289915168
-6.8024555183 , 4.00302083352
-6.79733456185 , 4.58784124757
-6.7922136054 , 4.15275373627
-6.78709264894 , 2.43462948904
-6.78197169249 , 1.12712710505
-6.77685073604 , 0.931701577846
-6.77172977959 , 1.12487346613
-6.76660882314 , 0.951688349608
-6.76148786669 , 0.485218901364
-6.75636691024 , 0.147803748445
-6.75124595379 , 0.0425691338003
-6.74612499733 , 0.147022942915
-6.74100404088 , 0.761800551703
-6.73588308443 , 2.40090370956
-6.73076212798 , 4.52066600031
-6.72564117153 , 5.10116389036
-6.72052021508 , 3.51888670608
-6.71539925863 , 1.64393735842
-6.71027830217 , 0.724094574065
-6.70515734572 , 0.417943472622
-6.70003638927 , 0.43006470001
-6.69491543282 , 0.93416078596
-6.68979447637 , 1.87700240637
-6.68467351992 , 2.94347897777
-6.67955256347 , 4.23203843898
-6.67443160702 , 5.28451919851
-6.66931065056 , 4.6364535367
-6.66418969411 , 2.56756932325
-6.65906873766 , 1.07539868214
-6.65394778121 , 1.15286996816
-6.64882682476 , 2.38626192884
-6.64370586831 , 3.34794132903
-6.63858491186 , 2.79986820465
-6.6334639554 , 1.38633317146
-6.62834299895 , 0.40634028561
-6.6232220425 , 0.0711531936886
-6.61810108605 , 0.0116358577918
-6.6129801296 , 0.0172023825067
-6.60785917315 , 0.0378023084497
-6.6027382167 , 0.0504765144476
-6.59761726025 , 0.0407729208655
-6.59249630379 , 0.0265381381703
-6.58737534734 , 0.043453135299
-6.58225439089 , 0.110248527234
-6.57713343444 , 0.185011325796
-6.57201247799 , 0.185027356582
-6.56689152154 , 0.109861346381
-6.56177056509 , 0.0421809668747
-6.55664960863 , 0.0348250689468
-6.55152865218 , 0.113699423993
-6.54640769573 , 0.281716921892
-6.54128673928 , 0.438702530677
-6.53616578283 , 0.581914009669
-6.53104482638 , 1.28242383879
-6.52592386993 , 3.36800246325
-6.52080291348 , 6.30291741545
-6.51568195702 , 7.75107825688
-6.51056100057 , 6.32634198624
-6.50544004412 , 3.42921588426
-6.50031908767 , 1.21588477319
-6.49519813122 , 0.295980049225
-6.49007717477 , 0.095737993667
-6.48495621832 , 0.147730055642
-6.47983526186 , 0.575883548027
-6.47471430541 , 1.93580215392
-6.46959334896 , 4.05045980214
-6.46447239251 , 5.04420189454
-6.45935143606 , 3.72016834718
-6.45423047961 , 1.6240092842
-6.44910952316 , 0.420434591296
-6.44398856671 , 0.0800852618294
-6.43886761025 , 0.184876611952
-6.4337466538 , 1.20540445758
-6.42862569735 , 4.85972907458
-6.4235047409 , 11.7582828186
-6.41838378445 , 17.0864477707
-6.413262828 , 14.9212070086
-6.40814187155 , 7.83204102738
-6.40302091509 , 2.47022153792
-6.39789995864 , 0.467810300921
-6.39277900219 , 0.0531400238189
-6.38765804574 , 0.00367947353629
-6.38253708929 , 0.00153478168066
-6.37741613284 , 0.0187561293543
-6.37229517639 , 0.160315529941
-6.36717421994 , 0.87606597219
-6.36205326348 , 3.05936586242
-6.35693230703 , 6.75424133844
-6.35181135058 , 9.27611846378
-6.34669039413 , 7.80113147667
-6.34156943768 , 3.96818216433
-6.33644848123 , 1.21055873209
-6.33132752478 , 0.220292915539
-6.32620656832 , 0.0238351306966
-6.32108561187 , 0.00153050615156
-6.31596465542 , 5.83781444829e-05
-6.31084369897 , 1.46722049385e-06
-6.30572274252 , 2.91240708106e-06
-6.30060178607 , 5.95436063413e-05
-6.29548082962 , 0.000730590260419
-6.29035987317 , 0.00530596698881
-6.28523891671 , 0.0228073645848
-6.28011796026 , 0.0580238916247
-6.27499700381 , 0.0873791881045
-6.26987604736 , 0.078155342355
-6.26475509091 , 0.0458734617577
-6.25963413446 , 0.0601888453212
-6.25451317801 , 0.288906340447
-6.24939222155 , 1.10348356943
-6.2442712651 , 2.88798764482
-6.23915030865 , 5.61560944156
-6.2340293522 , 8.70664970634
-6.22890839575 , 11.3042776725
-6.2237874393 , 13.1812265993
-6.21866648285 , 13.664840773
-6.2135455264 , 10.7638619388
-6.20842456994 , 5.58081285463
-6.20330361349 , 1.83516777525
-6.19818265704 , 0.513683286879
-6.19306170059 , 0.308421208625
-6.18794074414 , 0.249377784437
-6.18281978769 , 0.136431216413
-6.17769883124 , 0.0458759397899
-6.17257787478 , 0.00946080313184
-6.16745691833 , 0.00120288807834
-6.16233596188 , 0.000146412192711
-6.15721500543 , 0.000920515845884
-6.15209404898 , 0.00947987212011
-6.14697309253 , 0.0580690146973
-6.14185213608 , 0.210606695945
-6.13673117963 , 0.453633594283
-6.13161022317 , 0.596951292428
-6.12648926672 , 0.597562780363
-6.12136831027 , 0.895104210276
-6.11624735382 , 1.81012998512
-6.11112639737 , 2.61417113228
-6.10600544092 , 2.29497541917
-6.10088448447 , 1.30985435576
-6.09576352801 , 1.30027248866
-6.09064257156 , 4.43718058584
-6.08552161511 , 12.827296516
-6.08040065866 , 23.6997246617
-6.07527970221 , 27.4938463641
-6.07015874576 , 19.8342152553
-6.06503778931 , 8.88624244133
-6.05991683286 , 2.78638008379
-6.0547958764 , 1.30960600514
-6.04967491995 , 1.22272619807
-6.0445539635 , 0.903245472375
-6.03943300705 , 0.479145826434
-6.0343120506 , 0.830417354845
-6.02919109415 , 3.98869362079
-6.0240701377 , 12.9001732931
-6.01894918124 , 24.8029376994
-6.01382822479 , 28.2838312908
-6.00870726834 , 19.5053530275
-6.00358631189 , 10.0623338068
-5.99846535544 , 9.34429047182
-5.99334439899 , 14.0930530766
-5.98822344254 , 15.4980686098
-5.98310248609 , 11.0339984321
-5.97798152963 , 5.52681619758
-5.97286057318 , 2.1962817278
-5.96773961673 , 0.701032906587
-5.96261866028 , 0.160404774382
-5.95749770383 , 0.0236698593096
-5.95237674738 , 0.00213901914915
-5.94725579093 , 0.000116028808135
-5.94213483447 , 3.75034731182e-06
-5.93701387802 , 7.22428439044e-08
-5.93189292157 , 1.7822978945e-08
-5.92677196512 , 1.14769434176e-06
-5.92165100867 , 4.60808458276e-05
-5.91653005222 , 0.00110095136881
-5.91140909577 , 0.0156646418179
-5.90628813932 , 0.132845322962
-5.90116718286 , 0.672073122261
-5.89604622641 , 2.0299590599
-5.89092526996 , 3.66336087625
-5.88580431351 , 3.95238522993
-5.88068335706 , 2.55044776788
-5.87556240061 , 0.984582705162
-5.87044144416 , 0.227439590332
-5.8653204877 , 0.0326758189776
-5.86019953125 , 0.0211362195293
-5.8550785748 , 0.163213252816
-5.84995761835 , 0.861853804341
-5.8448366619 , 2.73708212226
-5.83971570545 , 5.22225983086
-5.834594749 , 5.98184304616
-5.82947379255 , 4.10922433356
-5.82435283609 , 1.69091240752
-5.81923187964 , 0.418783467166
-5.81411092319 , 0.0825874607101
-5.80898996674 , 0.104949879286
-5.80386901029 , 0.27406118612
-5.79874805384 , 0.4454709489
-5.79362709739 , 0.428981549913
-5.78850614093 , 0.244537237838
-5.78338518448 , 0.0833987393485
-5.77826422803 , 0.0311593259716
-5.77314327158 , 0.14196228261
-5.76802231513 , 0.794202671004
-5.76290135868 , 2.67751522378
-5.75778040223 , 5.37416752872
-5.75265944578 , 6.5593274154
-5.74753848932 , 5.96328644754
-5.74241753287 , 8.64023407407
-5.73729657642 , 18.8737223037
-5.73217561997 , 29.7886392545
-5.72705466352 , 28.476579085
-5.72193370707 , 16.2244421208
-5.71681275062 , 5.70732236263
-5.71169179416 , 1.86948190869
-5.70657083771 , 1.54813881066
-5.70144988126 , 1.58628227785
-5.69632892481 , 1.31489795909
-5.69120796836 , 1.58412314093
-5.68608701191 , 2.60813569769
-5.68096605546 , 3.108772656
-5.67584509901 , 2.26834972523
-5.67072414255 , 1.14387390917
-5.6656031861 , 1.12287641983
-5.66048222965 , 2.57299559956
-5.6553612732 , 4.33928785019
-5.65024031675 , 4.38771598636
-5.6451193603 , 2.6276828025
-5.63999840385 , 0.931412971326
-5.63487744739 , 0.195403340513
-5.62975649094 , 0.0242628206173
-5.62463553449 , 0.00178307722706
-5.61951457804 , 7.75569423008e-05
-5.61439362159 , 2.02793671596e-06
-5.60927266514 , 1.58178663709e-06
-5.60415170869 , 4.54267016079e-05
-5.59903075224 , 0.000787269856612
-5.59390979578 , 0.00807531141392
-5.58878883933 , 0.0490247686827
-5.58366788288 , 0.176153975422
-5.57854692643 , 0.374619299201
-5.57342596998 , 0.471538786993
-5.56830501353 , 0.351642584256
-5.56318405708 , 0.162788757147
-5.55806310062 , 0.140962817574
-5.55294214417 , 0.763321865966
-5.54782118772 , 3.37558215164
-5.54270023127 , 8.90809754687
-5.53757927482 , 13.9218561011
-5.53245831837 , 12.884087583
-5.52733736192 , 7.06151483253
-5.52221640547 , 2.29236117824
-5.51709544901 , 0.44083140249
-5.51197449256 , 0.0502277114023
-5.50685353611 , 0.00340079569788
-5.50173257966 , 0.000358462647715
-5.49661162321 , 0.00320283131962
-5.49149066676 , 0.0279507559398
-5.48636971031 , 0.148695331408
-5.48124875385 , 0.482467435782
-5.4761277974 , 0.966245227701
-5.47100684095 , 1.30668873961
-5.4658858845 , 1.76787579395
-5.46076492805 , 3.43692595263
-5.4556439716 , 6.29270691557
-5.45052301515 , 8.24435649666
-5.4454020587 , 7.77502464596
-5.44028110224 , 5.40978205119
-5.43516014579 , 2.65364955288
-5.43003918934 , 0.851343671575
-5.42491823289 , 0.169300296939
-5.41979727644 , 0.0203134783811
-5.41467631999 , 0.00145363501601
-5.40955536354 , 6.28818967644e-05
-5.40443440708 , 4.9375917277e-05
-5.39931345063 , 0.00119616505745
-5.39419249418 , 0.0177567317992
-5.38907153773 , 0.157276053492
-5.38395058128 , 0.843691025035
-5.37882962483 , 2.85090715682
-5.37370866838 , 6.59911835573
-5.36858771193 , 11.6612910324
-5.36346675547 , 16.159844696
-5.35834579902 , 16.0825254126
-5.35322484257 , 10.4444477229
-5.34810388612 , 4.21994094228
-5.34298292967 , 1.09927222772
-5.33786197322 , 0.448977184658
-5.33274101677 , 0.835902820178
-5.32762006031 , 1.36206081493
-5.32249910386 , 1.33472950422
-5.31737814741 , 0.774542727048
-5.31225719096 , 0.266088079832
-5.30713623451 , 0.0552919466789
-5.30201527806 , 0.02042885856
-5.29689432161 , 0.0953512857951
-5.29177336516 , 0.390619991473
-5.2866524087 , 1.04911886652
-5.28153145225 , 2.37054905423
-5.2764104958 , 5.89054315294
-5.27128953935 , 13.0481579396
-5.2661685829 , 19.3615538561
-5.26104762645 , 17.4784207111
-5.25592667 , 9.45065610291
-5.25080571355 , 3.15535183376
-5.24568475709 , 0.793714427282
-5.24056380064 , 0.275901352772
-5.23544284419 , 0.15060363454
-5.23032188774 , 0.0902306551414
-5.22520093129 , 0.103770606798
-5.22007997484 , 0.187736557118
-5.21495901839 , 0.246439957392
-5.20983806193 , 0.217194522866
-5.20471710548 , 0.189532493619
-5.19959614903 , 0.250323464929
-5.19447519258 , 0.35092202842
-5.18935423613 , 0.41660440681
-5.18423327968 , 0.395509701699
-5.17911232323 , 0.266419602671
-5.17399136678 , 0.114780334161
-5.16887041032 , 0.0300899374192
-5.16374945387 , 0.00471195089446
-5.15862849742 , 0.00043802739724
-5.15350754097 , 2.41235287281e-05
-5.14838658452 , 7.86565455884e-07
-5.14326562807 , 1.51807029146e-08
-5.13814467162 , 1.73413333411e-10
-5.13302371516 , 1.17245788311e-12
-5.12790275871 , 4.69173145837e-15
-5.12278180226 , 1.11119224146e-17
-5.11766084581 , 1.5576328623e-20
-5.11253988936 , 1.29229227568e-23
-5.10741893291 , 6.34565054242e-27
-5.10229797646 , 5.77318290645e-30
-5.09717702001 , 1.50637926781e-26
-5.09205606355 , 3.41829849235e-23
-5.0869351071 , 4.59098258876e-20
-5.08181415065 , 3.64939867337e-17
-5.0766931942 , 1.71694738092e-14
-5.07157223775 , 4.78093362459e-12
-5.0664512813 , 7.87931878681e-10
-5.06133032485 , 7.68573858418e-08
-5.05620936839 , 4.43717673119e-06
-5.05108841194 , 0.000151623210734
-5.04596745549 , 0.00306704948355
-5.04084649904 , 0.0367468831572
-5.03572554259 , 0.261409358162
-5.03060458614 , 1.11546467239
-5.02548362969 , 2.97358657925
-5.02036267324 , 5.65507076128
-5.01524171678 , 9.69228821268
-5.01012076033 , 15.4735117201
-5.00499980388 , 18.3393755557
-4.99987884743 , 13.7868095253
-4.99475789098 , 6.24503218882
-4.98963693453 , 1.69666633118
-4.98451597808 , 0.321166078367
-4.97939502162 , 0.124007288086
-4.97427406517 , 0.110427462267
-4.96915310872 , 0.077795002274
-4.96403215227 , 0.057639224716
-4.95891119582 , 0.0766225339808
-4.95379023937 , 0.0965902595462
-4.94866928292 , 0.0859011178967
-4.94354832647 , 0.133197353895
-4.93842737001 , 0.580127040966
-4.93330641356 , 1.97915629365
-4.92818545711 , 4.0600624501
-4.92306450066 , 4.93328379879
-4.91794354421 , 3.54792861466
-4.91282258776 , 1.51019828934
-4.90770163131 , 0.380463224094
-4.90258067485 , 0.0567297628935
-4.8974597184 , 0.00500643781306
-4.89233876195 , 0.000261496726466
-4.8872178055 , 8.08394332404e-06
-4.88209684905 , 1.47910783132e-07
-4.8769758926 , 1.60175462212e-09
-4.87185493615 , 1.02662469835e-11
-4.8667339797 , 3.89445781142e-14
-4.86161302324 , 8.74383334923e-17
-4.85649206679 , 1.16192022901e-19
-4.85137111034 , 9.13840343183e-23
-4.84625015389 , 4.25386706445e-26
-4.84112919744 , 1.17197156235e-29
-4.83600824099 , 1.91104029827e-33
-4.83088728454 , 1.84604439569e-37
-4.82576632808 , 1.80495985702e-40
-4.82064537163 , 1.70145317023e-40
-4.81552441518 , 1.70145317023e-40
-4.81040345873 , 1.70145317023e-40
-4.80528250228 , 1.70145317023e-40
-4.80016154583 , 1.70145317023e-40
-4.79504058938 , 1.70145317023e-40
-4.78991963293 , 1.70145317023e-40
-4.78479867647 , 2.74540786879e-39
-4.77967772002 , 3.83871299133e-35
-4.77455676357 , 3.38385571636e-31
-4.76943580712 , 1.76546756507e-27
-4.76431485067 , 5.45164365451e-24
-4.75919389422 , 9.96357028484e-21
-4.75407293777 , 1.07776066163e-17
-4.74895198131 , 6.90000614505e-15
-4.74383102486 , 2.61454690783e-12
-4.73871006841 , 5.86358478183e-10
-4.73358911196 , 7.78304946561e-08
-4.72846815551 , 6.11443289112e-06
-4.72334719906 , 0.000284303617247
-4.71822624261 , 0.00782399201017
-4.71310528616 , 0.127436613365
-4.7079843297 , 1.22851327883
-4.70286337325 , 7.00947189565
-4.6977424168 , 23.6706700982
-4.69262146035 , 47.3102906964
-4.6875005039 , 55.9655131911
-4.68237954745 , 39.1836757882
-4.677258591 , 16.2371449674
-4.67213763454 , 3.98229998108
-4.66701667809 , 0.578066876825
-4.66189572164 , 0.0496640357792
-4.65677476519 , 0.00252537495029
-4.65165380874 , 7.60934473023e-05
-4.64653285229 , 7.91856494968e-06
-4.64141189584 , 0.000281233204709
-4.63629093939 , 0.00712999327026
-4.63116998293 , 0.106992474845
-4.62604902648 , 0.950247867016
-4.62092807003 , 4.99505321918
-4.61580711358 , 15.5404246095
-4.61068615713 , 28.615758939
-4.60556520068 , 31.1868002656
-4.60044424423 , 20.1237192124
-4.59532328777 , 7.79868704669
-4.59020233132 , 2.86506668624
-4.58508137487 , 6.58593853649
-4.57996041842 , 21.167894706
-4.57483946197 , 41.6669234195
-4.56971850552 , 48.5832677945
-4.56459754907 , 33.5354801373
-4.55947659262 , 13.8102678727
-4.55435563616 , 4.34198907446
-4.54923467971 , 5.91138969147
-4.54411372326 , 17.0079779547
-4.53899276681 , 31.3394100445
-4.53387181036 , 34.2628621522
-4.52875085391 , 22.2910408966
-4.52362989746 , 9.60395682102
-4.518508941 , 7.59520667235
-4.51338798455 , 17.2812121095
-4.5082670281 , 30.2585411473
-4.50314607165 , 31.7906702357
-4.4980251152 , 19.7850505362
-4.49290415875 , 7.36091145058
-4.4877832023 , 2.32661310437
-4.48266224585 , 4.43637705709
-4.47754128939 , 14.3598019666
-4.47242033294 , 28.7794034636
-4.46729937649 , 34.1732957436
-4.46217842004 , 24.0171628432
-4.45705746359 , 9.99024961615
-4.45193650714 , 2.45952109304
-4.44681555069 , 0.358380468713
-4.44169459423 , 0.0309070592384
-4.43657363778 , 0.00157757714446
-4.43145268133 , 4.76587992895e-05
-4.42633172488 , 8.52148251479e-07
-4.42121076843 , 9.017928499e-09
-4.41608981198 , 5.64830301972e-11
-4.41096885553 , 2.09386538564e-13
-4.40584789908 , 4.59408574893e-16
-4.40072694262 , 5.9658043488e-19
-4.39560598617 , 4.58520212938e-22
-4.39048502972 , 2.08577536733e-25
-4.38536407327 , 5.61559983654e-29
-4.38024311682 , 8.94837857208e-33
-4.37512216037 , 8.44109889065e-37
-4.37000120392 , 2.15972611314e-40
-4.36488024746 , 1.70145317023e-40
-4.35975929101 , 1.70145317023e-40
-4.35463833456 , 1.70145317023e-40
-4.34951737811 , 1.70145317023e-40
-4.34439642166 , 1.70145317023e-40
-4.33927546521 , 1.70145317023e-40
-4.33415450876 , 1.70145317023e-40
-4.32903355231 , 1.70145317023e-40
-4.32391259585 , 1.70145317023e-40
-4.3187916394 , 1.70145317023e-40
-4.31367068295 , 1.70145317023e-40
-4.3085497265 , 1.70145317023e-40
-4.30342877005 , 1.70145317023e-40
-4.2983078136 , 1.70145317023e-40
-4.29318685715 , 1.70145317023e-40
-4.28806590069 , 1.70145317023e-40
-4.28294494424 , 1.70145317023e-40
-4.27782398779 , 1.70145317023e-40
-4.27270303134 , 1.89184490839e-40
-4.26758207489 , 3.04043445698e-37
-4.26246111844 , 2.86231594449e-33
-4.25734016199 , 1.59573959121e-29
-4.25221920554 , 5.26533550312e-26
-4.24709824908 , 1.02827583822e-22
-4.24197729263 , 1.18853716309e-19
-4.23685633618 , 8.13084071399e-17
-4.23173537973 , 3.29213543521e-14
-4.22661442328 , 7.88931844537e-12
-4.22149346683 , 1.11897615532e-09
-4.21637251038 , 9.3933765172e-08
-4.21125155392 , 4.66704707991e-06
-4.20613059747 , 0.000137240466642
-4.20100964102 , 0.00238859073255
-4.19588868457 , 0.0246048574149
-4.19076772812 , 0.150009759612
-4.18564677167 , 0.541299630155
-4.18052581522 , 1.15604701961
-4.17540485877 , 1.4612779102
-4.17028390231 , 1.09322534785
-4.16516294586 , 0.484067716075
-4.16004198941 , 0.126859237992
-4.15492103296 , 0.0196769431264
-4.14980007651 , 0.00180639507969
-4.14467912006 , 9.81625823118e-05
-4.13955816361 , 4.09700434725e-06
-4.13443720715 , 3.95886254136e-05
-4.1293162507 , 0.000983104027688
-4.12419529425 , 0.0144712837347
-4.1190743378 , 0.126076612787
-4.11395338135 , 0.65010214341
-4.1088324249 , 1.98403009308
-4.10371146845 , 3.5837235772
-4.098590512 , 3.83124869875
-4.09346955554 , 2.42418509366
-4.08834859909 , 0.907843106253
-4.08322764264 , 0.20122197873
-4.07810668619 , 0.0263973069333
-4.07298572974 , 0.00204957313836
-4.06786477329 , 9.4186099191e-05
-4.06274381684 , 2.56170898794e-06
-4.05762286038 , 4.12375034654e-08
-4.05250190393 , 3.92893215608e-10
-4.04738094748 , 2.21552311886e-12
-4.04225999103 , 7.39750646586e-15
-4.03713903458 , 1.90925730746e-15
-4.03201807813 , 6.64598809777e-13
-4.02689712168 , 1.37977856803e-10
-4.02177616523 , 1.69542576283e-08
-4.01665520877 , 1.2330131211e-06
-4.01153425232 , 5.30733076528e-05
-4.00641329587 , 0.00135208547666
-4.00129233942 , 0.0203869227644
-3.99617138297 , 0.18193604262
-3.99105042652 , 0.960960080355
-3.98592947007 , 3.00407994735
-3.98080851361 , 5.55823829922
-3.97568755716 , 6.08670670237
-3.97056660071 , 3.945001061
-3.96544564426 , 1.51332222474
-3.96032468781 , 0.343585820557
-3.95520373136 , 0.0461698636148
-3.95008277491 , 0.00367198997848
-3.94496181846 , 0.000172847825165
-3.939840862 , 4.81554990835e-06
-3.93471990555 , 7.94049200887e-08
-3.9295989491 , 7.76310822006e-10
-3.92447799265 , 3.17704002413e-10
-3.9193570362 , 4.23800558544e-08
-3.91423607975 , 3.39376901409e-06
-3.9091151233 , 0.00016085073392
-3.90399416684 , 0.00451215144696
-3.89887321039 , 0.0749141995986
-3.89375225394 , 0.73614688078
-3.88863129749 , 4.28138911481
-3.88351034104 , 14.737554414
-3.87838938459 , 30.0259686587
-3.87326842814 , 36.2224541174
-3.86814747169 , 26.0565420187
-3.86302651523 , 12.4972231196
-3.85790555878 , 9.5263769571
-3.85278460233 , 17.6788532449
-3.84766364588 , 26.0183156355
-3.84254268943 , 23.1318287352
-3.83742173298 , 12.1866458094
-3.83230077653 , 3.80021889185
-3.82717982007 , 0.70138181037
-3.82205886362 , 0.0766161233871
-3.81693790717 , 0.00495342441632
-3.81181695072 , 0.000189544240793
-3.80669599427 , 4.29274788162e-06
-3.80157503782 , 5.76588754631e-08
-3.79645408137 , 1.65959717774e-08
-3.79133312492 , 1.31136584689e-06
-3.78621216846 , 6.30632901028e-05
-3.78109121201 , 0.00179493872425
-3.77597025556 , 0.0302372413371
-3.77084929911 , 0.30147703951
-3.76572834266 , 1.77904057843
-3.76060738621 , 6.21351001825
-3.75548642976 , 12.8442185982
-3.7503654733 , 15.7144038587
-3.74524451685 , 11.3790935758
-3.7401235604 , 4.8768226684
-3.73500260395 , 1.23704584742
-3.7298816475 , 0.185718070986
-3.72476069105 , 0.0165022084632
-3.7196397346 , 0.000867859677261
-3.71451877815 , 2.70132282762e-05
-3.70939782169 , 4.97648848277e-07
-3.70427686524 , 5.42611575845e-09
-3.69915590879 , 3.50166538135e-11
-3.69403495234 , 1.33759960702e-13
-3.68891399589 , 9.00267729891e-15
-3.68379303944 , 3.13746516444e-12
-3.67867208299 , 6.69649978893e-10
-3.67355112653 , 8.45968360271e-08
-3.66843017008 , 6.32600877935e-06
-3.66330921363 , 0.000280069671086
-3.65818825718 , 0.00734550181546
-3.65306730073 , 0.114321014323
-3.64794634428 , 1.06077556592
-3.64282538783 , 5.94415485152
-3.63770443138 , 20.7834955282
-3.63258347492 , 48.6053556423
-3.62746251847 , 83.7145798763
-3.62234156202 , 110.624703972
-3.61722060557 , 105.025789623
-3.61209964912 , 65.196966811
-3.60697869267 , 24.9611446815
-3.60185773622 , 5.74405021091
-3.59673677976 , 0.786690169475
-3.59161582331 , 0.0638947969545
-3.58649486686 , 0.00307361675249
-3.58137391041 , 8.75307306903e-05
-3.57625295396 , 1.47546508477e-06
-3.57113199751 , 1.47207697409e-08
-3.56601104106 , 8.69274070809e-11
-3.56089008461 , 3.03811726765e-13
-3.55576912815 , 6.2845310811e-16
-3.5506481717 , 7.69416307555e-19
-3.54552721525 , 5.57532163382e-22
-3.5404062588 , 2.39110391699e-25
-3.53528530235 , 6.06941654503e-29
-3.5301643459 , 9.11833259128e-33
-3.52504338945 , 8.13257907461e-36
-3.51992243299 , 7.35041547515e-32
-3.51480147654 , 4.3675279244e-28
-3.50968052009 , 1.5359585541e-24
-3.50455956364 , 3.19700493502e-21
-3.49943860719 , 3.93846617334e-18
-3.49431765074 , 2.87164623123e-15
-3.48919669429 , 1.23923810001e-12
-3.48407573784 , 3.16518123359e-10
-3.47895478138 , 4.78478481932e-08
-3.47383382493 , 4.28101003324e-06
-3.46871286848 , 0.000226699250796
-3.46359191203 , 0.00710516109866
-3.45847095558 , 0.131800718987
-3.45334999913 , 1.44704366161
-3.44822904268 , 9.40297967283
-3.44310808622 , 36.1634092034
-3.43798712977 , 82.3177024853
-3.43286617332 , 110.901423973
-3.42774521687 , 88.4302823314
-3.42262426042 , 41.7335095651
-3.41750330397 , 11.6570541165
-3.41238234752 , 1.9271385706
-3.40726139107 , 0.188622912669
-3.40214043461 , 0.0130987544003
-3.39701947816 , 0.0473269635309
-3.39189852171 , 0.598863059877
-3.38677756526 , 4.52067849868
-3.38165660881 , 20.1978498915
-3.37653565236 , 53.4104946042
-3.37141469591 , 83.5926305262
-3.36629373945 , 77.4335761978
-3.361172783 , 42.4532142921
-3.35605182655 , 13.7756550406
-3.3509308701 , 2.64628656393
-3.34580991365 , 0.315957947787
-3.3406889572 , 0.236935428064
-3.33556800075 , 1.82577323975
-3.3304470443 , 9.09629862731
-3.32532608784 , 26.8344098224
-3.32020513139 , 46.8532683779
-3.31508417494 , 48.4180557947
-3.30996321849 , 29.6138183809
-3.30484226204 , 10.7201553297
-3.29972130559 , 2.29682297628
-3.29460034914 , 0.29130148603
-3.28947939268 , 0.0232880978169
-3.28435843623 , 0.026901436234
-3.27923747978 , 0.27857734574
-3.27411652333 , 1.77101404245
-3.26899556688 , 6.66434368453
-3.26387461043 , 14.8426836281
-3.25875365398 , 19.5653239132
-3.25363269753 , 15.2644521085
-3.24851174107 , 7.04847178788
-3.24339078462 , 1.92631930764
-3.23826982817 , 0.31158831036
-3.23314887172 , 0.0298300239098
-3.22802791527 , 0.0016902292516
-3.22290695882 , 5.66835696535e-05
-3.21778600237 , 1.12509277971e-06
-3.21266504592 , 1.32171874629e-08
-3.20754408946 , 9.18986940732e-11
-3.20242313301 , 3.79589078979e-13
-3.19730217656 , 4.93654233918e-13
-3.19218122011 , 1.02017172165e-10
-3.18706026366 , 1.25012754184e-08
-3.18193930721 , 9.06681820215e-07
-3.17681835076 , 3.89201969163e-05
-3.1716973943 , 0.000988814181903
-3.16657643785 , 0.014868730193
-3.1614554814 , 0.132328262972
-3.15633452495 , 0.697029050994
-3.1512135685 , 2.17304481617
-3.14609261205 , 4.00964592669
-3.1409716556 , 4.3788785596
-3.13585069915 , 2.8303445988
-3.13072974269 , 1.08276763335
-3.12560878624 , 0.245160643207
-3.12048782979 , 0.0328538126061
-3.11536687334 , 0.00260579553622
-3.11024591689 , 0.000122324776947
-3.10512496044 , 3.39866270493e-06
-3.10000400399 , 5.58883432654e-08
-3.09488304753 , 5.43943688895e-10
-3.08976209108 , 3.13333034943e-12
-3.08464113463 , 1.06826245489e-14
-3.07952017818 , 2.15563354918e-17
-3.07439922173 , 3.62023014891e-19
-3.06927826528 , 2.38538914591e-16
-3.06415730883 , 1.00147131145e-13
-3.05903635238 , 2.4884984446e-11
-3.05391539592 , 3.65978681366e-09
-3.04879443947 , 3.18561843581e-07
-3.04367348302 , 1.64116133883e-05
-3.03855252657 , 0.000500412734254
-3.03343157012 , 0.00903077416082
-3.02831061367 , 0.0964586466055
-3.02318965722 , 0.609785229037
-3.01806870076 , 2.28156155255
-3.01294774431 , 5.05250826949
-3.00782678786 , 6.62218683925
-3.00270583141 , 5.13706877696
-2.99758487496 , 2.35857061956
-2.99246391851 , 0.640917222435
-2.98734296206 , 0.103080033999
-2.98222200561 , 0.00981220736947
-2.97710104915 , 0.000552813240513
-2.9719800927 , 1.843358086e-05
-2.96685913625 , 3.63798189954e-07
-2.9617381798 , 4.24943228506e-09
-2.95661722335 , 2.93779066095e-11
-2.9514962669 , 1.20207158778e-13
-2.94637531045 , 2.91111507111e-16
-2.94125435399 , 4.17863706366e-19
-2.93613339754 , 7.51885407905e-19
-2.93101244109 , 5.5478742915e-16
-2.92589148464 , 2.42396091072e-13
-2.92077052819 , 6.26821881789e-11
-2.91564957174 , 9.59361359681e-09
-2.91052861529 , 8.6904013191e-07
-2.90540765884 , 4.65926036088e-05
-2.90028670238 , 0.00147847391882
-2.89516574593 , 0.0277670619899
-2.89004478948 , 0.308649838678
-2.88492383303 , 2.03060077821
-2.87980287658 , 7.90728175483
-2.87468192013 , 18.2332286701
-2.86956096368 , 24.9905795016
-2.86444000722 , 21.0206790264
-2.85931905077 , 13.5585316534
-2.85419809432 , 12.4779746202
-2.84907713787 , 14.6699328696
-2.84395618142 , 12.2920293753
-2.83883522497 , 6.24720714869
-2.83371426852 , 1.88457566181
-2.82859331207 , 0.336592478088
-2.82347235561 , 0.035582082684
-2.81835139916 , 0.00222628029173
-2.81323044271 , 8.24419314441e-05
-2.80810948626 , 1.80690832885e-06
-2.80298852981 , 2.34392496774e-08
-2.79786757336 , 1.79957897961e-10
-2.79274661691 , 8.17744701403e-13
-2.78762566045 , 2.19929854334e-15
-2.782504704 , 3.5008238177e-18
-2.77738374755 , 3.29823464287e-21
-2.7722627911 , 1.06207959771e-22
-2.76714183465 , 1.51462137321e-19
-2.7620208782 , 1.30093882345e-16
-2.75689992175 , 6.61347033939e-14
-2.7517789653 , 1.98985641008e-11
-2.74665800884 , 3.54351320221e-09
-2.74153705239 , 3.73479783917e-07
-2.73641609594 , 2.32982689636e-05
-2.73129513949 , 0.000860229287969
-2.72617418304 , 0.0188008899919
-2.72105322659 , 0.243313071717
-2.71593227014 , 1.86696745914
-2.71081131368 , 8.53473973056
-2.70569035723 , 23.6577214502
-2.70056940078 , 42.1677173127
-2.69544844433 , 55.9802938263
-2.69032748788 , 65.4454430747
-2.68520653143 , 64.1247295107
-2.68008557498 , 43.767002267
-2.67496461853 , 18.6406969966
-2.66984366207 , 4.76941382988
-2.66472270562 , 0.725155185906
-2.65960174917 , 0.0653252232406
-2.65448079272 , 0.00348396491963
-2.64935983627 , 0.000109981336718
-2.64423887982 , 2.05490872463e-06
-2.63911792337 , 2.27241699151e-08
-2.63399696691 , 1.48731781434e-10
-2.62887601046 , 5.76155010759e-13
-2.62375505401 , 1.32097500363e-15
-2.61863409756 , 1.79254273194e-18
-2.61351314111 , 1.43967375729e-21
-2.60839218466 , 6.84350060321e-25
-2.60327122821 , 1.92536104906e-28
-2.59815027176 , 3.20601614857e-32
-2.5930293153 , 3.15981723645e-36
-2.58790835885 , 3.52287422075e-40
-2.5827874024 , 1.72074699933e-40
-2.57766644595 , 7.68441857642e-38
-2.5725454895 , 9.42988162551e-34
-2.56742453305 , 6.86394212859e-30
-2.5623035766 , 2.9570636408e-26
-2.55718262014 , 7.5399304155e-23
-2.55206166369 , 1.13787252942e-19
-2.54694070724 , 1.0163411179e-16
-2.54181975079 , 5.37285336199e-14
-2.53669879434 , 1.68108660579e-11
-2.53157783789 , 3.11311236455e-09
-2.52645688144 , 3.41207927813e-07
-2.52133592499 , 2.21341596705e-05
-2.51621496853 , 0.000849819265129
-2.51109401208 , 0.0193112201214
-2.50597305563 , 0.259724228379
-2.50085209918 , 2.06744908751
-2.49573114273 , 9.74039997197
-2.49061018628 , 27.1605378831
-2.48548922983 , 44.8249228154
-2.48036827337 , 43.7844947795
-2.47524731692 , 25.312832402
-2.47012636047 , 8.6612535603
-2.46500540402 , 1.75404357672
-2.45988444757 , 0.210244782626
-2.45476349112 , 0.0150485344633
-2.44964253467 , 0.00450749664033
-2.44452157822 , 0.0667013879939
-2.43940062176 , 0.678131504408
-2.43427966531 , 4.0814428621
-2.42915870886 , 14.538961292
-2.42403775241 , 30.6530037402
-2.41891679596 , 38.2509105355
-2.41379583951 , 28.2702026238
-2.40867488306 , 12.6369142636
-2.4035539266 , 5.57355676916
-2.39843297015 , 12.0963175081
-2.3933120137 , 33.563896417
-2.38819105725 , 57.2940394893
-2.3830701008 , 57.9568834311
-2.37794914435 , 34.7006410873
-2.3728281879 , 12.2967540395
-2.36770723145 , 2.57907204347
-2.36258627499 , 0.320152166456
-2.35746531854 , 0.0235217375383
-2.35234436209 , 0.00102282736354
-2.34722340564 , 2.63242047817e-05
-2.34210244919 , 4.00985037454e-07
-2.33698149274 , 3.6151061914e-09
-2.33186053629 , 1.92900758516e-11
-2.32673957983 , 6.09209682248e-14
-2.32161862338 , 1.13872706818e-16
-2.31649766693 , 1.25977352523e-19
-2.31137671048 , 8.24956826312e-23
-2.30625575403 , 2.29767095941e-23
-2.30113479758 , 3.57206716301e-20
-2.29601384113 , 3.29136141284e-17
-2.29089288468 , 1.79494467576e-14
-2.28577192822 , 5.79356785302e-12
-2.28065097177 , 1.10677837445e-09
-2.27553001532 , 1.25139601735e-07
-2.27040905887 , 8.37429795207e-06
-2.26528810242 , 0.000331681757216
-2.26016714597 , 0.00777524887431
-2.25504618952 , 0.107876425866
-2.24992523306 , 0.885846218724
-2.24480427661 , 4.30536185714
-2.23968332016 , 12.3845582085
-2.23456236371 , 21.0848693885
-2.22944140726 , 21.2461795853
-2.22432045081 , 12.6709833024
-2.21919949436 , 4.47259474742
-2.21407853791 , 0.934500746478
-2.20895758145 , 0.11869767801
-2.203836625 , 0.0615647897648
-2.19871566855 , 0.528321851468
-2.1935947121 , 3.10629509441
-2.18847375565 , 10.8169528505
-2.1833527992 , 22.294001407
-2.17823184275 , 27.1951182855
-2.17311088629 , 19.6348749123
-2.16798992984 , 8.4053808603
-2.16286897339 , 2.32830987174
-2.15774801694 , 1.94276730124
-2.15262706049 , 7.59971681943
-2.14750610404 , 20.8798896881
-2.14238514759 , 34.0744385193
-2.13726419114 , 32.9138197546
-2.13214323468 , 18.8168950621
-2.12702227823 , 6.36703425896
-2.12190132178 , 1.27510499547
-2.11678036533 , 0.151138199534
-2.11165940888 , 0.01060283683
-2.10653845243 , 0.000440239947752
-2.10141749598 , 1.08187318127e-05
-2.09629653952 , 1.57355815695e-07
-2.09117558307 , 1.35459284908e-09
-2.08605462662 , 6.90167167476e-12
-2.08093367017 , 2.0812265067e-14
-2.07581271372 , 3.71453058204e-17
-2.07069175727 , 3.92381085837e-20
-2.06557080082 , 2.45319306138e-23
-2.06044984437 , 9.07768121217e-27
-2.05532888791 , 1.98809742778e-30
-2.05020793146 , 2.57703442831e-34
-2.04508697501 , 1.99394998705e-38
-2.03996601856 , 1.70145317023e-40
-2.03484506211 , 1.70145317023e-40
-2.02972410566 , 1.70145317023e-40
-2.02460314921 , 1.70145317023e-40
-2.01948219275 , 1.70145317023e-40
-2.0143612363 , 1.70145317023e-40
-2.00924027985 , 1.70145317023e-40
-2.0041193234 , 1.70145317023e-40
-1.99899836695 , 1.70145317023e-40
-1.9938774105 , 1.70145317023e-40
-1.98875645405 , 1.70145317023e-40
-1.9836354976 , 1.70145317023e-40
-1.97851454114 , 1.70145317023e-40
-1.97339358469 , 1.70145317023e-40
-1.96827262824 , 1.70145317023e-40
-1.96315167179 , 1.70145317023e-40
-1.95803071534 , 1.70145340894e-40
-1.95290975889 , 1.70611614517e-40
-1.94778880244 , 5.28253450532e-39
-1.94266784598 , 3.3174568811e-35
-1.93754688953 , 1.27409481434e-31
-1.93242593308 , 2.89614280303e-28
-1.92730497663 , 3.89634795396e-25
-1.92218402018 , 3.10252315511e-22
-1.91706306373 , 1.46214978908e-19
-1.91194210728 , 4.07838515208e-17
-1.90682115083 , 6.7329307039e-15
-1.90170019437 , 6.57869252682e-13
-1.89657923792 , 3.80447355601e-11
-1.89145828147 , 1.30217420234e-09
-1.88633732502 , 2.63792923627e-08
-1.88121636857 , 3.16283642553e-07
-1.87609541212 , 2.24444960723e-06
-1.87097445567 , 9.42676157235e-06
-1.86585349921 , 2.34333685583e-05
-1.86073254276 , 3.44767611448e-05
-1.85561158631 , 3.00218695553e-05
-1.85049062986 , 1.54727868827e-05
-1.84536967341 , 4.71974886235e-06
-1.84024871696 , 8.5209648493e-07
-1.83512776051 , 9.1049631753e-08
-1.83000680406 , 5.75820536892e-09
-1.8248858476 , 2.15533927698e-10
-1.81976489115 , 4.7748933173e-12
-1.8146439347 , 6.26082030526e-14
-1.80952297825 , 4.85868050551e-16
