Ef: -4.97713122026
-12.0514358809 , 4.35396975574e-13
-12.0463149245 , 5.6104578649e-11
-12.041193968 , 4.27888622575e-09
-12.0360730116 , 1.93144661697e-07
-12.0309520551 , 5.16005363908e-06
-12.0258310987 , 8.15915643093e-05
-12.0207101422 , 0.000763582277153
-12.0155891858 , 0.00422947007486
-12.0104682293 , 0.0138655023824
-12.0053472729 , 0.0269032532405
-12.0002263164 , 0.0308953789264
-11.9951053599 , 0.0209991535484
-11.9899844035 , 0.00844752700534
-11.984863447 , 0.00201130033084
-11.9797424906 , 0.000283428682406
-11.9746215341 , 2.36390602335e-05
-11.9695005777 , 1.16690675324e-06
-11.9643796212 , 3.40927187548e-08
-11.9592586648 , 5.89531010768e-10
-11.9541377083 , 6.03352630803e-12
-11.9490167519 , 3.65473004128e-14
-11.9438957954 , 1.31026437174e-16
-11.938774839 , 2.78023878469e-19
-11.9336538825 , 3.4916025308e-22
-11.9285329261 , 2.59529684209e-25
-11.9234119696 , 1.14174419865e-28
-11.9182910132 , 2.97283045968e-32
-11.9131700567 , 4.5824660462e-36
-11.9080491003 , 1.5602560264e-39
-11.9029281438 , 1.14241804607e-39
-11.8978071874 , 1.14239665483e-39
-11.8926862309 , 1.14239665483e-39
-11.8875652745 , 1.14239665483e-39
-11.882444318 , 1.14239665483e-39
-11.8773233616 , 1.14239665483e-39
-11.8722024051 , 1.14239665483e-39
-11.8670814487 , 1.14239665483e-39
-11.8619604922 , 1.14239665483e-39
-11.8568395358 , 1.14239665483e-39
-11.8517185793 , 1.15676528358e-39
-11.8465976229 , 2.09081515958e-37
-11.8414766664 , 1.78022147595e-33
-11.83635571 , 9.02053698013e-30
-11.8312347535 , 2.70527934217e-26
-11.8261137971 , 4.8018980148e-23
-11.8209928406 , 5.04469412222e-20
-11.8158718842 , 3.13673504099e-17
-11.8107509277 , 1.15436173646e-14
-11.8056299712 , 2.51435792224e-12
-11.8005090148 , 3.24140552014e-10
-11.7953880583 , 2.47320846505e-08
-11.7902671019 , 1.11688683187e-06
-11.7851461454 , 2.98523624659e-05
-11.780025189 , 0.000472247133708
-11.7749042325 , 0.00442161621141
-11.7697832761 , 0.0245026945152
-11.7646623196 , 0.0803651455107
-11.7595413632 , 0.156006507027
-11.7544204067 , 0.179241586191
-11.7492994503 , 0.121886591183
-11.7441784938 , 0.0490562301847
-11.7390575374 , 0.0116856667627
-11.7339365809 , 0.00164753219622
-11.7288156245 , 0.000137478697642
-11.723694668 , 6.78981582407e-06
-11.7185737116 , 1.98473105071e-07
-11.7134527551 , 3.43373218634e-09
-11.7083317987 , 3.51602746841e-11
-11.7032108422 , 2.13088093363e-13
-11.6980898858 , 7.64341062458e-16
-11.6929689293 , 1.62269270385e-18
-11.6878479729 , 2.03894944802e-21
-11.6827270164 , 1.51634392656e-24
-11.67760606 , 6.67436658387e-28
-11.6724851035 , 1.73877537574e-31
-11.6673641471 , 2.68112144889e-35
-11.6622431906 , 3.5890495784e-39
-11.6571222342 , 1.1425220403e-39
-11.6520012777 , 1.14239665483e-39
-11.6468803213 , 1.14239665483e-39
-11.6417593648 , 1.14239665483e-39
-11.6366384084 , 1.14239665483e-39
-11.6315174519 , 1.14239665483e-39
-11.6263964955 , 1.14239665483e-39
-11.621275539 , 1.14239665483e-39
-11.6161545826 , 1.14239665483e-39
-11.6110336261 , 1.14239665483e-39
-11.6059126696 , 1.14239665483e-39
-11.6007917132 , 1.14239665483e-39
-11.5956707567 , 1.14239665483e-39
-11.5905498003 , 1.14239665483e-39
-11.5854288438 , 1.14239665483e-39
-11.5803078874 , 1.14239665483e-39
-11.5751869309 , 1.14239665483e-39
-11.5700659745 , 1.14239665483e-39
-11.564945018 , 1.14239665483e-39
-11.5598240616 , 1.14239665483e-39
-11.5547031051 , 1.14239665483e-39
-11.5495821487 , 1.14239665483e-39
-11.5444611922 , 1.16659669582e-39
-11.5393402358 , 3.90613622283e-37
-11.5342192793 , 3.69756868343e-33
-11.5290983229 , 2.07767283274e-29
-11.5239773664 , 6.90969062195e-26
-11.51885641 , 1.36006742755e-22
-11.5137354535 , 1.58446508126e-19
-11.5086144971 , 1.0925096975e-16
-11.5034935406 , 4.45849540703e-14
-11.4983725842 , 1.07689098458e-11
-11.4932516277 , 1.53948532401e-09
-11.4881306713 , 1.30256606343e-07
-11.4830097148 , 6.5229546427e-06
-11.4778887584 , 0.000193334496485
-11.4727678019 , 0.00339152277455
-11.4676468455 , 0.0352127964764
-11.462525889 , 0.216384768826
-11.4574049326 , 0.786997315879
-11.4522839761 , 1.69410453983
-11.4471630197 , 2.15837823439
-11.4420420632 , 1.62755356416
-11.4369211068 , 0.726379232291
-11.4318001503 , 0.191872148117
-11.4266791939 , 0.0299972088428
-11.4215582374 , 0.00277568478874
-11.4164372809 , 0.000152012686217
-11.4113163245 , 4.9273102727e-06
-11.406195368 , 9.45279798064e-08
-11.4010744116 , 1.07332496447e-09
-11.3959534551 , 7.21310863328e-12
-11.3908324987 , 2.86902348189e-14
-11.3857115422 , 6.75407874833e-17
-11.3805905858 , 9.41062621848e-20
-11.3754696293 , 7.76052879323e-23
-11.3703486729 , 3.78777777402e-26
-11.3652277164 , 1.09420338508e-29
-11.36010676 , 1.87082113329e-33
-11.3549858035 , 1.90457887074e-37
-11.3498648471 , 1.15365497287e-39
-11.3447438906 , 1.14239665483e-39
-11.3396229342 , 1.14239665483e-39
-11.3345019777 , 1.14239665483e-39
-11.3293810213 , 1.14239665483e-39
-11.3242600648 , 1.14239665483e-39
-11.3191391084 , 1.1424939465e-39
-11.3140181519 , 4.2218255385e-39
-11.3088971955 , 3.72942363315e-35
-11.303776239 , 2.67299931548e-31
-11.2986552826 , 1.13393712247e-27
-11.2935343261 , 2.84707428401e-24
-11.2884133697 , 4.23085675511e-21
-11.2832924132 , 3.72115313079e-18
-11.2781714568 , 1.93707510885e-15
-11.2730505003 , 5.96808605263e-13
-11.2679295439 , 1.08828687163e-10
-11.2628085874 , 1.17454970868e-08
-11.257687631 , 7.5027264182e-07
-11.2525666745 , 2.83652435696e-05
-11.2474457181 , 0.000634707487345
-11.2423247616 , 0.008405826535
-11.2372038052 , 0.0658880907707
-11.2320828487 , 0.305670213731
-11.2269618922 , 0.839303464268
-11.2218409358 , 1.36396934092
-11.2167199793 , 1.31192769098
-11.2115990229 , 0.746852585021
-11.2064780664 , 0.251640160822
-11.20135711 , 0.0501922128791
-11.1962361535 , 0.00622812451268
-11.1911151971 , 0.0055813323762
-11.1859942406 , 0.0517840447366
-11.1808732842 , 0.306928479088
-11.1757523277 , 1.07706086935
-11.1706313713 , 2.23698685633
-11.1655104148 , 2.74983196396
-11.1603894584 , 2.00063755083
-11.1552685019 , 0.861489944666
-11.1501475455 , 0.219559152642
-11.145026589 , 0.0331186340139
-11.1399056326 , 0.00295673786031
-11.1347846761 , 0.000156232997564
-11.1296637197 , 4.885986302e-06
-11.1245427632 , 9.04380649268e-08
-11.1194218068 , 9.90763079009e-10
-11.1143008503 , 6.42403507564e-12
-11.1091798939 , 2.46527589654e-14
-11.1040589374 , 5.59941546111e-17
-11.098937981 , 7.52730287987e-20
-11.0938170245 , 5.98901812016e-23
-11.0886960681 , 2.82027462176e-26
-11.0835751116 , 7.86043731065e-30
-11.0784541552 , 1.29664752818e-33
-11.0733331987 , 1.27737114168e-37
-11.0682122423 , 1.14960931603e-39
-11.0630912858 , 1.14239665483e-39
-11.0579703294 , 1.14239665483e-39
-11.0528493729 , 1.14239665483e-39
-11.0477284165 , 1.14239665483e-39
-11.04260746 , 1.14239665483e-39
-11.0374865035 , 1.14239665483e-39
-11.0323655471 , 1.14239665483e-39
-11.0272445906 , 1.14239665483e-39
-11.0221236342 , 1.14239665483e-39
-11.0170026777 , 1.14239665483e-39
-11.0118817213 , 1.14239665483e-39
-11.0067607648 , 1.14239665483e-39
-11.0016398084 , 1.14239665483e-39
-10.9965188519 , 1.14239665483e-39
-10.9913978955 , 1.14239665483e-39
-10.986276939 , 1.14239665483e-39
-10.9811559826 , 1.14239665483e-39
-10.9760350261 , 1.14239665483e-39
-10.9709140697 , 1.14604328548e-39
-10.9657931132 , 7.87380271811e-38
-10.9606721568 , 8.80103497988e-34
-10.9555512003 , 5.90808252422e-30
-10.9504302439 , 2.34735960742e-26
-10.9453092874 , 5.51991520598e-23
-10.940188331 , 7.68254106896e-20
-10.9350673745 , 6.32844601402e-17
-10.9299464181 , 3.08538222711e-14
-10.9248254616 , 8.90308607495e-12
-10.9197045052 , 1.52051908463e-09
-10.9145835487 , 1.53696112744e-07
-10.9094625923 , 9.19503943548e-06
-10.9043416358 , 0.000325584718888
-10.8992206794 , 0.00682329479531
-10.8940997229 , 0.0846338234545
-10.8889787665 , 0.621317365097
-10.88385781 , 2.69962057096
-10.8787368536 , 6.94243346812
-10.8736158971 , 10.5667638811
-10.8684949407 , 9.51997817923
-10.8633739842 , 5.09067607193
-10.8582530278 , 1.73757049814
-10.8531320713 , 1.00843972293
-10.8480111149 , 2.22254452209
-10.8428901584 , 4.0021815478
-10.8377692019 , 4.32525220519
-10.8326482455 , 2.76798798786
-10.827527289 , 1.04844246686
-10.8224063326 , 0.235041799834
-10.8172853761 , 0.0311864134736
-10.8121644197 , 0.00244909470585
-10.8070434632 , 0.000113832490181
-10.8019225068 , 3.15163440366e-06
-10.7968015503 , 1.37991984842e-06
-10.7916805939 , 5.17834447936e-05
-10.7865596374 , 0.00119423440253
-10.781438681 , 0.0163009108829
-10.7763177245 , 0.131690275449
-10.7711967681 , 0.629673006012
-10.7660758116 , 1.78195191908
-10.7609548552 , 2.98467071458
-10.7558338987 , 2.95880540652
-10.7507129423 , 1.73602477783
-10.7455919858 , 0.602857921531
-10.7404710294 , 0.123906349171
-10.7353500729 , 0.0150727219103
-10.7302291165 , 0.0010851989097
-10.72510816 , 4.62430581907e-05
-10.7199872036 , 1.16628122122e-06
-10.7148662471 , 1.7409229677e-08
-10.7097452907 , 1.53806738672e-10
-10.7046243342 , 8.04249331517e-13
-10.6995033778 , 2.4890039758e-15
-10.6943824213 , 4.55915251019e-18
-10.6892614649 , 6.80074689758e-20
-10.6841405084 , 5.45366914454e-17
-10.679019552 , 2.79131896405e-14
-10.6738985955 , 8.45570314864e-12
-10.6687776391 , 1.51603611558e-09
-10.6636566826 , 1.60875135001e-07
-10.6585357262 , 1.01038725403e-05
-10.6534147697 , 0.000375583367234
-10.6482938132 , 0.00826312649357
-10.6431728568 , 0.107597457339
-10.6380519003 , 0.829237958173
-10.6329309439 , 3.78247351955
-10.6278099874 , 10.211561954
-10.622689031 , 16.3165379149
-10.6175680745 , 15.4306211964
-10.6124471181 , 8.63690938311
-10.6073261616 , 2.86123068401
-10.6022052052 , 0.561005271478
-10.5970842487 , 0.0651029349957
-10.5919632923 , 0.00447150531769
-10.5868423358 , 0.000181771793658
-10.5817213794 , 4.37339587948e-06
-10.5766004229 , 6.22774250539e-08
-10.5714794665 , 5.24882461819e-10
-10.56635851 , 2.61826158137e-12
-10.5612375536 , 7.73007241442e-15
-10.5561165971 , 1.35074587236e-17
-10.5509956407 , 1.39695782086e-20
-10.5458746842 , 8.55091314851e-24
-10.5407537278 , 3.09785620402e-27
-10.5356327713 , 6.64246955752e-31
-10.5305118149 , 8.42991758716e-35
-10.5253908584 , 1.39331017493e-38
-10.520269902 , 8.4603379027e-35
-10.5151489455 , 6.55764156324e-31
-10.5100279891 , 3.00838271335e-27
-10.5049070326 , 8.16842035137e-24
-10.4997860762 , 1.31269144997e-20
-10.4946651197 , 1.24855252716e-17
-10.4895441633 , 7.02862807923e-15
-10.4844232068 , 2.34182205572e-12
-10.4793022504 , 4.61803057918e-10
-10.4741812939 , 5.38988253424e-08
-10.4690603375 , 3.72324298593e-06
-10.463939381 , 0.000152223969697
-10.4588184245 , 0.00368353066911
-10.4536974681 , 0.0527551813922
-10.4485765116 , 0.447183257769
-10.4434555552 , 2.24349729284
-10.4383345987 , 6.66170622813
-10.4332136423 , 11.7077062051
-10.4280926858 , 12.1820195744
-10.4229717294 , 7.5528388345
-10.4178507729 , 3.15430218795
-10.4127298165 , 2.47925276032
-10.40760886 , 5.07815815421
-10.4024879036 , 7.85057253502
-10.3973669471 , 7.38518475058
-10.3922459907 , 4.98031138023
-10.3871250342 , 6.1954193122
-10.3820040778 , 14.7058513111
-10.3768831213 , 26.0393290102
-10.3717621649 , 29.9844588991
-10.3666412084 , 24.3652389682
-10.361520252 , 15.5532743541
-10.3563992955 , 8.92305999817
-10.3512783391 , 8.76526096908
-10.3461573826 , 16.5800526545
-10.3410364262 , 25.9307140809
-10.3359154697 , 26.8331252082
-10.3307945133 , 18.0683023839
-10.3256735568 , 7.84012828773
-10.3205526004 , 2.15106211771
-10.3154316439 , 0.367789578721
-10.3103106875 , 0.0817352583745
-10.305189731 , 0.477187190516
-10.3000687746 , 3.03604073568
-10.2949478181 , 11.4888295759
-10.2898268617 , 25.7378182828
-10.2847059052 , 34.1962258005
-10.2795849488 , 27.4026892233
-10.2744639923 , 15.2049996858
-10.2693430359 , 10.5276956161
-10.2642220794 , 11.3302226773
-10.2591011229 , 9.71404754099
-10.2539801665 , 5.12952381161
-10.24885921 , 1.61023348214
-10.2437382536 , 0.300185546136
-10.2386172971 , 0.0526570591974
-10.2334963407 , 0.266588990497
-10.2283753842 , 2.12724657027
-10.2232544278 , 10.2926525301
-10.2181334713 , 30.0306033025
-10.2130125149 , 52.9531822037
-10.2078915584 , 56.5943870348
-10.202770602 , 37.1885481832
-10.1976496455 , 16.9679656087
-10.1925286891 , 9.64416443771
-10.1874077326 , 9.14548779635
-10.1822867762 , 7.13401673232
-10.1771658197 , 3.43924239897
-10.1720448633 , 0.985922367364
-10.1669239068 , 0.167745596952
-10.1618029504 , 0.0263670679297
-10.1566819939 , 0.141140169571
-10.1515610375 , 1.22177144864
-10.146440081 , 6.35813465936
-10.1413191246 , 19.9437145781
-10.1361981681 , 38.4265447431
-10.1310772117 , 46.9914740789
-10.1259562552 , 38.1049417578
-10.1208352988 , 21.2041945926
-10.1157143423 , 8.08126220781
-10.1105933859 , 2.03374985481
-10.1054724294 , 0.323647190996
-10.100351473 , 0.0315637743853
-10.0952305165 , 0.00185309831803
-10.0901095601 , 6.49062580534e-05
-10.0849886036 , 1.35047836211e-06
-10.0798676472 , 1.66591469275e-08
-10.0747466907 , 2.77501028587e-10
-10.0696257342 , 2.23782620344e-08
-10.0645047778 , 1.90246396981e-06
-10.0593838213 , 9.57274428164e-05
-10.0542628649 , 0.00285086196032
-10.0491419084 , 0.0502499501048
-10.044020952 , 0.524221464584
-10.0388999955 , 3.23678427102
-10.0337790391 , 11.828607883
-10.0286580826 , 25.5854027801
-10.0235371262 , 32.7770499071
-10.0184161697 , 25.1222284477
-10.0132952133 , 13.3187704739
-10.0081742568 , 12.3560526698
-10.0030533004 , 25.4592760156
-9.99793234393 , 43.7744481606
-9.99281138748 , 55.6174952609
-9.98769043103 , 56.1973697168
-9.98256947458 , 45.98370016
-9.97744851812 , 31.6310405806
-9.97232756167 , 23.9598918807
-9.96720660522 , 25.6023981745
-9.96208564877 , 32.6402065389
-9.95696469232 , 52.6438000412
-9.95184373587 , 90.5922920921
-9.94672277942 , 120.225876249
-9.94160182296 , 116.530181303
-9.93648086651 , 87.270871254
-9.93135991006 , 53.0902226092
-9.92623895361 , 37.541831243
-9.92111799716 , 52.1076336531
-9.91599704071 , 78.0513996372
-9.91087608426 , 86.8884635951
-9.90575512781 , 72.9885453755
-9.90063417135 , 48.5384272742
-9.8955132149 , 24.5952837522
-9.89039225845 , 8.65156161272
-9.885271302 , 2.27398155099
-9.88015034555 , 2.35075313701
-9.8750293891 , 7.49043552252
-9.86990843265 , 15.8242036953
-9.86478747619 , 19.8408501174
-9.85966651974 , 14.7246875726
-9.85454556329 , 6.4677330132
-9.84942460684 , 1.68142649012
-9.84430365039 , 0.258763617815
-9.83918269394 , 0.0249341306646
-9.83406173749 , 0.0245495322096
-9.82894078104 , 0.233575946755
-9.82381982458 , 1.38667498261
-9.81869886813 , 4.87591789764
-9.81357791168 , 10.2015337371
-9.80845695523 , 13.2832568758
-9.80333599878 , 14.9571651205
-9.79821504233 , 29.9256349722
-9.79309408588 , 72.1199388353
-9.78797312942 , 121.652923535
-9.78285217297 , 131.612556918
-9.77773121652 , 94.0017046469
-9.77261026007 , 53.7261470852
-9.76748930362 , 38.8846671585
-9.76236834717 , 33.2058166633
-9.75724739072 , 20.7516913181
-9.75212643427 , 7.9733766667
-9.74700547781 , 1.82436317822
-9.74188452136 , 0.248591707419
-9.73676356491 , 0.0515166099495
-9.73164260846 , 0.462883848511
-9.72652165201 , 4.03884483322
-9.72140069556 , 21.2235611641
-9.71627973911 , 67.2176890182
-9.71115878265 , 128.660704555
-9.7060378262 , 149.210736203
-9.70091686975 , 105.252922264
-9.6957959133 , 46.9962056112
-9.69067495685 , 21.6455945204
-9.6855540004 , 29.6365656379
-9.68043304395 , 45.9555508097
-9.6753120875 , 45.2170383942
-9.67019113104 , 30.574392913
-9.66507017459 , 29.3989272798
-9.65994921814 , 53.6108541242
-9.65482826169 , 78.761111093
-9.64970730524 , 74.661288599
-9.64458634879 , 54.9681713176
-9.63946539234 , 51.6727601684
-9.63434443588 , 60.0833447764
-9.62922347943 , 60.9792161748
-9.62410252298 , 54.5614084344
-9.61898156653 , 41.8253276234
-9.61386061008 , 23.0071737281
-9.60873965363 , 8.00923214768
-9.60361869718 , 1.68284597092
-9.59849774073 , 0.210411938912
-9.59337678427 , 0.0155939634378
-9.58825582782 , 0.000684283100335
-9.58313487137 , 1.77738577083e-05
-9.57801391492 , 2.73641620214e-07
-9.57289295847 , 6.18556043151e-08
-9.56777200202 , 5.3352311563e-06
-9.56265104557 , 0.000284436857587
-9.55753008911 , 0.00899771363
-9.55240913266 , 0.168914091439
-9.54728817621 , 1.88230669624
-9.54216721976 , 12.4579025007
-9.53704626331 , 49.0668180965
-9.53192530686 , 115.963047809
-9.52680435041 , 170.246285332
-9.52168339396 , 175.511212292
-9.5165624375 , 162.732662083
-9.51144148105 , 146.005450313
-9.5063205246 , 100.163250676
-9.50119956815 , 43.9527113477
-9.4960786117 , 11.652980141
-9.49095765525 , 2.10903745796
-9.4858366988 , 2.5485095543
-9.48071574234 , 12.0275046884
-9.47559478589 , 35.97479833
-9.47047382944 , 64.0801947676
-9.46535287299 , 70.5441239537
-9.46023191654 , 61.48155112
-9.45511096009 , 79.1412207469
-9.44999000364 , 130.942637742
-9.44486904719 , 172.352970542
-9.43974809073 , 184.112119724
-9.43462713428 , 187.671720771
-9.42950617783 , 175.419477965
-9.42438522138 , 130.323313066
-9.41926426493 , 74.7872953159
-9.41414330848 , 34.1550451287
-9.40902235203 , 11.9098650774
-9.40390139557 , 2.87858915193
-9.39878043912 , 0.687391121384
-9.39365948267 , 1.95200208535
-9.38853852622 , 8.58185549271
-9.38341756977 , 22.7900553702
-9.37829661332 , 35.8311257736
-9.37317565687 , 33.3761273729
-9.36805470042 , 18.7956255031
-9.36293374396 , 9.00067494934
-9.35781278751 , 13.5460381754
-9.35269183106 , 30.5013947926
-9.34757087461 , 46.142951521
-9.34244991816 , 52.2113882742
-9.33732896171 , 66.2513336546
-9.33220800526 , 92.6292071328
-9.32708704881 , 95.162087252
-9.32196609235 , 61.9868614015
-9.3168451359 , 34.1247669114
-9.31172417945 , 47.2696906226
-9.306603223 , 93.6347021798
-9.30148226655 , 125.573041073
-9.2963613101 , 116.675005853
-9.29124035365 , 100.175790372
-9.28611939719 , 91.5274831943
-9.28099844074 , 67.1766577865
-9.27587748429 , 32.359261326
-9.27075652784 , 13.5926940745
-9.26563557139 , 22.0228313189
-9.26051461494 , 55.3719251128
-9.25539365849 , 88.1795281786
-9.25027270204 , 83.5626060567
-9.24515174558 , 49.2665320695
-9.24003078913 , 31.91731008
-9.23490983268 , 63.2644134486
-9.22978887623 , 130.621482236
-9.22466791978 , 166.885297133
-9.21954696333 , 127.326121828
-9.21442600688 , 61.8082880199
-9.20930505042 , 31.4091809635
-9.20418409397 , 33.509367565
-9.19906313752 , 36.7927682273
-9.19394218107 , 33.8813895279
-9.18882122462 , 47.9969865775
-9.18370026817 , 93.7630968561
-9.17857931172 , 156.334445996
-9.17345835527 , 212.305252707
-9.16833739881 , 226.644158466
-9.16321644236 , 169.52923798
-9.15809548591 , 81.0327757067
-9.15297452946 , 23.6874963616
-9.14785357301 , 4.23117000262
-9.14273261656 , 1.3247839083
-9.13761166011 , 6.55431699693
-9.13249070365 , 28.7287974898
-9.1273697472 , 77.3232583757
-9.12224879075 , 133.306989498
-9.1171278343 , 160.490009227
-9.11200687785 , 149.281318675
-9.1068859214 , 111.701893299
-9.10176496495 , 65.0831980797
-9.0966440085 , 28.2751357454
-9.09152305204 , 10.2729358521
-9.08640209559 , 10.7477094708
-9.08128113914 , 27.5307984262
-9.07616018269 , 48.8761152395
-9.07103922624 , 52.063319995
-9.06591826979 , 35.8901155953
-9.06079731334 , 31.0098721665
-9.05567635688 , 63.3140044674
-9.05055540043 , 114.970963685
-9.04543444398 , 128.218216899
-9.04031348753 , 85.1763329805
-9.03519253108 , 35.5549589233
-9.03007157463 , 17.2657217003
-9.02495061818 , 27.6849730126
-9.01982966173 , 52.0422040349
-9.01470870527 , 72.4367706427
-9.00958774882 , 80.2643245597
-9.00446679237 , 94.5093270669
-8.99934583592 , 131.040466924
-8.99422487947 , 166.800912073
-8.98910392302 , 173.959166998
-8.98398296657 , 147.89217388
-8.97886201011 , 95.898119023
-8.97374105366 , 42.8521003277
-8.96862009721 , 12.3234694164
-8.96349914076 , 2.35183126499
-8.95837818431 , 1.84104666031
-8.95325722786 , 9.98174396166
-8.94813627141 , 36.8753179203
-8.94301531496 , 82.0227372663
-8.9378943585 , 114.033368783
-8.93277340205 , 110.691134919
-8.9276524456 , 90.6069721578
-8.92253148915 , 70.5723463385
-8.9174105327 , 66.6843296886
-8.91228957625 , 112.535704933
-8.9071686198 , 199.921963443
-8.90204766334 , 243.996293702
-8.89692670689 , 190.120145231
-8.89180575044 , 102.317714676
-8.88668479399 , 56.8402879999
-8.88156383754 , 55.7440796581
-8.87644288109 , 64.0321866134
-8.87132192464 , 53.2291262458
-8.86620096819 , 27.7639774108
-8.86108001173 , 8.76822620404
-8.85595905528 , 1.80068846285
-8.85083809883 , 1.64749394258
-8.84571714238 , 8.69198334816
-8.84059618593 , 31.2315649892
-8.83547522948 , 70.2562440522
-8.83035427303 , 104.790443709
-8.82523331657 , 111.469718402
-8.82011236012 , 87.113917851
-8.81499140367 , 47.9495358113
-8.80987044722 , 19.1804578473
-8.80474949077 , 15.8302315357
-8.79962853432 , 41.4766532716
-8.79450757787 , 85.1691402169
-8.78938662142 , 112.734765025
-8.78426566496 , 103.503455244
-8.77914470851 , 79.6838832614
-8.77402375206 , 77.5324244998
-8.76890279561 , 101.641697859
-8.76378183916 , 108.902616983
-8.75866088271 , 73.9709484989
-8.75353992626 , 30.1160445287
-8.7484189698 , 7.27412132126
-8.74329801335 , 1.04039385516
-8.7381770569 , 0.0881539399522
-8.73305610045 , 0.00675339938226
-8.727935144 , 0.047624932896
-8.72281418755 , 0.582566734734
-8.7176932311 , 4.32201207328
-8.71257227465 , 19.4098738416
-8.70745131819 , 52.8634666039
-8.70233036174 , 88.0135072113
-8.69720940529 , 92.3562236029
-8.69208844884 , 67.1388611999
-8.68696749239 , 42.0192791004
-8.68184653594 , 33.9571771694
-8.67672557949 , 48.7099615495
-8.67160462303 , 74.6247463377
-8.66648366658 , 83.4053604397
-8.66136271013 , 79.3212350698
-8.65624175368 , 100.023042189
-8.65112079723 , 149.22892113
-8.64599984078 , 189.770738022
-8.64087888433 , 209.204090936
-8.63575792788 , 208.596234776
-8.63063697142 , 166.915660564
-8.62551601497 , 97.7074874369
-8.62039505852 , 52.8114096573
-8.61527410207 , 54.371817936
-8.61015314562 , 75.0689470753
-8.60503218917 , 80.8935272013
-8.59991123272 , 68.5855116569
-8.59479027626 , 47.7194463695
-8.58966931981 , 27.5919357794
-8.58454836336 , 21.2868656845
-8.57942740691 , 29.4956662137
-8.57430645046 , 37.283679194
-8.56918549401 , 35.2012292276
-8.56406453756 , 26.3144735014
-8.55894358111 , 17.2375343536
-8.55382262465 , 19.19598905
-8.5487016682 , 42.6859005858
-8.54358071175 , 74.565294938
-8.5384597553 , 80.5453653761
-8.53333879885 , 60.9733003945
-8.5282178424 , 65.1694698638
-8.52309688595 , 119.540186403
-8.51797592949 , 175.659450035
-8.51285497304 , 172.275279605
-8.50773401659 , 132.560292693
-8.50261306014 , 117.313260572
-8.49749210369 , 119.899384827
-8.49237114724 , 99.1768611304
-8.48725019079 , 71.9490277521
-8.48212923434 , 76.006535343
-8.47700827788 , 93.5403307419
-8.47188732143 , 95.3551443216
-8.46676636498 , 99.8681899945
-8.46164540853 , 118.245340019
-8.45652445208 , 115.452639446
-8.45140349563 , 75.4500934805
-8.44628253918 , 30.8774735466
-8.44116158272 , 8.03263310006
-8.43604062627 , 4.09840453057
-8.43091966982 , 15.7324314169
-8.42579871337 , 51.0006860001
-8.42067775692 , 107.697626509
-8.41555680047 , 163.912056494
-8.41043584402 , 201.737827872
-8.40531488757 , 198.280001432
-8.40019393111 , 137.931179143
-8.39507297466 , 62.4738705305
-8.38995201821 , 21.2447745735
-8.38483106176 , 14.0755539585
-8.37971010531 , 19.0238509401
-8.37458914886 , 27.2697170438
-8.36946819241 , 47.9422651072
-8.36434723595 , 81.2593236081
-8.3592262795 , 109.087846667
-8.35410532305 , 132.979039185
-8.3489843666 , 157.009232032
-8.34386341015 , 144.453895777
-8.3387424537 , 86.2116323694
-8.33362149725 , 31.2274737702
-8.3285005408 , 6.73968814172
-8.32337958434 , 0.863925836292
-8.31825862789 , 0.0971195761252
-8.31313767144 , 0.416935232923
-8.30801671499 , 3.19414388954
-8.30289575854 , 14.5849035291
-8.29777480209 , 39.4169241247
-8.29265384564 , 63.0494842656
-8.28753288918 , 59.6899766481
-8.28241193273 , 33.4521636524
-8.27729097628 , 11.2151748763
-8.27217001983 , 3.5343609242
-8.26704906338 , 9.07832818433
-8.26192810693 , 33.9813688038
-8.25680715048 , 77.3619188346
-8.25168619403 , 104.292476566
-8.24656523757 , 83.2291929974
-8.24144428112 , 39.433932059
-8.23632332467 , 11.7011802055
-8.23120236822 , 4.04737740089
-8.22608141177 , 4.28863640035
-8.22096045532 , 4.59742915071
-8.21583949887 , 3.96114024265
-8.21071854241 , 6.89906699367
-8.20559758596 , 18.665627817
-8.20047662951 , 34.6446700652
-8.19535567306 , 38.5130758008
-8.19023471661 , 25.5048318982
-8.18511376016 , 11.2248670384
-8.17999280371 , 11.104589332
-8.17487184726 , 41.306657986
-8.1697508908 , 122.624709801
-8.16462993435 , 225.217016116
-8.1595089779 , 249.851329988
-8.15438802145 , 166.508587314
-8.149267065 , 66.7390726566
-8.14414610855 , 18.1540237923
-8.1390251521 , 17.217460608
-8.13390419564 , 59.878265837
-8.12878323919 , 141.234518404
-8.12366228274 , 197.799377662
-8.11854132629 , 164.022524759
-8.11342036984 , 81.1164719292
-8.10829941339 , 28.5062962512
-8.10317845694 , 28.1333725071
-8.09805750049 , 68.4980604733
-8.09293654403 , 115.4646731
-8.08781558758 , 117.364119236
-8.08269463113 , 71.5211927987
-8.07757367468 , 26.5608223608
-8.07245271823 , 9.34707316311
-8.06733176178 , 17.1699834943
-8.06221080533 , 45.2487219436
-8.05708984887 , 77.7641242674
-8.05196889242 , 85.9800484276
-8.04684793597 , 63.6156169179
-8.04172697952 , 38.3075263362
-8.03660602307 , 39.5554122289
-8.03148506662 , 74.6988732788
-8.02636411017 , 131.566527301
-8.02124315372 , 180.044479674
-8.01612219726 , 177.659472824
-8.01100124081 , 120.433502274
-8.00588028436 , 67.68406079
-8.00075932791 , 77.9475533445
-7.99563837146 , 147.736092518
-7.99051741501 , 206.176017997
-7.98539645856 , 187.299323449
-7.9802755021 , 114.556709031
-7.97515454565 , 63.6780075577
-7.9700335892 , 69.0548290165
-7.96491263275 , 96.2165921388
-7.9597916763 , 96.5978809003
-7.95467071985 , 79.0254542715
-7.9495497634 , 77.9501292722
-7.94442880695 , 88.9974463293
-7.93930785049 , 101.466373141
-7.93418689404 , 120.103567368
-7.92906593759 , 134.967928212
-7.92394498114 , 137.03247961
-7.91882402469 , 133.650104068
-7.91370306824 , 122.820585703
-7.90858211179 , 118.670821747
-7.90346115533 , 163.296275691
-7.89834019888 , 234.674239279
-7.89321924243 , 245.018749192
-7.88809828598 , 172.401814666
-7.88297732953 , 81.7850177825
-7.87785637308 , 25.9684406924
-7.87273541663 , 5.63804285059
-7.86761446018 , 3.61640207297
-7.86249350372 , 19.231463349
-7.85737254727 , 76.9453111944
-7.85225159082 , 189.092534597
-7.84713063437 , 285.373897899
-7.84200967792 , 264.607645678
-7.83688872147 , 150.466022201
-7.83176776502 , 52.288359773
-7.82664680856 , 11.2975758473
-7.82152585211 , 3.99252038725
-7.81640489566 , 15.6109789634
-7.81128393921 , 55.7327771611
-7.80616298276 , 121.373368096
-7.80104202631 , 169.725418288
-7.79592106986 , 189.894701446
-7.79080011341 , 237.184128732
-7.78567915695 , 292.353021868
-7.7805582005 , 256.753720507
-7.77543724405 , 142.860378638
-7.7703162876 , 56.0248600524
-7.76519533115 , 43.1946494518
-7.7600743747 , 90.5506740993
-7.75495341825 , 166.358772552
-7.74983246179 , 222.339084671
-7.74471150534 , 222.03656707
-7.73959054889 , 191.692363614
-7.73446959244 , 175.804490245
-7.72934863599 , 156.11774919
-7.72422767954 , 104.212157696
-7.71910672309 , 45.8121240073
-7.71398576664 , 12.7549995516
-7.70886481018 , 3.62174873925
-7.70374385373 , 9.61052893548
-7.69862289728 , 36.2471056741
-7.69350194083 , 86.5727270023
-7.68838098438 , 128.795781903
-7.68326002793 , 120.055191679
-7.67813907148 , 75.378878378
-7.67301811502 , 58.1310747554
-7.66789715857 , 106.7178449
-7.66277620212 , 188.472785822
-7.65765524567 , 219.59569089
-7.65253428922 , 168.939169043
-7.64741333277 , 92.5290160198
-7.64229237632 , 40.1790122538
-7.63717141987 , 14.5283749845
-7.63205046341 , 5.16454394859
-7.62692950696 , 8.67727003685
-7.62180855051 , 31.3038993749
-7.61668759406 , 76.0470778264
-7.61156663761 , 114.945106594
-7.60644568116 , 107.953641083
-7.60132472471 , 64.415141449
-7.59620376825 , 26.891731607
-7.5910828118 , 9.7010518611
-7.58596185535 , 3.32657801108
-7.5808408989 , 0.891440028418
-7.57571994245 , 0.155359324021
-7.570598986 , 0.0170285119127
-7.56547802955 , 0.0154724221002
-7.5603570731 , 0.208922781258
-7.55523611664 , 1.8358118308
-7.55011516019 , 10.0141762335
-7.54499420374 , 35.0054614261
-7.53987324729 , 81.2281544033
-7.53475229084 , 127.981090947
-7.52963133439 , 139.042733301
-7.52451037794 , 119.04367105
-7.51938942148 , 130.193848168
-7.51426846503 , 199.227350935
-7.50914750858 , 264.524854504
-7.50402655213 , 263.126680522
-7.49890559568 , 195.890989898
-7.49378463923 , 110.122283666
-7.48866368278 , 53.8837307472
-7.48354272633 , 37.2371399051
-7.47842176987 , 47.1944666928
-7.47330081342 , 79.8950290197
-7.46817985697 , 140.399125121
-7.46305890052 , 209.29772549
-7.45793794407 , 241.009603846
-7.45281698762 , 205.857682985
-7.44769603117 , 125.553658662
-7.44257507471 , 53.1645879705
-7.43745411826 , 15.570654959
-7.43233316181 , 3.57239307996
-7.42721220536 , 1.52804722138
-7.42209124891 , 3.86377393867
-7.41697029246 , 14.3393434474
-7.41184933601 , 37.4610930224
-7.40672837956 , 66.7563026704
-7.4016074231 , 85.0311124321
-7.39648646665 , 77.3598979609
-7.3913655102 , 47.581524922
-7.38624455375 , 18.779970764
-7.3811235973 , 5.73590928925
-7.37600264085 , 6.45157752334
-7.3708816844 , 17.7568314517
-7.36576072794 , 41.7580509814
-7.36063977149 , 82.9584858414
-7.35551881504 , 129.511504368
-7.35039785859 , 149.100350678
-7.34527690214 , 133.633053762
-7.34015594569 , 99.8414178147
-7.33503498924 , 64.0435199586
-7.32991403279 , 58.615768348
-7.32479307633 , 106.409135467
-7.31967211988 , 164.621204166
-7.31455116343 , 160.381804668
-7.30943020698 , 105.330131628
-7.30430925053 , 75.4646698192
-7.29918829408 , 92.043002776
-7.29406733763 , 120.823439432
-7.28894638118 , 136.106935562
-7.28382542472 , 134.266607223
-7.27870446827 , 131.717091013
-7.27358351182 , 143.467544201
-7.26846255537 , 140.545433245
-7.26334159892 , 103.702033065
-7.25822064247 , 70.0009067539
-7.25309968602 , 58.4551135134
-7.24797872956 , 46.842584272
-7.24285777311 , 26.3368194529
-7.23773681666 , 9.42062034621
-7.23261586021 , 2.29093215748
-7.22749490376 , 2.67906548305
-7.22237394731 , 15.9474871358
-7.21725299086 , 62.5472771121
-7.21213203441 , 145.408035782
-7.20701107795 , 200.286781978
-7.2018901215 , 165.201847123
-7.19676916505 , 91.035186896
-7.1916482086 , 62.5579204441
-7.18652725215 , 80.0596924135
-7.1814062957 , 87.1954134032
-7.17628533925 , 66.7849137068
-7.17116438279 , 67.9642234194
-7.16604342634 , 130.434712397
-7.16092246989 , 206.418086709
-7.15580151344 , 202.764561623
-7.15068055699 , 123.596298764
-7.14555960054 , 62.8228617668
-7.14043864409 , 63.5583333258
-7.13531768764 , 87.9489281137
-7.13019673118 , 95.9517432375
-7.12507577473 , 110.719796201
-7.11995481828 , 158.670010008
-7.11483386183 , 191.554162585
-7.10971290538 , 172.867701876
-7.10459194893 , 143.694945998
-7.09947099248 , 131.438399056
-7.09435003602 , 121.402038492
-7.08922907957 , 128.576206799
-7.08410812312 , 195.153061174
-7.07898716667 , 294.179861053
-7.07386621022 , 332.324061114
-7.06874525377 , 275.859939053
-7.06362429732 , 177.359639824
-7.05850334087 , 102.445911372
-7.05338238441 , 82.613077786
-7.04826142796 , 92.7468604412
-7.04314047151 , 91.7395713208
-7.03801951506 , 75.1832052032
-7.03289855861 , 54.9619963736
-7.02777760216 , 48.3158801355
-7.02265664571 , 81.9032449603
-7.01753568925 , 151.5238786
-7.0124147328 , 208.836751665
-7.00729377635 , 216.224813293
-7.0021728199 , 172.572212535
-6.99705186345 , 100.493954526
-6.991930907 , 39.1951454534
-6.98680995055 , 9.64864139871
-6.9816889941 , 1.73236084503
-6.97656803764 , 2.6956326913
-6.97144708119 , 13.9468974051
-6.96632612474 , 47.6255022142
-6.96120516829 , 105.234636994
-6.95608421184 , 153.523705835
-6.95096325539 , 148.272371214
-6.94584229894 , 95.4211167666
-6.94072134248 , 48.9394607696
-6.93560038603 , 37.1613386612
-6.93047942958 , 38.7409022299
-6.92535847313 , 33.0919353226
-6.92023751668 , 41.0456783627
-6.91511656023 , 112.314600089
-6.90999560378 , 264.461254201
-6.90487464733 , 405.050404304
-6.89975369087 , 397.486859018
-6.89463273442 , 251.245228351
-6.88951177797 , 103.788114735
-6.88439082152 , 37.1192785028
-6.87926986507 , 42.5860605998
-6.87414890862 , 81.7893804817
-6.86902795217 , 102.76328627
-6.86390699571 , 80.225460192
-6.85878603926 , 56.1340449171
-6.85366508281 , 83.1465115291
-6.84854412636 , 146.4986569
-6.84342316991 , 167.769979189
-6.83830221346 , 115.0859198
-6.83318125701 , 51.0608493908
-6.82806030056 , 36.4228883857
-6.8229393441 , 82.1456194369
-6.81781838765 , 153.264366655
-6.8126974312 , 182.453055432
-6.80757647475 , 172.191489801
-6.8024555183 , 202.547908858
-6.79733456185 , 262.146018169
-6.7922136054 , 253.568687803
-6.78709264894 , 180.234754835
-6.78197169249 , 131.378664466
-6.77685073604 , 140.969507637
-6.77172977959 , 160.539844165
-6.76660882314 , 130.028811511
-6.76148786669 , 65.3575551677
-6.75636691024 , 19.7214610352
-6.75124595379 , 4.09854591469
-6.74612499733 , 5.56263152679
-6.74100404088 , 27.8083226044
-6.73588308443 , 88.8327336139
-6.73076212798 , 170.065080833
-6.72564117153 , 198.423143015
-6.72052021508 , 155.668670666
-6.71539925863 , 116.640442124
-6.71027830217 , 111.650065206
-6.70515734572 , 99.2796263211
-6.70003638927 , 81.5365543539
-6.69491543282 , 111.13321712
-6.68979447637 , 181.316314246
-6.68467351992 , 205.727598273
-6.67955256347 , 153.545615548
-6.67443160702 , 88.097867733
-6.66931065056 , 46.830533225
-6.66418969411 , 22.7783124
-6.65906873766 , 18.5966783365
-6.65394778121 , 50.0101124779
-6.64882682476 , 116.594976791
-6.64370586831 , 164.614186762
-6.63858491186 , 137.708099269
-6.6334639554 , 68.1883293492
-6.62834299895 , 20.0273586906
-6.6232220425 , 3.95326073226
-6.61810108605 , 3.4928101868
-6.6129801296 , 11.9874628033
-6.60785917315 , 27.1050240503
-6.6027382167 , 36.7209768527
-6.59761726025 , 30.5697341934
-6.59249630379 , 18.2469968587
-6.58737534734 , 16.5869053867
-6.58225439089 , 31.8513426105
-6.57713343444 , 51.1937726934
-6.57201247799 , 50.8684254027
-6.56689152154 , 30.2168668745
-6.56177056509 , 12.1468572766
-6.55664960863 , 13.5726417078
-6.55152865218 , 48.1229282783
-6.54640769573 , 120.036565364
-6.54128673928 , 184.774462954
-6.53616578283 , 195.69837576
-6.53104482638 , 192.418209069
-6.52592386993 , 219.286663893
-6.52080291348 , 242.175072984
-6.51568195702 , 220.225257013
-6.51056100057 , 155.790647759
-6.50544004412 , 84.4243010978
-6.50031908767 , 53.3558243519
-6.49519813122 , 86.5317450281
-6.49007717477 , 149.460293616
-6.48495621832 , 166.021211535
-6.47983526186 , 130.141996858
-6.47471430541 , 131.54015069
-6.46959334896 , 202.006567107
-6.46447239251 , 241.703626564
-6.45935143606 , 177.477818708
-6.45423047961 , 77.438867226
-6.44910952316 , 20.0162422811
-6.44398856671 , 3.24106245887
-6.43886761025 , 2.37300971734
-6.4337466538 , 14.5310586819
-6.42862569735 , 60.3982438048
-6.4235047409 , 151.220061188
-6.41838378445 , 229.285849039
-6.413262828 , 218.034906245
-6.40814187155 , 153.126698237
-6.40302091509 , 115.301710982
-6.39789995864 , 95.1775907702
-6.39277900219 , 58.8712998651
-6.38765804574 , 22.6884886077
-6.38253708929 , 5.31747924584
-6.37741613284 , 1.8646143772
-6.37229517639 , 8.43215955508
-6.36717421994 , 37.1030559866
-6.36205326348 , 101.63775124
-6.35693230703 , 175.057596996
-6.35181135058 , 192.13116227
-6.34669039413 , 135.001586605
-6.34156943768 , 60.7919537582
-6.33644848123 , 20.8497201733
-6.33132752478 , 20.5429949045
-6.32620656832 , 46.3361670934
-6.32108561187 , 71.1135817525
-6.31596465542 , 64.9878985434
-6.31084369897 , 35.1594205002
-6.30572274252 , 11.2649562402
-6.30060178607 , 2.27306741278
-6.29548082962 , 1.95023336037
-6.29035987317 , 12.4414865501
-6.28523891671 , 53.4112661888
-6.28011796026 , 135.880761348
-6.27499700381 , 204.602066491
-6.26987604736 , 182.370867672
-6.26475509091 , 96.7145574285
-6.25963413446 , 35.2761862988
-6.25451317801 , 36.5280880105
-6.24939222155 , 113.426805787
-6.2442712651 , 262.779150469
-6.23915030865 , 414.137637852
-6.2340293522 , 477.382380632
-6.22890839575 , 445.935807997
-6.2237874393 , 394.004703733
-6.21866648285 , 357.125726901
-6.2135455264 , 278.038094091
-6.20842456994 , 160.588102734
-6.20330361349 , 108.331167195
-6.19818265704 , 160.490519767
-6.19306170059 , 226.879058544
-6.18794074414 , 202.201005013
-6.18281978769 , 108.86347957
-6.17769883124 , 35.4694901752
-6.17257787478 , 7.03545405335
-6.16745691833 , 0.855520947799
-6.16233596188 , 0.08786462533
-6.15721500543 , 0.422090109409
-6.15209404898 , 4.33788575126
-6.14697309253 , 26.5708598504
-6.14185213608 , 96.3456416229
-6.13673117963 , 207.070510745
-6.13161022317 , 267.053329207
-6.12648926672 , 229.810469508
-6.12136831027 , 225.430015626
-6.11624735382 , 370.508824436
-6.11112639737 , 529.326194334
-6.10600544092 , 482.817610979
-6.10088448447 , 274.394713358
-6.09576352801 , 105.678097392
-6.09064257156 , 58.6495954703
-6.08552161511 , 111.074686375
-6.08040065866 , 204.541119874
-6.07527970221 , 242.676340734
-6.07015874576 , 180.982640865
-6.06503778931 , 99.2749769741
-6.05991683286 , 93.0375559488
-6.0547958764 , 157.663464593
-6.04967491995 , 197.194843183
-6.0445539635 , 148.865441497
-6.03943300705 , 67.4441309927
-6.0343120506 , 24.9581500608
-6.02919109415 , 39.2063891111
-6.0240701377 , 109.119087567
-6.01894918124 , 195.496189419
-6.01382822479 , 212.923986639
-6.00870726834 , 155.637515598
-6.00358631189 , 138.175754929
-5.99846535544 , 242.649983033
-5.99334439899 , 417.53159884
-5.98822344254 , 550.40469215
-5.98310248609 , 576.693027824
-5.97798152963 , 478.219898346
-5.97286057318 , 305.726265639
-5.96773961673 , 166.121886405
-5.96261866028 , 90.4537785861
-5.95749770383 , 44.1067314002
-5.95237674738 , 15.0633997083
-5.94725579093 , 3.1944549608
-5.94213483447 , 0.405889314791
-5.93701387802 , 0.0306174562099
-5.93189292157 , 0.00136971186096
-5.92677196512 , 0.000151044025642
-5.92165100867 , 0.00455214583528
-5.91653005222 , 0.107078855144
-5.91140909577 , 1.49640320428
-5.90628813932 , 12.4302698634
-5.90116718286 , 61.4207342802
-5.89604622641 , 180.673815781
-5.89092526996 , 316.653689648
-5.88580431351 , 330.94431651
-5.88068335706 , 206.42927806
-5.87556240061 , 76.908312214
-5.87044144416 , 17.1293265596
-5.8653204877 , 2.36295678452
-5.86019953125 , 1.34846488986
-5.8550785748 , 9.89360117921
-5.84995761835 , 50.1905837205
-5.8448366619 , 152.916285535
-5.83971570545 , 279.816674413
-5.834594749 , 307.739725126
-5.82947379255 , 203.819203982
-5.82435283609 , 82.8614959255
-5.81923187964 , 25.0625150246
-5.81411092319 , 16.490306876
-5.80898996674 , 37.5716527717
-5.80386901029 , 89.6958222111
-5.79874805384 , 142.172890375
-5.79362709739 , 136.270304112
-5.78850614093 , 77.6104370729
-5.78338518448 , 26.3256112637
-5.77826422803 , 7.27516443495
-5.77314327158 , 17.3155138409
-5.76802231513 , 81.7146661088
-5.76290135868 , 240.075921376
-5.75778040223 , 424.572979902
-5.75265944578 , 453.485699759
-5.74753848932 , 305.171509064
-5.74241753287 , 188.041407204
-5.73729657642 , 240.428353443
-5.73217561997 , 359.156863557
-5.72705466352 , 350.402297998
-5.72193370707 , 211.314155237
-5.71681275062 , 110.730176507
-5.71169179416 , 138.291729255
-5.70657083771 , 227.108578695
-5.70144988126 , 247.063724909
-5.69632892481 , 186.066745992
-5.69120796836 , 175.024181728
-5.68608701191 , 265.386378579
-5.68096605546 , 326.17803951
-5.67584509901 , 249.999108766
-5.67072414255 , 123.356879604
-5.6656031861 , 77.283738166
-5.66048222965 , 138.275787193
-5.6553612732 , 228.176230646
-5.65024031675 , 230.411111174
-5.6451193603 , 137.975499144
-5.63999840385 , 48.9067849808
-5.63487744739 , 10.2602675184
-5.62975649094 , 1.2739957645
-5.62463553449 , 0.0936260842835
-5.61951457804 , 0.00407254856702
-5.61439362159 , 0.000121288039212
-5.60927266514 , 0.000815506161417
-5.60415170869 , 0.0238325592874
-5.59903075224 , 0.413033907036
-5.59390979578 , 4.23664043912
-5.58878883933 , 25.7204241524
-5.58366788288 , 92.4177228385
-5.57854692643 , 196.540938726
-5.57342596998 , 247.38406724
-5.56830501353 , 184.300576725
-5.56318405708 , 81.4098473168
-5.55806310062 , 23.1658801878
-5.55294214417 , 18.3821704068
-5.54782118772 , 69.5028120174
-5.54270023127 , 188.573183492
-5.53757927482 , 305.770648493
-5.53245831837 , 295.300888297
-5.52733736192 , 169.952269219
-5.52221640547 , 58.323107089
-5.51709544901 , 11.9408584148
-5.51197449256 , 1.45928952277
-5.50685353611 , 0.111867585221
-5.50173257966 , 0.127700591215
-5.49661162321 , 1.68455859396
-5.49149066676 , 13.9313654236
-5.48636971031 , 69.8599851614
-5.48124875385 , 212.994412285
-5.4761277974 , 395.800021839
-5.47100684095 , 451.859716164
-5.4658858845 , 335.872854923
-5.46076492805 , 225.564985542
-5.4556439716 , 244.127911571
-5.45052301515 , 325.242649
-5.4454020587 , 356.524656134
-5.44028110224 , 283.947125343
-5.43516014579 , 150.880961411
-5.43003918934 , 50.2584893441
-5.42491823289 , 10.1529924919
-5.41979727644 , 1.22586430695
-5.41467631999 , 0.0879402919558
-5.40955536354 , 0.00394023343407
-5.40443440708 , 0.00732297687767
-5.39931345063 , 0.155801033715
-5.39419249418 , 2.01603874222
-5.38907153773 , 15.6857355988
-5.38395058128 , 73.6555426402
-5.37882962483 , 211.348882377
-5.37370866838 , 386.183009823
-5.36858771193 , 502.991660045
-5.36346675547 , 557.155259174
-5.35834579902 , 544.881492549
-5.35322484257 , 401.176368382
-5.34810388612 , 195.5542841
-5.34298292967 , 73.9925138552
-5.33786197322 , 87.3461582045
-5.33274101677 , 217.242937356
-5.32762006031 , 359.635890246
-5.32249910386 , 354.104587684
-5.31737814741 , 206.406999001
-5.31225719096 , 71.2230245592
-5.30713623451 , 14.7335117167
-5.30201527806 , 3.94724457026
-5.29689432161 , 14.980830143
-5.29177336516 , 59.741052182
-5.2866524087 , 143.216925795
-5.28153145225 , 210.939233826
-5.2764104958 , 217.396658385
-5.27128953935 , 216.282379297
-5.2661685829 , 237.836504241
-5.26104762645 , 238.480674251
-5.25592667 , 253.826616582
-5.25080571355 , 332.465346971
-5.24568475709 , 390.159024789
-5.24056380064 , 346.251154816
-5.23544284419 , 232.533425676
-5.23032188774 , 132.942050436
-5.22520093129 , 127.732721053
-5.22007997484 , 216.197823099
-5.21495901839 , 283.049669491
-5.20983806193 , 257.019504545
-5.20471710548 , 246.115242977
-5.19959614903 , 339.234089945
-5.19447519258 , 442.77079163
-5.18935423613 , 460.176458704
-5.18423327968 , 387.837517291
-5.17911232323 , 245.143173213
-5.17399136678 , 102.999522686
-5.16887041032 , 26.7691410601
-5.16374945387 , 4.18003308364
-5.15862849742 , 0.388222807577
-5.15350754097 , 0.021374314549
-5.14838658452 , 0.000696859180444
-5.14326562807 , 1.34489647724e-05
-5.13814467162 , 1.53629733664e-07
-5.13302371516 , 1.03869668903e-09
-5.12790275871 , 4.15646640857e-12
-5.12278180226 , 9.84419616149e-15
-5.11766084581 , 1.37992723279e-17
-5.11253988936 , 1.14485870084e-20
-5.10741893291 , 5.62169552918e-24
-5.10229797646 , 1.9358944212e-27
-5.09717702001 , 1.1581885839e-24
-5.09205606355 , 2.6281787917e-21
-5.0869351071 , 3.52980456963e-18
-5.08181415065 , 2.80586312925e-15
-5.0766931942 , 1.32008681971e-12
-5.07157223775 , 3.67586078208e-10
-5.0664512813 , 6.05811031066e-08
-5.06133032485 , 5.90935076052e-06
-5.05620936839 , 0.000341173423648
-5.05108841194 , 0.0116591706813
-5.04596745549 , 0.235878249306
-5.04084649904 , 2.82647478873
-5.03572554259 , 20.0894491975
-5.03060458614 , 85.0702518052
-5.02548362969 , 217.564875334
-5.02036267324 , 349.949959578
-5.01524171678 , 392.187755672
-5.01012076033 , 358.751614308
-5.00499980388 , 282.001086042
-4.99987884743 , 168.414744993
-4.99475789098 , 72.9959128889
-4.98963693453 , 52.0039111012
-4.98451597808 , 113.730782617
-4.97939502162 , 205.919362927
-4.97427406517 , 227.445185522
-4.96915310872 , 164.313326026
-4.96403215227 , 129.187464356
-4.95891119582 , 180.375518204
-4.95379023937 , 228.080405481
-4.94866928292 , 181.298635131
-4.94354832647 , 89.4293178061
-4.93842737001 , 47.2918940004
-4.93330641356 , 85.10731515
-4.92818545711 , 166.994917546
-4.92306450066 , 202.470655244
-4.91794354421 , 145.598104548
-4.91282258776 , 61.9744472029
-4.90770163131 , 15.6131762594
-4.90258067485 , 2.32803516494
-4.8974597184 , 0.205450587382
-4.89233876195 , 0.0107311140765
-4.8872178055 , 0.000331743031519
-4.88209684905 , 6.06985587713e-06
-4.8769758926 , 6.57316482502e-08
-4.87185493615 , 4.21298816123e-10
-4.8667339797 , 1.5981793978e-12
-4.86161302324 , 3.58823096706e-15
-4.85649206679 , 4.76820396898e-18
-4.85137111034 , 3.75015167218e-21
-4.84625015389 , 1.74567106589e-24
-4.84112919744 , 4.80945169769e-28
-4.83600824099 , 7.84238755264e-32
-4.83088728454 , 7.56982267039e-36
-4.82576632808 , 1.56715985129e-39
-4.82064537163 , 1.14239665483e-39
-4.81552441518 , 1.14239665483e-39
-4.81040345873 , 1.14239665483e-39
-4.80528250228 , 1.14239665483e-39
-4.80016154583 , 1.14239665483e-39
-4.79504058938 , 1.14239665483e-39
-4.78991963293 , 1.14239665483e-39
-4.78479867647 , 6.78976720438e-39
-4.77967772002 , 8.41810596464e-35
-4.77455676357 , 7.42055894354e-31
-4.76943580712 , 3.87154694479e-27
-4.76431485067 , 1.19550735369e-23
-4.75919389422 , 2.18494135544e-20
-4.75407293777 , 2.36345386194e-17
-4.74895198131 , 1.51312317582e-14
-4.74383102486 , 5.73351889986e-12
-4.73871006841 , 1.28584323494e-09
-4.73358911196 , 1.70676846768e-07
-4.72846815551 , 1.34085250489e-05
-4.72334719906 , 0.000623458018654
-4.71822624261 , 0.0171574693907
-4.71310528616 , 0.279459617855
-4.7079843297 , 2.69404409114
-4.70286337325 , 15.3712840367
-4.6977424168 , 51.9081327187
-4.69262146035 , 103.748177194
-4.6875005039 , 122.728479538
-4.68237954745 , 85.92707779
-4.677258591 , 35.6069308485
-4.67213763454 , 8.73290728775
-4.66701667809 , 1.2676605282
-4.66189572164 , 0.108909784235
-4.65677476519 , 0.00553804124414
-4.65165380874 , 0.000172295879102
-4.64653285229 , 0.000268370274942
-4.64141189584 , 0.00743961438824
-4.63629093939 , 0.124205896771
-4.63116998293 , 1.2388482685
-4.62604902648 , 7.41389531247
-4.62092807003 , 26.7743308825
-4.61580711358 , 58.7637262711
-4.61068615713 , 78.9951740405
-4.60556520068 , 65.5091234068
-4.60044424423 , 33.6826362852
-4.59532328777 , 10.9226039535
-4.59020233132 , 3.8925964365
-4.58508137487 , 10.2465489855
-4.57996041842 , 33.2726825492
-4.57483946197 , 65.5131435978
-4.56971850552 , 76.3891454391
-4.56459754907 , 52.7497270764
-4.55947659262 , 22.0347680312
-4.55435563616 , 9.68320402463
-4.54923467971 , 24.3531136409
-4.54411372326 , 73.7306663058
-4.53899276681 , 136.056386287
-4.53387181036 , 148.728051485
-4.52875085391 , 96.3835227015
-4.52362989746 , 38.3108686956
-4.518508941 , 15.8076411037
-4.51338798455 , 23.5048473326
-4.5082670281 , 39.850876547
-4.50314607165 , 41.8067100904
-4.4980251152 , 26.0224176631
-4.49290415875 , 9.77260547586
-4.4877832023 , 3.9619743473
-4.48266224585 , 11.0029989936
-4.47754128939 , 36.4056854615
-4.47242033294 , 73.0004051699
-4.46729937649 , 86.6832863629
-4.46217842004 , 60.9214621481
-4.45705746359 , 25.3410704836
-4.45193650714 , 6.23877277112
-4.44681555069 , 0.909060838151
-4.44169459423 , 0.078398237581
-4.43657363778 , 0.00400165109917
-4.43145268133 , 0.000120890370986
-4.42633172488 , 2.16154245649e-06
-4.42121076843 , 2.28746996251e-08
-4.41608981198 , 1.43273740497e-10
-4.41096885553 , 5.31125763551e-13
-4.40584789908 , 1.1653267273e-15
-4.40072694262 , 1.5132741586e-18
-4.39560598617 , 1.16307332213e-21
-4.39048502972 , 5.29073662035e-25
-4.38536407327 , 1.42444196618e-28
-4.38024311682 , 2.26982810685e-32
-4.37512216037 , 2.14186327957e-36
-4.37000120392 , 1.25864126397e-39
-4.36488024746 , 1.14239665483e-39
-4.35975929101 , 1.14239665483e-39
-4.35463833456 , 1.14239665483e-39
-4.34951737811 , 1.14239665483e-39
-4.34439642166 , 1.14239665483e-39
-4.33927546521 , 1.14239665483e-39
-4.33415450876 , 1.14239665483e-39
-4.32903355231 , 1.14239665483e-39
-4.32391259585 , 1.14239665483e-39
-4.3187916394 , 1.14239665483e-39
-4.31367068295 , 1.14239665483e-39
-4.3085497265 , 1.14239665483e-39
-4.30342877005 , 1.14239665483e-39
-4.2983078136 , 1.14239665483e-39
-4.29318685715 , 1.14239665483e-39
-4.28806590069 , 1.14239665483e-39
-4.28294494424 , 1.14239665483e-39
-4.27782398779 , 1.14239665483e-39
-4.27270303134 , 2.04713351207e-39
-4.26758207489 , 1.44411273119e-35
-4.26246111844 , 1.3601655041e-31
-4.25734016199 , 7.58291592401e-28
-4.25221920554 , 2.50207475843e-24
-4.24709824908 , 4.88634216798e-21
-4.24197729263 , 5.64790030153e-18
-4.23685633618 , 3.8637562543e-15
-4.23173537973 , 1.56441500608e-12
-4.22661442328 , 3.74898564882e-10
-4.22149346683 , 5.31734862932e-08
-4.21637251038 , 4.46371076579e-06
-4.21125155392 , 0.000221777002397
-4.20613059747 , 0.00652163554577
-4.20100964102 , 0.113505287705
-4.19588868457 , 1.1692172535
-4.19076772812 , 7.12843000717
-4.18564677167 , 25.7224372719
-4.18052581522 , 54.9350971261
-4.17540485877 , 69.4396030221
-4.17028390231 , 51.9498280992
-4.16516294586 , 23.0027920359
-4.16004198941 , 6.0283234186
-4.15492103296 , 0.935044086417
-4.14980007651 , 0.0858395033711
-4.14467912006 , 0.00466431566005
-4.13955816361 , 0.00016988904904
-4.13443720715 , 0.00083912813692
-4.1293162507 , 0.0207987498361
-4.12419529425 , 0.306157174532
-4.1190743378 , 2.66730029918
-4.11395338135 , 13.7536819795
-4.1088324249 , 41.9745099249
-4.10371146845 , 75.8179228291
-4.098590512 , 81.0546101581
-4.09346955554 , 51.2865106611
-4.08834859909 , 19.2064975379
-4.08322764264 , 4.25708958177
-4.07810668619 , 0.558466330395
-4.07298572974 , 0.0433611500419
-4.06786477329 , 0.00199261860551
-4.06274381684 , 5.41959909431e-05
-4.05762286038 , 8.72428277119e-07
-4.05250190393 , 8.31212177117e-09
-4.04738094748 , 4.68720180181e-11
-4.04225999103 , 1.56440905458e-13
-4.03713903458 , 3.5801669207e-15
-4.03201807813 , 1.14744401152e-12
-4.02689712168 , 2.38221641992e-10
-4.02177616523 , 2.92718787243e-08
-4.01665520877 , 2.12882282065e-06
-4.01153425232 , 9.16321704652e-05
-4.00641329587 , 0.00233440372119
-4.00129233942 , 0.0351984465379
-3.99617138297 , 0.314116364862
-3.99105042652 , 1.6591175826
-3.98592947007 , 5.18660656364
-3.98080851361 , 9.5964141269
-3.97568755716 , 10.5088258258
-3.97056660071 , 6.81112645309
-3.96544564426 , 2.61278232314
-3.96032468781 , 0.59320807146
-3.95520373136 , 0.0797132306278
-3.95008277491 , 0.00633976713597
-3.94496181846 , 0.000298425368242
-3.939840862 , 8.31414715985e-06
-3.93471990555 , 1.37094246744e-07
-3.9295989491 , 1.34003702126e-09
-3.92447799265 , 4.84565735877e-10
-3.9193570362 , 6.45166249683e-08
-3.91423607975 , 5.16645182857e-06
-3.9091151233 , 0.000244868635358
-3.90399416684 , 0.00686900435853
-3.89887321039 , 0.114044482173
-3.89375225394 , 1.1206619345
-3.88863129749 , 6.51770748599
-3.88351034104 , 22.4355014999
-3.87838938459 , 45.7099325809
-3.87326842814 , 55.1500721994
-3.86814747169 , 39.7571023446
-3.86302651523 , 19.6801867568
-3.85790555878 , 17.3156633822
-3.85278460233 , 34.0625056436
-3.84766364588 , 50.3617232439
-3.84254268943 , 44.78681473
-3.83742173298 , 23.5956159783
-3.83230077653 , 7.35793831308
-3.82717982007 , 1.35800712445
-3.82205886362 , 0.148343226626
-3.81693790717 , 0.00959076134553
-3.81181695072 , 0.000366993297885
-3.80669599427 , 8.31156662761e-06
-3.80157503782 , 1.11513126076e-07
-3.79645408137 , 1.49316126511e-08
-3.79133312492 , 1.14141049699e-06
-3.78621216846 , 5.48900655037e-05
-3.78109121201 , 0.00156230834099
-3.77597025556 , 0.0263183883167
-3.77084929911 , 0.262404552913
-3.76572834266 , 1.54847065089
-3.76060738621 , 5.40821722613
-3.75548642976 , 11.1795626103
-3.7503654733 , 13.6777617478
-3.74524451685 , 9.90432295334
-3.7401235604 , 4.24476926674
-3.73500260395 , 1.07672034677
-3.7298816475 , 0.161648354595
-3.72476069105 , 0.0143634640997
-3.7196397346 , 0.000755382005121
-3.71451877815 , 2.35122187086e-05
-3.70939782169 , 4.33151804038e-07
-3.70427686524 , 4.72287203684e-09
-3.69915590879 , 3.04783721019e-11
-3.69403495234 , 1.1643075713e-13
-3.68891399589 , 1.18319751372e-14
-3.68379303944 , 4.17186567511e-12
-3.67867208299 , 8.90419424683e-10
-3.67355112653 , 1.12483197748e-07
-3.66843017008 , 8.41057629934e-06
-3.66330921363 , 0.000372267770481
-3.65818825718 , 0.00975682730911
-3.65306730073 , 0.151551004502
-3.64794634428 , 1.39848813402
-3.64282538783 , 7.71857062978
-3.63770443138 , 25.9445842398
-3.63258347492 , 55.49834743
-3.62746251847 , 82.1298845867
-3.62234156202 , 91.8930828178
-3.61722060557 , 77.8505162884
-3.61209964912 , 45.7424315116
-3.60697869267 , 17.1316772682
-3.60185773622 , 3.91041397897
-3.59673677976 , 0.534002014771
-3.59161582331 , 0.0433267601022
-3.58649486686 , 0.00208344541081
-3.58137391041 , 5.93249199855e-05
-3.57625295396 , 9.99967501637e-07
-3.57113199751 , 9.97655377653e-09
-3.56601104106 , 5.89120750914e-11
-3.56089008461 , 2.05897595823e-13
-3.55576912815 , 4.25911459565e-16
-3.5506481717 , 5.21444071678e-19
-3.54552721525 , 3.77847230716e-22
-3.5404062588 , 1.62048405514e-25
-3.53528530235 , 4.11332720621e-29
-3.5301643459 , 6.17962060175e-33
-3.52504338945 , 3.49644426066e-36
-3.51992243299 , 2.95740789429e-32
-3.51480147654 , 1.75725590875e-28
-3.50968052009 , 6.17986256377e-25
-3.50455956364 , 1.28630105058e-21
-3.49943860719 , 1.58462475184e-18
-3.49431765074 , 1.15539437795e-15
-3.48919669429 , 4.98602060088e-13
-3.48407573784 , 1.27349689777e-10
-3.47895478138 , 1.92513734433e-08
-3.47383382493 , 1.72244574369e-06
-3.46871286848 , 9.12114558737e-05
-3.46359191203 , 0.00285873059843
-3.45847095558 , 0.0530294445418
-3.45334999913 , 0.582211704322
-3.44822904268 , 3.78324783133
-3.44310808622 , 14.5501897849
-3.43798712977 , 33.1201679939
-3.43286617332 , 44.620703253
-3.42774521687 , 35.5795374503
-3.42262426042 , 16.7912950205
-3.41750330397 , 4.69016471371
-3.41238234752 , 0.77537611694
-3.40726139107 , 0.0759131520098
-3.40214043461 , 0.00605483751086
-3.39701947816 , 0.0359499491032
-3.39189852171 , 0.456604078201
-3.38677756526 , 3.44681899748
-3.38165660881 , 15.3999743885
-3.37653565236 , 40.7231586588
-3.37141469591 , 63.7357127509
-3.36629373945 , 59.039703847
-3.361172783 , 32.3687128862
-3.35605182655 , 10.5033382696
-3.3509308701 , 2.01791702768
-3.34580991365 , 0.246666023671
-3.3406889572 , 0.262638819642
-3.33556800075 , 2.08251599745
-3.3304470443 , 10.3769439753
-3.32532608784 , 30.6123808895
-3.32020513139 , 53.4496606034
-3.31508417494 , 55.2347516087
-3.30996321849 , 33.7830974472
-3.30484226204 , 12.2294277061
-3.29972130559 , 2.6201888119
-3.29460034914 , 0.332316260131
-3.28947939268 , 0.0266568592906
-3.28435843623 , 0.0323236174272
-3.27923747978 , 0.335358967224
-3.27411652333 , 2.13200495186
-3.26899556688 , 8.02275616708
-3.26387461043 , 17.8681107476
-3.25875365398 , 23.553380338
-3.25363269753 , 18.3758493314
-3.24851174107 , 8.48518204357
-3.24339078462 , 2.31896649497
-3.23826982817 , 0.375100247106
-3.23314887172 , 0.0359103628448
-3.22802791527 , 0.0020347534951
-3.22290695882 , 6.82375427924e-05
-3.21778600237 , 1.3544236325e-06
-3.21266504592 , 1.59112841958e-08
-3.20754408946 , 1.10630667909e-10
-3.20242313301 , 4.59003766179e-13
-3.19730217656 , 1.30859662207e-12
-3.19218122011 , 2.70706789418e-10
-3.18706026366 , 3.31726520585e-08
-3.18193930721 , 2.40591775983e-06
-3.17681835076 , 0.000103276354383
-3.1716973943 , 0.00262385938305
-3.16657643785 , 0.0394547913502
-3.1614554814 , 0.351138526121
-3.15633452495 , 1.84959545401
-3.1512135685 , 5.76626441556
-3.14609261205 , 10.6397615245
-3.1409716556 , 11.6195356075
-3.13585069915 , 7.51043661059
-3.13072974269 , 2.87316875753
-3.12560878624 , 0.650543919986
-3.12048782979 , 0.0871789523789
-3.11536687334 , 0.00691458637342
-3.11024591689 , 0.000324593861663
-3.10512496044 , 9.01849224188e-06
-3.10000400399 , 1.4830203345e-07
-3.09488304753 , 1.44337710571e-09
-3.08976209108 , 8.31442184794e-12
-3.08464113463 , 2.83467866579e-14
-3.07952017818 , 5.72012389377e-17
-3.07439922173 , 1.69168669762e-18
-3.06927826528 , 1.15153770995e-15
-3.06415730883 , 4.8345655449e-13
-3.05903635238 , 1.20131337505e-10
-3.05391539592 , 1.76674847789e-08
-3.04879443947 , 1.53784545291e-06
-3.04367348302 , 7.92264531242e-05
-3.03855252657 , 0.00241572385397
-3.03343157012 , 0.0435957261234
-3.02831061367 , 0.46565052512
-3.02318965722 , 2.94371548294
-3.01806870076 , 11.014153398
-3.01294774431 , 24.3907953911
-3.00782678786 , 31.9683601215
-3.00270583141 , 24.7990079788
-2.99758487496 , 11.3859116982
-2.99246391851 , 3.09400398006
-2.98734296206 , 0.497615017321
-2.98222200561 , 0.0473680647919
-2.97710104915 , 0.0026686852764
-2.9719800927 , 8.89874230885e-05
-2.96685913625 , 1.75622216984e-06
-2.9617381798 , 2.05139755437e-08
-2.95661722335 , 1.41820745911e-10
-2.9514962669 , 5.80295563952e-13
-2.94637531045 , 1.40532991033e-15
-2.94125435399 , 2.01463656782e-18
-2.93613339754 , 4.0570939696e-19
-2.93101244109 , 2.98236954435e-16
-2.92589148464 , 1.30304812231e-13
-2.92077052819 , 3.36960498199e-11
-2.91564957174 , 5.15723670651e-09
-2.91052861529 , 4.6716970865e-07
-2.90540765884 , 2.50467755225e-05
-2.90028670238 , 0.000794782910686
-2.89516574593 , 0.0149267362554
-2.89004478948 , 0.16592111237
-2.88492383303 , 1.09160607695
-2.87980287658 , 4.2512734769
-2.87468192013 , 9.81281185976
-2.86956096368 , 13.5667864572
-2.86444000722 , 12.231052646
-2.85931905077 , 11.1570257478
-2.85419809432 , 16.2212589085
-2.84907713787 , 21.733577305
-2.84395618142 , 18.5372863967
-2.83883522497 , 9.44093603652
-2.83371426852 , 2.84870338216
-2.82859331207 , 0.50880348931
-2.82347235561 , 0.0537871363091
-2.81835139916 , 0.00336532537293
-2.81323044271 , 0.000124622194778
-2.80810948626 , 2.73138777184e-06
-2.80298852981 , 3.54316149553e-08
-2.79786757336 , 2.72030848045e-10
-2.79274661691 , 1.23613238298e-12
-2.78762566045 , 3.32453900632e-15
-2.782504704 , 5.29197157185e-18
-2.77738374755 , 4.98571838365e-21
-2.7722627911 , 1.30885028378e-22
-2.76714183465 , 1.85908458454e-19
-2.7620208782 , 1.59680514695e-16
-2.75689992175 , 8.11753994539e-14
-2.7517789653 , 2.44239956655e-11
-2.74665800884 , 4.34939543542e-09
-2.74153705239 , 4.58417796561e-07
-2.73641609594 , 2.85967253257e-05
-2.73129513949 , 0.00105584563852
-2.72617418304 , 0.0230749285067
-2.72105322659 , 0.298563048676
-2.71593227014 , 2.28909503933
-2.71081131368 , 10.4335989403
-2.70569035723 , 28.6118271244
-2.70056940078 , 49.2066412966
-2.69544844433 , 59.6750959269
-2.69032748788 , 61.384118816
-2.68520653143 , 55.2000741943
-2.68008557498 , 36.4560194767
-2.67496461853 , 15.3756289232
-2.66984366207 , 3.92348111146
-2.66472270562 , 0.596109621957
-2.65960174917 , 0.0536899891078
-2.65448079272 , 0.00286328268064
-2.64935983627 , 9.03865107976e-05
-2.64423887982 , 1.6887898815e-06
-2.63911792337 , 1.86754338338e-08
-2.63399696691 , 1.22232400619e-10
-2.62887601046 , 4.73502062221e-13
-2.62375505401 , 1.0856182172e-15
-2.61863409756 , 1.47316718715e-18
-2.61351314111 , 1.18316851983e-21
-2.60839218466 , 5.62420090859e-25
-2.60327122821 , 1.58232138173e-28
-2.59815027176 , 2.63480352591e-32
-2.5930293153 , 2.59783828668e-36
-2.58790835885 , 1.29208668043e-39
-2.5827874024 , 1.1434015765e-39
-2.57766644595 , 4.1078198104e-38
-2.5725454895 , 4.9115802244e-34
-2.56742453305 , 3.57509590888e-30
-2.5623035766 , 1.54019166754e-26
-2.55718262014 , 3.92718581558e-23
-2.55206166369 , 5.92662897377e-20
-2.54694070724 , 5.29363066701e-17
-2.54181975079 , 2.79846025818e-14
-2.53669879434 , 8.75596986618e-12
-2.53157783789 , 1.62147023637e-09
-2.52645688144 , 1.77718775608e-07
-2.52133592499 , 1.15286180827e-05
-2.51621496853 , 0.00044262995382
-2.51109401208 , 0.0100582854561
-2.50597305563 , 0.135277859159
-2.50085209918 , 1.07683483179
-2.49573114273 , 5.07330621951
-2.49061018628 , 14.1466193119
-2.48548922983 , 23.347149551
-2.48036827337 , 22.8052413126
-2.47524731692 , 13.1842396112
-2.47012636047 , 4.51123146776
-2.46500540402 , 0.913597184106
-2.45988444757 , 0.109506632164
-2.45476349112 , 0.00784805730936
-2.44964253467 , 0.00263794365394
-2.44452157822 , 0.0397277014848
-2.43940062176 , 0.403910543101
-2.43427966531 , 2.43100026794
-2.42915870886 , 8.65973622259
-2.42403775241 , 18.2576245225
-2.41891679596 , 22.7830280922
-2.41379583951 , 16.8363823098
-2.40867488306 , 7.49906398153
-2.4035539266 , 3.09080639328
-2.39843297015 , 6.08783125476
-2.3933120137 , 16.7656731009
-2.38819105725 , 28.6121848492
-2.3830701008 , 28.9429803855
-2.37794914435 , 17.3290849761
-2.3728281879 , 6.14085196356
-2.36770723145 , 1.28795778195
-2.36258627499 , 0.159880173452
-2.35746531854 , 0.0117464755085
-2.35234436209 , 0.000510787814509
-2.34722340564 , 1.31459949981e-05
-2.34210244919 , 2.00247167506e-07
-2.33698149274 , 1.80534116679e-09
-2.33186053629 , 9.63323542404e-12
-2.32673957983 , 3.04232108893e-14
-2.32161862338 , 5.68666843749e-17
-2.31649766693 , 6.29116032026e-20
-2.31137671048 , 4.11974756084e-23
-2.30625575403 , 1.17480124379e-23
-2.30113479758 , 1.82646046247e-20
-2.29601384113 , 1.68293069921e-17
-2.29089288468 , 9.17786629701e-15
-2.28577192822 , 2.96235264829e-12
-2.28065097177 , 5.65915154841e-10
-2.27553001532 , 6.39860686905e-08
-2.27040905887 , 4.28192511855e-06
-2.26528810242 , 0.000169594687903
-2.26016714597 , 0.00397562083992
-2.25504618952 , 0.0551591047103
-2.24992523306 , 0.452948676634
-2.24480427661 , 2.20140687447
-2.23968332016 , 6.33244137942
-2.23456236371 , 10.7810627676
-2.22944140726 , 10.8635434948
-2.22432045081 , 6.47889555973
-2.21919949436 , 2.28691731586
-2.21407853791 , 0.477890718449
-2.20895758145 , 0.062512101143
-2.203836625 , 0.0620461384567
-2.19871566855 , 0.574002644772
-2.1935947121 , 3.37611153723
-2.18847375565 , 11.7565448673
-2.1833527992 , 24.2305233067
-2.17823184275 , 29.5573506577
-2.17311088629 , 21.3398397595
-2.16798992984 , 9.12250931718
-2.16286897339 , 2.35781822973
-2.15774801694 , 0.751789008175
-2.15262706049 , 1.9248726297
-2.14750610404 , 5.22505536657
-2.14238514759 , 8.52492838817
-2.13726419114 , 8.23452217033
-2.13214323468 , 4.70769201908
-2.12702227823 , 1.59293210806
-2.12190132178 , 0.319011270516
-2.11678036533 , 0.0378124070003
-2.11165940888 , 0.00265266347495
-2.10653845243 , 0.000110141129996
-2.10141749598 , 2.70667701341e-06
-2.09629653952 , 3.93679570437e-08
-2.09117558307 , 3.38897884763e-10
-2.08605462662 , 1.72669000394e-12
-2.08093367017 , 5.20690229035e-15
-2.07581271372 , 9.29317291168e-18
-2.07069175727 , 9.81675933856e-21
-2.06557080082 , 6.13750426914e-24
-2.06044984437 , 2.27109346063e-27
-2.05532888791 , 4.9739079527e-31
-2.05020793146 , 6.44744592824e-35
-2.04508697501 , 6.08837909217e-39
-2.03996601856 , 1.14239665483e-39
-2.03484506211 , 1.14239665483e-39
-2.02972410566 , 1.14239665483e-39
-2.02460314921 , 1.14239665483e-39
-2.01948219275 , 1.14239665483e-39
-2.0143612363 , 1.14239665483e-39
-2.00924027985 , 1.14239665483e-39
-2.0041193234 , 1.14239665483e-39
-1.99899836695 , 1.14239665483e-39
-1.9938774105 , 1.14239665483e-39
-1.98875645405 , 1.14239665483e-39
-1.9836354976 , 1.14239665483e-39
-1.97851454114 , 1.14239665483e-39
-1.97339358469 , 1.14239665483e-39
-1.96827262824 , 1.14239665483e-39
-1.96315167179 , 1.14239665483e-39
-1.95803071534 , 1.14428403812e-39
-1.95290975889 , 3.80107867341e-38
-1.94778880244 , 4.0421853916e-34
-1.94266784598 , 2.62297500831e-30
-1.93754688953 , 1.00737887791e-26
-1.93242593308 , 2.28987125466e-23
-1.92730497663 , 3.08069587198e-20
-1.92218402018 , 2.45304844167e-17
-1.91706306373 , 1.15606687921e-14
-1.91194210728 , 3.22462584215e-12
-1.90682115083 , 5.3234752314e-10
-1.90170019437 , 5.20152490226e-08
-1.89657923792 , 3.00805423887e-06
-1.89145828147 , 0.000102958019591
-1.88633732502 , 0.00208571149311
-1.88121636857 , 0.0250073587754
-1.87609541212 , 0.177460194048
-1.87097445567 , 0.745338604386
-1.86585349921 , 1.85278837099
-1.86073254276 , 2.72594791309
-1.85561158631 , 2.37371638008
-1.85049062986 , 1.22337509999
-1.84536967341 , 0.37317280204
-1.84024871696 , 0.0673720662186
-1.83512776051 , 0.00719895214701
-1.83000680406 , 0.000455279654683
-1.8248858476 , 1.70414575181e-05
-1.81976489115 , 3.77532866817e-07
-1.8146439347 , 4.95019528479e-09
-1.80952297825 , 3.84157604851e-11
