Ef: -4.97713122026
-12.0514358809 , 1.33500428483e-09
-12.0463149245 , 1.72026580562e-07
-12.041193968 , 1.31198234396e-05
-12.0360730116 , 0.000592215760383
-12.0309520551 , 0.0158216388826
-12.0258310987 , 0.250174195205
-12.0207101422 , 2.34127857796
-12.0155891858 , 12.9683047638
-12.0104682293 , 42.5140874427
-12.0053472729 , 82.490142024
-12.0002263164 , 94.730706831
-11.9951053599 , 64.3871260888
-11.9899844035 , 25.9016148044
-11.984863447 , 6.16700324161
-11.9797424906 , 0.86904256732
-11.9746215341 , 0.0724815478091
-11.9695005777 , 0.00357794289571
-11.9643796212 , 0.000104534317353
-11.9592586648 , 1.80760655119e-06
-11.9541377083 , 1.84998608758e-08
-11.9490167519 , 1.12060499698e-10
-11.9438957954 , 4.01750275878e-13
-11.938774839 , 8.5247048065e-16
-11.9336538825 , 1.07058721145e-18
-11.9285329261 , 7.9576400365e-22
-11.9234119696 , 3.50079004419e-25
-11.9182910132 , 9.11522466164e-29
-11.9131700567 , 1.40471531275e-32
-11.9080491003 , 1.28418181985e-36
-11.9029281438 , 3.01652611375e-39
-11.8978071874 , 2.95093676301e-39
-11.8926862309 , 2.95093676301e-39
-11.8875652745 , 2.95093676301e-39
-11.882444318 , 2.95093676301e-39
-11.8773233616 , 2.95093676301e-39
-11.8722024051 , 2.95093676301e-39
-11.8670814487 , 2.95093676301e-39
-11.8619604922 , 2.95093676301e-39
-11.8568395358 , 2.95093676301e-39
-11.8517185793 , 2.89733158909e-38
-11.8465976229 , 3.76592216446e-34
-11.8414766664 , 3.22407809934e-30
-11.83635571 , 1.63366967209e-26
-11.8312347535 , 4.89941278779e-23
-11.8261137971 , 8.69650812144e-20
-11.8209928406 , 9.13622681966e-17
-11.8158718842 , 5.68080562432e-14
-11.8107509277 , 2.09061506937e-11
-11.8056299712 , 4.55364650233e-09
-11.8005090148 , 5.87037223501e-07
-11.7953880583 , 4.47912370338e-05
-11.7902671019 , 0.00202274698633
-11.7851461454 , 0.0540643714085
-11.780025189 , 0.855267249487
-11.7749042325 , 8.00780732029
-11.7697832761 , 44.3758286661
-11.7646623196 , 145.546050656
-11.7595413632 , 282.537086752
-11.7544204067 , 324.617245123
-11.7492994503 , 220.743945161
-11.7441784938 , 88.843794591
-11.7390575374 , 21.1634509203
-11.7339365809 , 2.98378109368
-11.7288156245 , 0.248982323967
-11.723694668 , 0.012296773128
-11.7185737116 , 0.000359447022227
-11.7134527551 , 6.21870141111e-06
-11.7083317987 , 6.36774413011e-08
-11.7032108422 , 3.8591582509e-10
-11.6980898858 , 1.38426951735e-12
-11.6929689293 , 2.93879848115e-15
-11.6878479729 , 3.69266611404e-18
-11.6827270164 , 2.74619491248e-21
-11.67760606 , 1.20877023629e-24
-11.6724851035 , 3.14903319896e-28
-11.6673641471 , 4.855476187e-32
-11.6622431906 , 4.43399680248e-36
-11.6571222342 , 3.17801799447e-39
-11.6520012777 , 2.95093676301e-39
-11.6468803213 , 2.95093676301e-39
-11.6417593648 , 2.95093676301e-39
-11.6366384084 , 2.95093676301e-39
-11.6315174519 , 2.95093676301e-39
-11.6263964955 , 2.95093676301e-39
-11.621275539 , 2.95093676301e-39
-11.6161545826 , 2.95093676301e-39
-11.6110336261 , 2.95093676301e-39
-11.6059126696 , 2.95093676301e-39
-11.6007917132 , 2.95093676301e-39
-11.5956707567 , 2.95093676301e-39
-11.5905498003 , 2.95093676301e-39
-11.5854288438 , 2.95093676301e-39
-11.5803078874 , 2.95093676301e-39
-11.5751869309 , 2.95093676301e-39
-11.5700659745 , 2.95093676301e-39
-11.564945018 , 2.95093676301e-39
-11.5598240616 , 2.95093676301e-39
-11.5547031051 , 2.95093676301e-39
-11.5495821487 , 2.95093676301e-39
-11.5444611922 , 7.18769457111e-39
-11.5393402358 , 6.81885923519e-35
-11.5342192793 , 6.47341851835e-31
-11.5290983229 , 3.63743083788e-27
-11.5239773664 , 1.20969587859e-23
-11.51885641 , 2.38110229417e-20
-11.5137354535 , 2.77396068406e-17
-11.5086144971 , 1.91268276554e-14
-11.5034935406 , 7.80559444192e-12
-11.4983725842 , 1.88533884398e-09
-11.4932516277 , 2.69521392945e-07
-11.4881306713 , 2.28043376937e-05
-11.4830097148 , 0.00114198941443
-11.4778887584 , 0.033847538147
-11.4727678019 , 0.593762119848
-11.4676468455 , 6.16478991792
-11.462525889 , 37.8830090472
-11.4574049326 , 137.781543646
-11.4522839761 , 296.591032733
-11.4471630197 , 377.872579089
-11.4420420632 , 284.939810063
-11.4369211068 , 127.16900518
-11.4318001503 , 33.5915317445
-11.4266791939 , 5.25168575915
-11.4215582374 , 0.485946037703
-11.4164372809 , 0.0266132398721
-11.4113163245 , 0.000862636520592
-11.406195368 , 1.65492501771e-05
-11.4010744116 , 1.87909696209e-07
-11.3959534551 , 1.26281708095e-09
-11.3908324987 , 5.02287178399e-12
-11.3857115422 , 1.18245364491e-14
-11.3805905858 , 1.64754218433e-17
-11.3754696293 , 1.35865549225e-20
-11.3703486729 , 6.63135900819e-24
-11.3652277164 , 1.91564979643e-27
-11.36010676 , 3.27529245351e-31
-11.3549858035 , 3.31468993495e-35
-11.3498648471 , 4.92195945226e-39
-11.3447438906 , 2.95093676301e-39
-11.3396229342 , 2.95093676301e-39
-11.3345019777 , 2.95093676301e-39
-11.3293810213 , 2.95093676301e-39
-11.3242600648 , 2.95093676301e-39
-11.3191391084 , 2.9670534688e-39
-11.3140181519 , 5.13069119457e-37
-11.3088971955 , 6.17773463561e-33
-11.303776239 , 4.42791702758e-29
-11.2986552826 , 1.87840659218e-25
-11.2935343261 , 4.71627837214e-22
-11.2884133697 , 7.00856258161e-19
-11.2832924132 , 6.16422067975e-16
-11.2781714568 , 3.20883287381e-13
-11.2730505003 , 9.88634395886e-11
-11.2679295439 , 1.80278539709e-08
-11.2628085874 , 1.94568282233e-06
-11.257687631 , 0.000124285297303
-11.2525666745 , 0.00469880220669
-11.2474457181 , 0.105141524606
-11.2423247616 , 1.39245469577
-11.2372038052 , 10.9145937516
-11.2320828487 , 50.6353451721
-11.2269618922 , 139.033569146
-11.2218409358 , 225.946316854
-11.2167199793 , 217.325435485
-11.2115990229 , 123.718757273
-11.2064780664 , 41.6850524338
-11.20135711 , 8.31328618586
-11.1962361535 , 0.996522103767
-11.1911151971 , 0.328977166139
-11.1859942406 , 2.61181278309
-11.1808732842 , 15.468801111
-11.1757523277 , 54.282315779
-11.1706313713 , 112.740912633
-11.1655104148 , 138.587566713
-11.1603894584 , 100.829248361
-11.1552685019 , 43.4178512519
-11.1501475455 , 11.0654647677
-11.145026589 , 1.66913140912
-11.1399056326 , 0.149015325605
-11.1347846761 , 0.00787391784531
-11.1296637197 , 0.000246246665782
-11.1245427632 , 4.55794809308e-06
-11.1194218068 , 4.99330308573e-08
-11.1143008503 , 3.23762106659e-10
-11.1091798939 , 1.24246351142e-12
-11.1040589374 , 2.82202466893e-15
-11.098937981 , 3.79365213476e-18
-11.0938170245 , 3.01837879242e-21
-11.0886960681 , 1.42137775113e-24
-11.0835751116 , 3.96154708473e-28
-11.0784541552 , 6.53491114959e-32
-11.0733331987 , 6.38314219526e-36
-11.0682122423 , 3.31444448962e-39
-11.0630912858 , 2.95093676301e-39
-11.0579703294 , 2.95093676301e-39
-11.0528493729 , 2.95093676301e-39
-11.0477284165 , 2.95093676301e-39
-11.04260746 , 2.95093676301e-39
-11.0374865035 , 2.95093676301e-39
-11.0323655471 , 2.95093676301e-39
-11.0272445906 , 2.95093676301e-39
-11.0221236342 , 2.95093676301e-39
-11.0170026777 , 2.95093676301e-39
-11.0118817213 , 2.95093676301e-39
-11.0067607648 , 2.95093676301e-39
-11.0016398084 , 2.95093676301e-39
-10.9965188519 , 2.95093676301e-39
-10.9913978955 , 2.95093676301e-39
-10.986276939 , 2.95093676301e-39
-10.9811559826 , 2.95093676301e-39
-10.9760350261 , 2.95093676301e-39
-10.9709140697 , 3.08297761186e-39
-10.9657931132 , 2.81261113417e-36
-10.9606721568 , 3.18676293658e-32
-10.9555512003 , 2.13925762162e-28
-10.9504302439 , 8.49955450888e-25
-10.9453092874 , 1.99870612752e-21
-10.940188331 , 2.78177134597e-18
-10.9350673745 , 2.29146706504e-15
-10.9299464181 , 1.11718607704e-12
-10.9248254616 , 3.22371852213e-10
-10.9197045052 , 5.50564771446e-08
-10.9145835487 , 5.56518272454e-06
-10.9094625923 , 0.000332943194507
-10.9043416358 , 0.0117890975294
-10.8992206794 , 0.247064691219
-10.8940997229 , 3.06450624577
-10.8889787665 , 22.4972815125
-10.88385781 , 97.7505667366
-10.8787368536 , 251.378637991
-10.8736158971 , 382.614166878
-10.8684949407 , 344.764067343
-10.8633739842 , 185.149500422
-10.8582530278 , 70.1518926903
-10.8531320713 , 74.2537448443
-10.8480111149 , 196.967431914
-10.8428901584 , 357.736155225
-10.8377692019 , 386.733864043
-10.8326482455 , 247.496922866
-10.827527289 , 93.7454913339
-10.8224063326 , 21.0160409907
-10.8172853761 , 2.78850383494
-10.8121644197 , 0.218983505425
-10.8070434632 , 0.0101782150652
-10.8019225068 , 0.000280632551403
-10.7968015503 , 4.64946130023e-05
-10.7916805939 , 0.00163410492627
-10.7865596374 , 0.0376852175086
-10.781438681 , 0.514390950609
-10.7763177245 , 4.15561353966
-10.7711967681 , 19.869938463
-10.7660758116 , 56.2312099106
-10.7609548552 , 94.1841604528
-10.7558338987 , 93.3679557328
-10.7507129423 , 54.7819347126
-10.7455919858 , 19.023762633
-10.7404710294 , 3.9099842453
-10.7353500729 , 0.475634264083
-10.7302291165 , 0.0342444973024
-10.72510816 , 0.00145924426141
-10.7199872036 , 3.68031277742e-05
-10.7148662471 , 5.49365018139e-07
-10.7097452907 , 4.85351984829e-09
-10.7046243342 , 2.53788626375e-11
-10.6995033778 , 7.85429188817e-14
-10.6943824213 , 1.43868123389e-16
-10.6892614649 , 1.66780890231e-18
-10.6841405084 , 1.30739638654e-15
-10.679019552 , 6.69156885738e-13
-10.6738985955 , 2.02706751155e-10
-10.6687776391 , 3.63436074163e-08
-10.6636566826 , 3.85662497759e-06
-10.6585357262 , 0.000242217961241
-10.6534147697 , 0.00900377920807
-10.6482938132 , 0.198090152592
-10.6431728568 , 2.57941068215
-10.6380519003 , 19.8791430629
-10.6329309439 , 90.6764234505
-10.6278099874 , 244.799576564
-10.622689031 , 391.152851159
-10.6175680745 , 369.914960415
-10.6124471181 , 207.050769527
-10.6073261616 , 68.5916673104
-10.6022052052 , 13.448858619
-10.5970842487 , 1.56069864771
-10.5919632923 , 0.107194434536
-10.5868423358 , 0.00435757608546
-10.5817213794 , 0.000104842478119
-10.5766004229 , 1.49296330684e-06
-10.5714794665 , 1.25828942884e-08
-10.56635851 , 6.27670213783e-11
-10.5612375536 , 1.85311362321e-13
-10.5561165971 , 3.23811400943e-16
-10.5509956407 , 3.34889691945e-19
-10.5458746842 , 2.0498920066e-22
-10.5407537278 , 7.42642400968e-26
-10.5356327713 , 1.5923849297e-29
-10.5305118149 , 2.0208615664e-33
-10.5253908584 , 3.59299113039e-37
-10.520269902 , 2.67933808833e-33
-10.5151489455 , 2.07679136961e-29
-10.5100279891 , 9.52748518777e-26
-10.5049070326 , 2.58692166442e-22
-10.4997860762 , 4.15726641833e-19
-10.4946651197 , 3.95413980174e-16
-10.4895441633 , 2.22595185434e-13
-10.4844232068 , 7.41650163561e-11
-10.4793022504 , 1.46252066302e-08
-10.4741812939 , 1.70696457468e-06
-10.4690603375 , 0.000117914330421
-10.463939381 , 0.0048209014527
-10.4588184245 , 0.116656650378
-10.4536974681 , 1.67074563074
-10.4485765116 , 14.1622008682
-10.4434555552 , 71.0510918347
-10.4383345987 , 210.974752879
-10.4332136423 , 370.776947695
-10.4280926858 , 385.722672747
-10.4229717294 , 238.183745009
-10.4178507729 , 92.2417267574
-10.4127298165 , 44.288779088
-10.40760886 , 70.2267335864
-10.4024879036 , 106.568093661
-10.3973669471 , 100.204603101
-10.3922459907 , 67.9709542457
-10.3871250342 , 86.4829467982
-10.3820040778 , 209.550548387
-10.3768831213 , 385.612698289
-10.3717621649 , 485.198574944
-10.3666412084 , 459.135352055
-10.361520252 , 344.456070225
-10.3563992955 , 215.18091768
-10.3512783391 , 200.359089817
-10.3461573826 , 358.466597636
-10.3410364262 , 547.93293639
-10.3359154697 , 555.2841711
-10.3307945133 , 366.206706674
-10.3256735568 , 156.10673439
-10.3205526004 , 42.2762691163
-10.3154316439 , 7.14513093568
-10.3103106875 , 1.18130524724
-10.305189731 , 4.89388156253
-10.3000687746 , 31.0010636296
-10.2949478181 , 117.308885703
-10.2898268617 , 262.784975704
-10.2847059052 , 348.949836407
-10.2795849488 , 278.196839003
-10.2744639923 , 148.31146756
-10.2693430359 , 89.72461632
-10.2642220794 , 88.7690595941
-10.2591011229 , 75.0504345085
-10.2539801665 , 39.5676014223
-10.24885921 , 12.4189442349
-10.2437382536 , 2.32342524118
-10.2386172971 , 0.591668342135
-10.2334963407 , 4.52611433262
-10.2283753842 , 36.0769830221
-10.2232544278 , 173.292591744
-10.2181334713 , 500.99103786
-10.2130125149 , 873.757017511
-10.2078915584 , 922.077982188
-10.202770602 , 596.396045397
-10.1976496455 , 263.308873694
-10.1925286891 , 138.633449793
-10.1874077326 , 126.021010904
-10.1822867762 , 97.7033928726
-10.1771658197 , 47.0730186838
-10.1720448633 , 13.4935108812
-10.1669239068 , 2.29424977736
-10.1618029504 , 0.322715720279
-10.1566819939 , 1.37021836452
-10.1515610375 , 11.7932458096
-10.146440081 , 60.9967913794
-10.1413191246 , 188.863298307
-10.1361981681 , 354.458193997
-10.1310772117 , 412.887923793
-10.1259562552 , 310.038983451
-10.1208352988 , 156.776639601
-10.1157143423 , 54.6374695852
-10.1105933859 , 12.9013549882
-10.1054724294 , 1.97833492542
-10.100351473 , 0.189289839652
-10.0952305165 , 0.0110114071033
-10.0901095601 , 0.000384032364964
-10.0849886036 , 7.97467419027e-06
-10.0798676472 , 9.8287641221e-08
-10.0747466907 , 2.25791851554e-09
-10.0696257342 , 2.21231000551e-07
-10.0645047778 , 1.8807894939e-05
-10.0593838213 , 0.000946368344005
-10.0542628649 , 0.0281838249959
-10.0491419084 , 0.49677459321
-10.044020952 , 5.18249075806
-10.0388999955 , 31.9990774603
-10.0337790391 , 116.938317536
-10.0286580826 , 252.934285272
-10.0235371262 , 323.939263704
-10.0184161697 , 247.208155299
-10.0132952133 , 123.597664738
-10.0081742568 , 88.9755657995
-10.0030533004 , 173.18439545
-9.99793234393 , 333.000981844
-9.99281138748 , 507.127613881
-9.98769043103 , 620.661519863
-9.98256947458 , 595.768452544
-9.97744851812 , 462.942923703
-9.97232756167 , 368.228342612
-9.96720660522 , 372.537611956
-9.96208564877 , 396.565670036
-9.95696469232 , 466.956501319
-9.95184373587 , 661.383302082
-9.94672277942 , 805.966649364
-9.94160182296 , 714.237855904
-9.93648086651 , 479.937183551
-9.93135991006 , 278.497603414
-9.92623895361 , 237.240206735
-9.92111799716 , 402.001134809
-9.91599704071 , 646.374568776
-9.91087608426 , 773.200703374
-9.90575512781 , 719.580752192
-9.90063417135 , 531.907816974
-9.8955132149 , 290.010463901
-9.89039225845 , 105.71848998
-9.885271302 , 25.4801617342
-9.88015034555 , 12.0065507733
-9.8750293891 , 31.3741709079
-9.86990843265 , 65.9026036299
-9.86478747619 , 82.6196065603
-9.85966651974 , 61.3151214944
-9.85454556329 , 26.9323071079
-9.84942460684 , 7.00163712451
-9.84430365039 , 1.07770630902
-9.83918269394 , 0.109210100404
-9.83406173749 , 0.193445233096
-9.82894078104 , 1.88771083271
-9.82381982458 , 11.2075057472
-9.81869886813 , 39.4003804442
-9.81357791168 , 82.269677133
-9.80845695523 , 105.136358343
-9.80333599878 , 104.617506959
-9.79821504233 , 169.376069926
-9.79309408588 , 384.469722426
-9.78797312942 , 646.527318159
-9.78285217297 , 707.522378988
-9.77773121652 , 528.733193601
-9.77261026007 , 358.428611258
-9.76748930362 , 333.606273189
-9.76236834717 , 314.567867647
-9.75724739072 , 200.309650877
-9.75212643427 , 77.1970360351
-9.74700547781 , 17.6716203297
-9.74188452136 , 2.4038125327
-9.73676356491 , 0.390700654452
-9.73164260846 , 2.87290849455
-9.72652165201 , 24.7493022267
-9.72140069556 , 128.438674955
-9.71627973911 , 401.43640367
-9.71115878265 , 757.932911228
-9.7060378262 , 866.965851893
-9.70091686975 , 603.471473223
-9.6957959133 , 266.603538292
-9.69067495685 , 124.229873439
-9.6855540004 , 174.270281725
-9.68043304395 , 271.174364944
-9.6753120875 , 266.963624752
-9.67019113104 , 181.479811094
-9.66507017459 , 179.67290177
-9.65994921814 , 336.620254566
-9.65482826169 , 501.501703438
-9.64970730524 , 473.215145689
-9.64458634879 , 318.410933183
-9.63946539234 , 239.176426022
-9.63434443588 , 234.592540571
-9.62922347943 , 199.696578906
-9.62410252298 , 136.320868322
-9.61898156653 , 82.3955695189
-9.61386061008 , 40.522181873
-9.60873965363 , 13.5961837822
-9.60361869718 , 2.82670448634
-9.59849774073 , 0.3524065749
-9.59337678427 , 0.0260967844808
-9.58825582782 , 0.00114491523336
-9.58313487137 , 2.97367897156e-05
-9.57801391492 , 4.58325815621e-07
-9.57289295847 , 1.80391295623e-07
-9.56777200202 , 1.57545585181e-05
-9.56265104557 , 0.000835222185565
-9.55753008911 , 0.0262627822585
-9.55240913266 , 0.489885916003
-9.54728817621 , 5.42198148666
-9.54216721976 , 35.6215793915
-9.53704626331 , 139.107609368
-9.53192530686 , 324.702020599
-9.52680435041 , 463.845031365
-9.52168339396 , 443.855208054
-9.5165624375 , 357.189233678
-9.51144148105 , 285.225717511
-9.5063205246 , 187.276091562
-9.50119956815 , 81.259388311
-9.4960786117 , 21.5339848164
-9.49095765525 , 4.5536545557
-9.4858366988 , 10.391023796
-9.48071574234 , 50.9445640596
-9.47559478589 , 152.410949487
-9.47047382944 , 271.030321329
-9.46535287299 , 294.804170889
-9.46023191654 , 241.733781658
-9.45511096009 , 288.275962928
-9.44999000364 , 497.448424294
-9.44486904719 , 719.861039809
-9.43974809073 , 836.440649446
-9.43462713428 , 856.175183887
-9.42950617783 , 741.731938608
-9.42438522138 , 493.549857809
-9.41926426493 , 250.689854682
-9.41414330848 , 102.895331249
-9.40902235203 , 33.6439404151
-9.40390139557 , 8.02696742632
-9.39878043912 , 3.43766076791
-9.39365948267 , 17.2052976544
-9.38853852622 , 76.7336120022
-9.38341756977 , 203.810897356
-9.37829661332 , 320.430374204
-9.37317565687 , 298.331908888
-9.36805470042 , 166.319823344
-9.36293374396 , 68.2255899141
-9.35781278751 , 70.7741741148
-9.35269183106 , 149.837128232
-9.34757087461 , 230.321588909
-9.34244991816 , 282.307076104
-9.33732896171 , 408.48746752
-9.33220800526 , 607.358786987
-9.32708704881 , 631.481303234
-9.32196609235 , 404.405215783
-9.3168451359 , 175.425234674
-9.31172417945 , 123.3547332
-9.306603223 , 203.072588994
-9.30148226655 , 276.576483855
-9.2963613101 , 284.995550308
-9.29124035365 , 294.676321613
-9.28611939719 , 301.115989056
-9.28099844074 , 225.524071693
-9.27587748429 , 107.56443336
-9.27075652784 , 43.3916944108
-9.26563557139 , 66.4787844829
-9.26051461494 , 166.23083998
-9.25539365849 , 264.667111385
-9.25027270204 , 250.713474515
-9.24515174558 , 146.742637743
-9.24003078913 , 88.2540848943
-9.23490983268 , 160.267597045
-9.22978887623 , 323.597664465
-9.22466791978 , 407.64434167
-9.21954696333 , 307.019777594
-9.21442600688 , 148.43328009
-9.20930505042 , 79.1338874355
-9.20418409397 , 89.3276225445
-9.19906313752 , 101.666825564
-9.19394218107 , 104.255982653
-9.18882122462 , 160.36230448
-9.18370026817 , 292.863171157
-9.17857931172 , 447.925385563
-9.17345835527 , 559.366709731
-9.16833739881 , 536.478157785
-9.16321644236 , 352.835762308
-9.15809548591 , 147.67453531
-9.15297452946 , 38.1074880997
-9.14785357301 , 6.11341356428
-9.14273261656 , 2.10132999959
-9.13761166011 , 11.3511773048
-9.13249070365 , 50.7831487801
-9.1273697472 , 143.602145038
-9.12224879075 , 278.123192609
-9.1171278343 , 419.961058689
-9.11200687785 , 543.254727169
-9.1068859214 , 585.069421868
-9.10176496495 , 474.566995682
-9.0966440085 , 264.380076586
-9.09152305204 , 100.283433571
-9.08640209559 , 53.1776007022
-9.08128113914 , 101.115199452
-9.07616018269 , 176.155374092
-9.07103922624 , 186.736710899
-9.06591826979 , 121.961459192
-9.06079731334 , 72.2515489258
-9.05567635688 , 102.161750637
-9.05055540043 , 176.318601168
-9.04543444398 , 196.082678443
-9.04031348753 , 132.055614974
-9.03519253108 , 66.3230281617
-9.03007157463 , 73.650322045
-9.02495061818 , 167.985401054
-9.01982966173 , 317.075411628
-9.01470870527 , 443.845419099
-9.00958774882 , 489.222770454
-9.00446679237 , 485.221940007
-8.99934583592 , 500.469531703
-8.99422487947 , 575.988228013
-8.98910392302 , 676.890776338
-8.98398296657 , 655.530834529
-8.97886201011 , 441.718402152
-8.97374105366 , 190.890771157
-8.96862009721 , 51.2209888044
-8.96349914076 , 8.77962206377
-8.95837818431 , 4.69359571849
-8.95325722786 , 24.0049650744
-8.94813627141 , 88.3213067063
-8.94301531496 , 193.944645238
-8.9378943585 , 257.892029048
-8.93277340205 , 219.909849313
-8.9276524456 , 144.15349672
-8.92253148915 , 117.632173244
-8.9174105327 , 186.486975643
-8.91228957625 , 336.066905136
-8.9071686198 , 434.172881554
-8.90204766334 , 385.128223772
-8.89692670689 , 296.561635408
-8.89180575044 , 314.243991148
-8.88668479399 , 455.615492781
-8.88156383754 , 653.761764227
-8.87644288109 , 740.284907183
-8.87132192464 , 567.465734955
-8.86620096819 , 273.158874795
-8.86108001173 , 80.3168675992
-8.85595905528 , 14.8063767545
-8.85083809883 , 6.88820073946
-8.84571714238 , 31.6462300029
-8.84059618593 , 111.10070558
-8.83547522948 , 239.059201419
-8.83035427303 , 331.215995207
-8.82523331657 , 326.952305541
-8.82011236012 , 254.13093374
-8.81499140367 , 153.378103935
-8.80987044722 , 69.5520587109
-8.80474949077 , 50.4532887396
-8.79962853432 , 118.749461517
-8.79450757787 , 250.166348807
-8.78938662142 , 355.840374182
-8.78426566496 , 365.331698672
-8.77914470851 , 307.969847394
-8.77402375206 , 284.56500387
-8.76890279561 , 337.651378391
-8.76378183916 , 348.676671161
-8.75866088271 , 234.443054182
-8.75353992626 , 95.0443243944
-8.7484189698 , 22.8849041497
-8.74329801335 , 3.26355807474
-8.7381770569 , 0.275799796839
-8.73305610045 , 0.0237566008539
-8.727935144 , 0.20301752889
-8.72281418755 , 2.48255852705
-8.7176932311 , 18.4103152388
-8.71257227465 , 82.8719562562
-8.70745131819 , 228.547430352
-8.70233036174 , 399.137064692
-8.69720940529 , 486.265363688
-8.69208844884 , 489.147864573
-8.68696749239 , 435.264134932
-8.68184653594 , 316.446939952
-8.67672557949 , 224.889888136
-8.67160462303 , 248.125978735
-8.66648366658 , 351.416225668
-8.66136271013 , 471.320941222
-8.65624175368 , 549.078791403
-8.65112079723 , 552.095074932
-8.64599984078 , 507.299867593
-8.64087888433 , 486.797485145
-8.63575792788 , 514.953146698
-8.63063697142 , 481.946518518
-8.62551601497 , 333.765860813
-8.62039505852 , 209.315408851
-8.61527410207 , 229.039644302
-8.61015314562 , 321.479582546
-8.60503218917 , 358.983083037
-8.59991123272 , 321.064861363
-8.59479027626 , 232.215852776
-8.58966931981 , 130.093248704
-8.58454836336 , 84.2180825534
-8.57942740691 , 125.242094992
-8.57430645046 , 234.477298866
-8.56918549401 , 357.760266432
-8.56406453756 , 382.255804009
-8.55894358111 , 264.077703551
-8.55382262465 , 131.977088561
-8.5487016682 , 102.009679049
-8.54358071175 , 139.737226739
-8.5384597553 , 146.48019766
-8.53333879885 , 104.168223922
-8.5282178424 , 89.5900311512
-8.52309688595 , 148.120561168
-8.51797592949 , 222.789852175
-8.51285497304 , 236.834881656
-8.50773401659 , 214.803251586
-8.50261306014 , 229.116537142
-8.49749210369 , 252.595472175
-8.49237114724 , 211.189482393
-8.48725019079 , 150.138965733
-8.48212923434 , 157.538288738
-8.47700827788 , 218.328453992
-8.47188732143 , 306.146183254
-8.46676636498 , 447.38026587
-8.46164540853 , 562.542945446
-8.45652445208 , 502.58727444
-8.45140349563 , 296.824881424
-8.44628253918 , 112.511597833
-8.44116158272 , 27.8835814621
-8.43604062627 , 14.5102713634
-8.43091966982 , 56.9813539984
-8.42579871337 , 186.138848493
-8.42067775692 , 395.965221173
-8.41555680047 , 595.87967873
-8.41043584402 , 691.49860662
-8.40531488757 , 614.936601492
-8.40019393111 , 385.572498072
-8.39507297466 , 170.345075105
-8.38995201821 , 103.418742825
-8.38483106176 , 167.034462546
-8.37971010531 , 248.580953337
-8.37458914886 , 278.910448212
-8.36946819241 , 352.248141206
-8.36434723595 , 534.525559061
-8.3592262795 , 656.451106349
-8.35410532305 , 577.823072224
-8.3489843666 , 406.782639909
-8.34386341015 , 254.904176651
-8.3387424537 , 128.510884094
-8.33362149725 , 43.9675528522
-8.3285005408 , 9.32341153902
-8.32337958434 , 1.19052023253
-8.31825862789 , 0.172627946556
-8.31313767144 , 1.08387227621
-8.30801671499 , 8.33120218433
-8.30289575854 , 38.041861266
-8.29777480209 , 102.811322974
-8.29265384564 , 164.452225052
-8.28753288918 , 155.68953718
-8.28241193273 , 87.2511327342
-8.27729097628 , 29.2102115997
-8.27217001983 , 8.75315256645
-8.26704906338 , 20.6520221637
-8.26192810693 , 76.984502655
-8.25680715048 , 175.25035782
-8.25168619403 , 236.280042975
-8.24656523757 , 188.910576375
-8.24144428112 , 92.6155551474
-8.23632332467 , 43.7618087483
-8.23120236822 , 62.8087100068
-8.22608141177 , 108.450553238
-8.22096045532 , 118.633772192
-8.21583949887 , 85.0914179768
-8.21071854241 , 78.8436393861
-8.20559758596 , 165.080496941
-8.20047662951 , 298.874864521
-8.19535567306 , 332.148875935
-8.19023471661 , 223.774187808
-8.18511376016 , 113.449656073
-8.17999280371 , 115.836413196
-8.17487184726 , 247.799860184
-8.1697508908 , 503.59398266
-8.16462993435 , 775.262518749
-8.1595089779 , 798.872379645
-8.15438802145 , 515.256803722
-8.149267065 , 202.69599668
-8.14414610855 , 49.6984226668
-8.1390251521 , 17.7274555197
-8.13390419564 , 43.9858190746
-8.12878323919 , 102.719422252
-8.12366228274 , 143.86971202
-8.11854132629 , 120.007989003
-8.11342036984 , 66.5679188658
-8.10829941339 , 68.3225474736
-8.10317845694 , 205.792557221
-8.09805750049 , 501.354017984
-8.09293654403 , 774.734982692
-8.08781558758 , 747.45935164
-8.08269463113 , 447.063339222
-8.07757367468 , 166.686220342
-8.07245271823 , 55.8292573991
-8.06733176178 , 91.0990762163
-8.06221080533 , 238.719081412
-8.05708984887 , 413.776043827
-8.05196889242 , 463.103682552
-8.04684793597 , 347.891380065
-8.04172697952 , 213.638183453
-8.03660602307 , 218.029198313
-8.03148506662 , 374.533885377
-8.02636411017 , 564.038845658
-8.02124315372 , 642.994700823
-8.01612219726 , 542.848384664
-8.01100124081 , 329.430265478
-8.00588028436 , 152.833212313
-8.00075932791 , 104.49672674
-7.99563837146 , 152.36320568
-7.99051741501 , 189.741403951
-7.98539645856 , 152.589657746
-7.9802755021 , 89.0699462684
-7.97515454565 , 83.855252606
-7.9700335892 , 163.826600408
-7.96491263275 , 254.955786175
-7.9597916763 , 256.872149641
-7.95467071985 , 204.651323477
-7.9495497634 , 198.598544628
-7.94442880695 , 242.823830646
-7.93930785049 , 317.109946694
-7.93418689404 , 414.096380114
-7.92906593759 , 470.356419063
-7.92394498114 , 445.330280055
-7.91882402469 , 383.79765403
-7.91370306824 , 315.35144233
-7.90858211179 , 274.664979079
-7.90346115533 , 360.501188647
-7.89834019888 , 556.857390421
-7.89321924243 , 666.740150818
-7.88809828598 , 551.182967954
-7.88297732953 , 303.432415421
-7.87785637308 , 107.695449696
-7.87273541663 , 24.8693041423
-7.86761446018 , 13.349730055
-7.86249350372 , 62.850743276
-7.85737254727 , 233.444736519
-7.85225159082 , 526.46004417
-7.84713063437 , 721.386339743
-7.84200967792 , 603.458112773
-7.83688872147 , 309.409558835
-7.83176776502 , 97.4770743911
-7.82664680856 , 19.1300564941
-7.82152585211 , 5.04435562763
-7.81640489566 , 17.6862995825
-7.81128393921 , 65.569175995
-7.80616298276 , 149.408027091
-7.80104202631 , 225.467316984
-7.79592106986 , 300.903314771
-7.79080011341 , 475.931973249
-7.78567915695 , 688.15117836
-7.7805582005 , 675.452966155
-7.77543724405 , 413.711377651
-7.7703162876 , 170.754794477
-7.76519533115 , 110.443150308
-7.7600743747 , 213.16055699
-7.75495341825 , 407.099935687
-7.74983246179 , 589.405939139
-7.74471150534 , 661.098597627
-7.73959054889 , 659.686061118
-7.73446959244 , 677.057786731
-7.72934863599 , 629.109979448
-7.72422767954 , 425.687208561
-7.71910672309 , 187.865654515
-7.71398576664 , 52.4469846504
-7.70886481018 , 16.165097868
-7.70374385373 , 46.1779454876
-7.69862289728 , 167.421986257
-7.69350194083 , 380.795173979
-7.68838098438 , 538.6856102
-7.68326002793 , 478.382011262
-7.67813907148 , 279.313424378
-7.67301811502 , 171.557445684
-7.66789715857 , 287.405479249
-7.66277620212 , 569.742346697
-7.65765524567 , 775.914124289
-7.65253428922 , 706.11302794
-7.64741333277 , 449.350029439
-7.64229237632 , 213.055798753
-7.63717141987 , 78.5828100083
-7.63205046341 , 31.6909230851
-7.62692950696 , 67.1167570767
-7.62180855051 , 219.864500739
-7.61668759406 , 465.043405942
-7.61156663761 , 612.253347719
-7.60644568116 , 519.163654677
-7.60132472471 , 319.773284164
-7.59620376825 , 185.08489404
-7.5910828118 , 109.017513317
-7.58596185535 , 50.2490749312
-7.5808408989 , 14.8967891694
-7.57571994245 , 2.66752383746
-7.570598986 , 0.288174021256
-7.56547802955 , 0.116953710766
-7.5603570731 , 1.41664093925
-7.55523611664 , 12.1604728678
-7.55011516019 , 63.5403393396
-7.54499420374 , 206.401801616
-7.53987324729 , 429.78501811
-7.53475229084 , 592.539369281
-7.52963133439 , 552.88748461
-7.52451037794 , 363.40304179
-7.51938942148 , 227.969041069
-7.51426846503 , 272.808399046
-7.50914750858 , 464.256123144
-7.50402655213 , 654.961471669
-7.49890559568 , 656.761829562
-7.49378463923 , 470.344920488
-7.48866368278 , 309.837918209
-7.48354272633 , 305.148828784
-7.47842176987 , 379.002892504
-7.47330081342 , 421.100828199
-7.46817985697 , 470.741037647
-7.46305890052 , 588.150758096
-7.45793794407 , 712.576950464
-7.45281698762 , 728.240599782
-7.44769603117 , 570.17736147
-7.44257507471 , 328.912235317
-7.43745411826 , 174.958908283
-7.43233316181 , 142.183524692
-7.42721220536 , 131.023457441
-7.42209124891 , 102.90494836
-7.41697029246 , 130.401787154
-7.41184933601 , 257.175377309
-7.40672837956 , 395.403900941
-7.4016074231 , 421.311399961
-7.39648646665 , 321.894567739
-7.3913655102 , 175.402188495
-7.38624455375 , 66.2047756877
-7.3811235973 , 29.5098261349
-7.37600264085 , 66.7309702299
-7.3708816844 , 185.547485846
-7.36576072794 , 393.947149614
-7.36063977149 , 710.087217588
-7.35551881504 , 1050.69347871
-7.35039785859 , 1136.2236344
-7.34527690214 , 881.970642233
-7.34015594569 , 531.590886846
-7.33503498924 , 271.29743808
-7.32991403279 , 166.270000531
-7.32479307633 , 216.011942474
-7.31967211988 , 298.088993352
-7.31455116343 , 277.534564149
-7.30943020698 , 210.639537388
-7.30430925053 , 275.59897994
-7.29918829408 , 503.564571768
-7.29406733763 , 682.519175323
-7.28894638118 , 608.684385837
-7.28382542472 , 384.708307129
-7.27870446827 , 266.478545202
-7.27358351182 , 318.289370707
-7.26846255537 , 393.444465389
-7.26334159892 , 412.242374707
-7.25822064247 , 467.702954776
-7.25309968602 , 553.533503675
-7.24797872956 , 501.824628462
-7.24285777311 , 297.706741354
-7.23773681666 , 110.076717377
-7.23261586021 , 25.0160946652
-7.22749490376 , 4.94828364475
-7.22237394731 , 10.5597489158
-7.21725299086 , 40.3950638214
-7.21213203441 , 93.9153117194
-7.20701107795 , 129.912094336
-7.2018901215 , 112.204310991
-7.19676916505 , 88.8244868326
-7.1916482086 , 136.705655114
-7.18652725215 , 234.454348696
-7.1814062957 , 262.35724017
-7.17628533925 , 187.27631526
-7.17116438279 , 136.460509502
-7.16604342634 , 212.037421711
-7.16092246989 , 338.721815588
-7.15580151344 , 346.983464618
-7.15068055699 , 226.904895981
-7.14555960054 , 147.091187012
-7.14043864409 , 198.530938468
-7.13531768764 , 283.962034555
-7.13019673118 , 275.158915535
-7.12507577473 , 214.891307905
-7.11995481828 , 207.153749679
-7.11483386183 , 216.310881361
-7.10971290538 , 185.544258026
-7.10459194893 , 165.647965929
-7.09947099248 , 188.492675008
-7.09435003602 , 200.787285738
-7.08922907957 , 196.333702172
-7.08410812312 , 252.394873608
-7.07898716667 , 365.564418138
-7.07386621022 , 416.975151875
-7.06874525377 , 348.825163556
-7.06362429732 , 236.226763696
-7.05850334087 , 195.640305178
-7.05338238441 , 278.214538204
-7.04826142796 , 399.431279168
-7.04314047151 , 451.294466734
-7.03801951506 , 424.607876866
-7.03289855861 , 327.24170087
-7.02777760216 , 216.368188888
-7.02265664571 , 218.506445646
-7.01753568925 , 349.094488153
-7.0124147328 , 479.442351051
-7.00729377635 , 501.876867854
-7.0021728199 , 402.508323519
-6.99705186345 , 234.16400957
-6.991930907 , 91.0933907349
-6.98680995055 , 22.4158929048
-6.9816889941 , 4.58083693977
-6.97656803764 , 11.0503538279
-6.97144708119 , 56.2992705015
-6.96632612474 , 180.87759616
-6.96120516829 , 365.443966333
-6.95608421184 , 477.522676572
-6.95096325539 , 413.319485615
-6.94584229894 , 245.494903611
-6.94072134248 , 128.268512308
-6.93560038603 , 112.4704567
-6.93047942958 , 123.99948955
-6.92535847313 , 101.892087106
-6.92023751668 , 95.5320113332
-6.91511656023 , 202.035436099
-6.90999560378 , 427.458427936
-6.90487464733 , 612.858373418
-6.89975369087 , 587.340257216
-6.89463273442 , 381.228716763
-6.88951177797 , 169.216101419
-6.88439082152 , 72.2295865369
-6.87926986507 , 101.488737321
-6.87414890862 , 199.355554953
-6.86902795217 , 250.144336369
-6.86390699571 , 189.930697165
-6.85878603926 , 104.430489551
-6.85366508281 , 95.5857289172
-6.84854412636 , 148.111740408
-6.84342316991 , 167.565095028
-6.83830221346 , 114.871177685
-6.83318125701 , 51.3081687807
-6.82806030056 , 38.3046914709
-6.8229393441 , 88.4012255465
-6.81781838765 , 167.368529796
-6.8126974312 , 214.374996533
-6.80757647475 , 261.140727153
-6.8024555183 , 411.531041537
-6.79733456185 , 598.211088215
-6.7922136054 , 643.712159803
-6.78709264894 , 559.951648319
-6.78197169249 , 452.275226917
-6.77685073604 , 357.855452938
-6.77172977959 , 281.531680206
-6.76660882314 , 191.217004695
-6.76148786669 , 90.777828792
-6.75636691024 , 26.9931519535
-6.75124595379 , 6.16512042271
-6.74612499733 , 12.4654242848
-6.74100404088 , 62.0526354314
-6.73588308443 , 192.31330236
-6.73076212798 , 359.622049772
-6.72564117153 , 424.010525469
-6.72052021508 , 380.639360667
-6.71539925863 , 374.844773558
-6.71027830217 , 389.486009873
-6.70515734572 , 301.821097454
-6.70003638927 , 166.887734951
-6.69491543282 , 117.310041761
-6.68979447637 , 152.449402456
-6.68467351992 , 176.520392874
-6.67955256347 , 152.84329271
-6.67443160702 , 117.757813543
-6.66931065056 , 81.8669720213
-6.66418969411 , 43.4365601794
-6.65906873766 , 26.7623193555
-6.65394778121 , 56.7895727716
-6.64882682476 , 129.75881257
-6.64370586831 , 183.014536452
-6.63858491186 , 153.094037218
-6.6334639554 , 75.8255308128
-6.62834299895 , 22.6157800886
-6.6232220425 , 8.21336958372
-6.61810108605 , 28.5152391257
-6.6129801296 , 107.86580045
-6.60785917315 , 248.30664201
-6.6027382167 , 352.839911074
-6.59761726025 , 332.295841271
-6.59249630379 , 242.218384347
-6.58737534734 , 187.352804569
-6.58225439089 , 223.495964677
-6.57713343444 , 302.526249802
-6.57201247799 , 290.380717614
-6.56689152154 , 170.813856166
-6.56177056509 , 61.298022722
-6.55664960863 , 23.4394363257
-6.55152865218 , 47.9630791838
-6.54640769573 , 116.568494386
-6.54128673928 , 179.599154383
-6.53616578283 , 194.681260086
-6.53104482638 , 216.032557669
-6.52592386993 , 307.396094316
-6.52080291348 , 412.386868022
-6.51568195702 , 417.767813689
-6.51056100057 , 301.519871594
-6.50544004412 , 155.500321531
-6.50031908767 , 78.6727627135
-6.49519813122 , 99.6599252309
-6.49007717477 , 165.41400439
-6.48495621832 , 180.894445442
-6.47983526186 , 128.263815186
-6.47471430541 , 90.0861274541
-6.46959334896 , 106.861781978
-6.46447239251 , 122.08363447
-6.45935143606 , 89.1666443981
-6.45423047961 , 38.8839593912
-6.44910952316 , 10.0613626383
-6.44398856671 , 1.84466448821
-6.43886761025 , 3.66436319615
-6.4337466538 , 24.1544172854
-6.42862569735 , 99.2826808263
-6.4235047409 , 245.29586487
-6.41838378445 , 364.786735534
-6.413262828 , 328.879513288
-6.40814187155 , 187.051592027
-6.40302091509 , 80.3673159714
-6.39789995864 , 37.9046371127
-6.39277900219 , 19.0952950595
-6.38765804574 , 7.05359493245
-6.38253708929 , 1.83557688079
-6.37741613284 , 2.97630644132
-6.37229517639 , 20.2401232114
-6.36717421994 , 90.8174203288
-6.36205326348 , 253.681330698
-6.35693230703 , 447.936015343
-6.35181135058 , 505.426638571
-6.34669039413 , 364.580820603
-6.34156943768 , 166.694659734
-6.33644848123 , 49.7782552281
-6.33132752478 , 19.3080430037
-6.32620656832 , 29.7763076978
-6.32108561187 , 44.7034586331
-6.31596465542 , 40.8152285182
-6.31084369897 , 22.0808385181
-6.30572274252 , 7.07566626108
-6.30060178607 , 1.44957005225
-6.29548082962 , 1.4952465363
-6.29035987317 , 9.77774926897
-6.28523891671 , 41.9865336315
-6.28011796026 , 106.815952221
-6.27499700381 , 160.83764205
-6.26987604736 , 143.356833161
-6.26475509091 , 75.943221889
-6.25963413446 , 26.8709846857
-6.25451317801 , 23.2599959526
-6.24939222155 , 67.2832268733
-6.2442712651 , 150.718133231
-6.23915030865 , 236.751181192
-6.2340293522 , 293.745694735
-6.22890839575 , 318.077598901
-6.2237874393 , 319.931753752
-6.21866648285 , 301.519185609
-6.2135455264 , 232.640711898
-6.20842456994 , 135.397898606
-6.20330361349 , 108.512488701
-6.19818265704 , 205.905610641
-6.19306170059 , 350.005936983
-6.18794074414 , 379.135329304
-6.18281978769 , 253.246957206
-6.17769883124 , 103.600827926
-6.17257787478 , 25.7954805038
-6.16745691833 , 3.88506663393
-6.16233596188 , 0.360499301247
-6.15721500543 , 0.169593845037
-6.15209404898 , 1.55825442555
-6.14697309253 , 9.54123876764
-6.14185213608 , 34.5977874759
-6.13673117963 , 74.3873591855
-6.13161022317 , 96.2793322499
-6.12648926672 , 85.3525065851
-6.12136831027 , 93.681346598
-6.11624735382 , 168.800304414
-6.11112639737 , 254.555658826
-6.10600544092 , 249.947304639
-6.10088448447 , 159.411434856
-6.09576352801 , 74.4946114517
-6.09064257156 , 58.7624003866
-6.08552161511 , 126.036891967
-6.08040065866 , 234.538717967
-6.07527970221 , 279.099502946
-6.07015874576 , 206.070201212
-6.06503778931 , 97.1328932228
-6.05991683286 , 43.1238313454
-6.0547958764 , 43.1577389323
-6.04967491995 , 50.3211945737
-6.0445539635 , 38.0116384542
-6.03943300705 , 20.1872612872
-6.0343120506 , 29.2540902896
-6.02919109415 , 111.757354852
-6.0240701377 , 298.438997034
-6.01894918124 , 481.666382797
-6.01382822479 , 470.022877442
-6.00870726834 , 291.857579193
-6.00358631189 , 172.443074461
-5.99846535544 , 215.238279407
-5.99334439899 , 334.490047038
-5.98822344254 , 411.473886555
-5.98310248609 , 402.448889122
-5.97798152963 , 314.402055459
-5.97286057318 , 194.333710115
-5.96773961673 , 107.729901904
-5.96261866028 , 62.2677924931
-5.95749770383 , 31.543310056
-5.95237674738 , 10.9146998825
-5.94725579093 , 2.32307775264
-5.94213483447 , 0.29545234991
-5.93701387802 , 0.0222923114358
-5.93189292157 , 0.000996761440269
-5.92677196512 , 7.1511268584e-05
-5.92165100867 , 0.00179292489454
-5.91653005222 , 0.0422478818269
-5.91140909577 , 0.591692902682
-5.90628813932 , 4.92762140636
-5.90116718286 , 24.4207321306
-5.89604622641 , 72.0801099905
-5.89092526996 , 126.816915013
-5.88580431351 , 133.111117214
-5.88068335706 , 83.4220282772
-5.87556240061 , 31.2388629497
-5.87044144416 , 6.99818550065
-5.8653204877 , 1.03825403828
-5.86019953125 , 1.47765311722
-5.8550785748 , 11.5278428465
-5.84995761835 , 56.494191138
-5.8448366619 , 165.475902007
-5.83971570545 , 290.101223568
-5.834594749 , 305.696288104
-5.82947379255 , 199.69130275
-5.82435283609 , 103.853831851
-5.81923187964 , 90.7970300167
-5.81411092319 , 110.277799433
-5.80898996674 , 109.516912918
-5.80386901029 , 108.716394742
-5.79874805384 , 121.35928726
-5.79362709739 , 107.361235623
-5.78850614093 , 60.2324856693
-5.78338518448 , 20.3572763791
-5.77826422803 , 5.34327712938
-5.77314327158 , 10.8022943116
-5.76802231513 , 49.0740144281
-5.76290135868 , 139.580905365
-5.75778040223 , 238.483351238
-5.75265944578 , 245.939665311
-5.74753848932 , 161.331227482
-5.74241753287 , 104.732987166
-5.73729657642 , 148.221408397
-5.73217561997 , 226.171345818
-5.72705466352 , 220.940158595
-5.72193370707 , 132.783995242
-5.71681275062 , 67.6246471731
-5.71169179416 , 80.590198497
-5.70657083771 , 131.215210755
-5.70144988126 , 142.770436511
-5.69632892481 , 108.25360893
-5.69120796836 , 104.212842334
-5.68608701191 , 160.408263635
-5.68096605546 , 198.093468392
-5.67584509901 , 152.346678337
-5.67072414255 , 75.5883129795
-5.6656031861 , 48.1757693435
-5.66048222965 , 87.0452636631
-5.6553612732 , 143.752029237
-5.65024031675 , 145.165733756
-5.6451193603 , 86.9287555641
-5.63999840385 , 30.8127623851
-5.63487744739 , 6.46428064784
-5.62975649094 , 0.802656079821
-5.62463553449 , 0.0589872800863
-5.61951457804 , 0.00256580498452
-5.61439362159 , 7.43722954249e-05
-5.60927266514 , 0.00041272606273
-5.60415170869 , 0.0120558158408
-5.59903075224 , 0.208935166307
-5.59390979578 , 2.14312461148
-5.58878883933 , 13.0107976169
-5.58366788288 , 46.7499378015
-5.57854692643 , 99.4211493008
-5.57342596998 , 125.140382854
-5.56830501353 , 93.2295500288
-5.56318405708 , 41.1875430964
-5.55806310062 , 11.8031359446
-5.55294214417 , 10.0105242684
-5.54782118772 , 38.7342290266
-5.54270023127 , 106.10771772
-5.53757927482 , 173.827336399
-5.53245831837 , 169.774446135
-5.52733736192 , 98.9056311304
-5.52221640547 , 34.3850295097
-5.51709544901 , 7.13631539927
-5.51197449256 , 0.884428821866
-5.50685353611 , 0.0678187078428
-5.50173257966 , 0.0562065579366
-5.49661162321 , 0.718648449168
-5.49149066676 , 5.83292133675
-5.48636971031 , 28.62076548
-5.48124875385 , 85.184810522
-5.4761277974 , 154.330326041
-5.47100684095 , 171.731241384
-5.4658858845 , 124.457983939
-5.46076492805 , 82.1815069862
-5.4556439716 , 90.5823881448
-5.45052301515 , 125.324423053
-5.4454020587 , 142.449211764
-5.44028110224 , 116.286456631
-5.43516014579 , 62.5822940926
-5.43003918934 , 20.9626859367
-5.42491823289 , 4.24438147487
-5.41979727644 , 0.512919693772
-5.41467631999 , 0.0368075893184
-5.40955536354 , 0.00161358383694
-5.40443440708 , 0.00190541544628
-5.39931345063 , 0.0431844735108
-5.39419249418 , 0.598797930864
-5.38907153773 , 4.97305003573
-5.38395058128 , 24.7733227742
-5.37882962483 , 74.5934649978
-5.37370866838 , 139.50116768
-5.36858771193 , 175.311360412
-5.36346675547 , 172.617606246
-5.35834579902 , 148.151027856
-5.35322484257 , 100.936686381
-5.34810388612 , 47.5959479031
-5.34298292967 , 19.5144987326
-5.33786197322 , 29.9320493285
-5.33274101677 , 77.2811355327
-5.32762006031 , 127.76320549
-5.32249910386 , 125.412064481
-5.31737814741 , 72.870948798
-5.31225719096 , 25.0634404356
-5.30713623451 , 5.14851158277
-5.30201527806 , 1.15714274484
-5.29689432161 , 3.72895408483
-5.29177336516 , 14.9034690264
-5.2866524087 , 36.759877558
-5.28153145225 , 61.7114198929
-5.2764104958 , 95.2186539999
-5.27128953935 , 160.684671414
-5.2661685829 , 222.976626481
-5.26104762645 , 207.385734637
-5.25592667 , 141.433383265
-5.25080571355 , 107.925755518
-5.24568475709 , 109.247706037
-5.24056380064 , 103.972030365
-5.23544284419 , 77.3777938752
-5.23032188774 , 49.3006852724
-5.22520093129 , 54.4277764902
-5.22007997484 , 96.1378147508
-5.21495901839 , 123.984828292
-5.20983806193 , 98.7890108461
-5.20471710548 , 54.5574189358
-5.19959614903 , 37.79630956
-5.19447519258 , 51.2213189838
-5.18935423613 , 75.6839137778
-5.18423327968 , 83.9395038005
-5.17911232323 , 60.5449746898
-5.17399136678 , 26.7345377018
-5.16887041032 , 7.06633846289
-5.16374945387 , 1.10951657978
-5.15862849742 , 0.103230536953
-5.15350754097 , 0.00568679987575
-5.14838658452 , 0.000185438800153
-5.14326562807 , 3.57906884583e-06
-5.13814467162 , 4.08850636935e-08
-5.13302371516 , 2.76427193301e-10
-5.12790275871 , 1.10615787064e-12
-5.12278180226 , 2.61983140546e-15
-5.11766084581 , 3.67239452731e-18
-5.11253988936 , 3.04680764707e-21
-5.10741893291 , 1.496099405e-24
-5.10229797646 , 4.94041676588e-28
-5.09717702001 , 2.27111398207e-25
-5.09205606355 , 5.15364442406e-22
-5.0869351071 , 6.92165773717e-19
-5.08181415065 , 5.5020661958e-16
-5.0766931942 , 2.58857986901e-13
-5.07157223775 , 7.2080458979e-11
-5.0664512813 , 1.18793923019e-08
-5.06133032485 , 1.15875951385e-06
-5.05620936839 , 6.68992015052e-05
-5.05108841194 , 0.00228612528611
-5.04596745549 , 0.0462508125841
-5.04084649904 , 0.554410597288
-5.03572554259 , 3.95057168369
-5.03060458614 , 16.956704738
-5.02548362969 , 46.1027766997
-5.02036267324 , 92.3779624704
-5.01524171678 , 170.441484992
-5.01012076033 , 283.619309325
-5.00499980388 , 339.304572048
-4.99987884743 , 255.48297634
-4.99475789098 , 121.367370314
-4.98963693453 , 64.1628246751
-4.98451597808 , 108.708005272
-4.97939502162 , 192.114432098
-4.97427406517 , 209.586439215
-4.96915310872 , 136.334143992
-4.96403215227 , 55.2351762257
-4.95891119582 , 19.4573300694
-4.95379023937 , 12.0083846352
-4.94866928292 , 8.9990011261
-4.94354832647 , 9.57648931349
-4.93842737001 , 34.1888607626
-4.93330641356 , 114.967912803
-4.92818545711 , 235.680021292
-4.92306450066 , 286.359439732
-4.91794354421 , 205.94420346
-4.91282258776 , 87.6614469428
-4.90770163131 , 22.0844881311
-4.90258067485 , 3.29295364229
-4.8974597184 , 0.290605258789
-4.89233876195 , 0.015178920774
-4.8872178055 , 0.000469243096818
-4.88209684905 , 8.58567536736e-06
-4.8769758926 , 9.29759463234e-08
-4.87185493615 , 5.95917753854e-10
-4.8667339797 , 2.26058902187e-12
-4.86161302324 , 5.07547247661e-15
-4.85649206679 , 6.74451791754e-18
-4.85137111034 , 5.30450571223e-21
-4.84625015389 , 2.46921270558e-24
-4.84112919744 , 6.80286194319e-28
-4.83600824099 , 1.10928820817e-31
-4.83088728454 , 1.07086800738e-35
-4.82576632808 , 3.55175481516e-39
-4.82064537163 , 2.95093676301e-39
-4.81552441518 , 2.95093676301e-39
-4.81040345873 , 2.95093676301e-39
-4.80528250228 , 2.95093676301e-39
-4.80016154583 , 2.95093676301e-39
-4.79504058938 , 2.95093676301e-39
-4.78991963293 , 2.95093676301e-39
-4.78479867647 , 1.67116479071e-38
-4.77967772002 , 2.05120625469e-34
-4.77455676357 , 1.80813646508e-30
-4.76943580712 , 9.43363592151e-27
-4.76431485067 , 2.91304255666e-23
-4.75919389422 , 5.3239547819e-20
-4.75407293777 , 5.75892865073e-17
-4.74895198131 , 3.68696358659e-14
-4.74383102486 , 1.39706241676e-11
-4.73871006841 , 3.13316005743e-09
-4.73358911196 , 4.15881080586e-07
-4.72846815551 , 3.26719876761e-05
-4.72334719906 , 0.00151915385452
-4.71822624261 , 0.0418068815141
-4.71310528616 , 0.680947449551
-4.7079843297 , 6.56446340898
-4.70286337325 , 37.4545579995
-4.6977424168 , 126.482351427
-4.69262146035 , 252.798792751
-4.6875005039 , 299.047289437
-4.68237954745 , 209.374870115
-4.677258591 , 86.7618990875
-4.67213763454 , 21.2791048182
-4.66701667809 , 3.08885461777
-4.66189572164 , 0.265375847121
-4.65677476519 , 0.0134942796445
-4.65165380874 , 0.000417468276238
-4.64653285229 , 0.000545795956944
-4.64141189584 , 0.0152273466937
-4.63629093939 , 0.257495356806
-4.63116998293 , 2.6165051384
-4.62604902648 , 16.0749728154
-4.62092807003 , 60.1533825679
-4.61580711358 , 138.173996633
-4.61068615713 , 196.125310015
-4.60556520068 , 172.663239081
-4.60044424423 , 94.3082785456
-4.59532328777 , 32.8829627088
-4.59020233132 , 17.3430927826
-4.58508137487 , 61.4914051193
-4.57996041842 , 202.002553725
-4.57483946197 , 397.839168766
-4.56971850552 , 463.882943549
-4.56459754907 , 320.199537765
-4.55947659262 , 131.798882815
-4.55435563616 , 40.8839998311
-4.54923467971 , 53.4157591354
-4.54411372326 , 152.948876463
-4.53899276681 , 281.786207391
-4.53387181036 , 308.023592926
-4.52875085391 , 199.710166996
-4.52362989746 , 80.1946695133
-4.518508941 , 37.0616037667
-4.51338798455 , 61.655465461
-4.5082670281 , 105.581783008
-4.50314607165 , 110.815242508
-4.4980251152 , 68.9775627246
-4.49290415875 , 25.8980881902
-4.4877832023 , 10.4410651475
-4.48266224585 , 28.8164442903
-4.47754128939 , 95.3167951793
-4.47242033294 , 191.127204913
-4.46729937649 , 226.951229097
-4.46217842004 , 159.502497537
-4.45705746359 , 66.3471277768
-4.45193650714 , 16.3341424203
-4.44681555069 , 2.38007213101
-4.44169459423 , 0.205259596082
-4.43657363778 , 0.0104769866505
-4.43145268133 , 0.000316511053077
-4.42633172488 , 5.65927686245e-06
-4.42121076843 , 5.98897597317e-08
-4.41608981198 , 3.75114429385e-10
-4.41096885553 , 1.39057539159e-12
-4.40584789908 , 3.05101876416e-15
-4.40072694262 , 3.96200288439e-18
-4.39560598617 , 3.04511897759e-21
-4.39048502972 , 1.38520265122e-24
-4.38536407327 , 3.72942546631e-28
-4.38024311682 , 5.94278668003e-32
-4.37512216037 , 5.60771348391e-36
-4.37000120392 , 3.25528444196e-39
-4.36488024746 , 2.95093676301e-39
-4.35975929101 , 2.95093676301e-39
-4.35463833456 , 2.95093676301e-39
-4.34951737811 , 2.95093676301e-39
-4.34439642166 , 2.95093676301e-39
-4.33927546521 , 2.95093676301e-39
-4.33415450876 , 2.95093676301e-39
-4.32903355231 , 2.95093676301e-39
-4.32391259585 , 2.95093676301e-39
-4.3187916394 , 2.95093676301e-39
-4.31367068295 , 2.95093676301e-39
-4.3085497265 , 2.95093676301e-39
-4.30342877005 , 2.95093676301e-39
-4.2983078136 , 2.95093676301e-39
-4.29318685715 , 2.95093676301e-39
-4.28806590069 , 2.95093676301e-39
-4.28294494424 , 2.95093676301e-39
-4.27782398779 , 2.95093676301e-39
-4.27270303134 , 7.19533144124e-39
-4.26758207489 , 6.77452945436e-35
-4.26246111844 , 6.38094838972e-31
-4.25734016199 , 3.55737556486e-27
-4.25221920554 , 1.17379906181e-23
-4.24709824908 , 2.29233112514e-20
-4.24197729263 , 2.64960111136e-17
-4.23685633618 , 1.81260509351e-14
-4.23173537973 , 7.33914465265e-12
-4.22661442328 , 1.75876272219e-09
-4.22149346683 , 2.49452929831e-07
-4.21637251038 , 2.09406191855e-05
-4.21125155392 , 0.00104042308964
-4.20613059747 , 0.0305949675724
-4.20100964102 , 0.532487681726
-4.19588868457 , 5.48515224847
-4.19076772812 , 33.4416240628
-4.18564677167 , 120.671743346
-4.18052581522 , 257.717177566
-4.17540485877 , 325.76220702
-4.17028390231 , 243.712375948
-4.16516294586 , 107.913063421
-4.16004198941 , 28.2806906947
-4.15492103296 , 4.38657496105
-4.14980007651 , 0.402699107266
-4.14467912006 , 0.021882116299
-4.13955816361 , 0.000825338562373
-4.13443720715 , 0.00512738439812
-4.1293162507 , 0.127188790232
-4.12419529425 , 1.87221708107
-4.1190743378 , 16.3111159971
-4.11395338135 , 84.1067286228
-4.1088324249 , 256.683172165
-4.10371146845 , 463.642934637
-4.098590512 , 495.666406586
-4.09346955554 , 313.628064164
-4.08834859909 , 117.451871293
-4.08322764264 , 26.0330201922
-4.07810668619 , 3.41514196344
-4.07298572974 , 0.265162777422
-4.06786477329 , 0.0121852922232
-4.06274381684 , 0.000331420165362
-4.05762286038 , 5.3350869534e-06
-4.05250190393 , 5.08304162431e-08
-4.04738094748 , 2.86632493516e-10
-4.04225999103 , 9.56776776343e-13
-4.03713903458 , 8.52600462512e-14
-4.03201807813 , 2.9244356204e-11
-4.02689712168 , 6.07144239819e-09
-4.02177616523 , 7.46038538209e-07
-4.01665520877 , 5.42563010794e-05
-4.01153425232 , 0.00233538582032
-4.00641329587 , 0.0594958443273
-4.00129233942 , 0.897086170988
-3.99617138297 , 8.00573532968
-3.99105042652 , 42.285145675
-3.98592947007 , 132.18859013
-3.98080851361 , 244.579271276
-3.97568755716 , 267.833477012
-3.97056660071 , 173.591960751
-3.96544564426 , 66.5907481845
-3.96032468781 , 15.118813748
-3.95520373136 , 2.03161343396
-3.95008277491 , 0.161578648615
-3.94496181846 , 0.0076058263149
-3.939840862 , 0.000211898739128
-3.93471990555 , 3.49405615976e-06
-3.9295989491 , 3.41096915577e-08
-3.92447799265 , 2.47457113445e-09
-3.9193570362 , 3.08162949426e-07
-3.91423607975 , 2.46774560842e-05
-3.9091151233 , 0.0011696102261
-3.90399416684 , 0.0328096638077
-3.89887321039 , 0.544731210207
-3.89375225394 , 5.35281949577
-3.88863129749 , 31.1317054166
-3.88351034104 , 107.163065598
-3.87838938459 , 218.344562184
-3.87326842814 , 263.671505689
-3.86814747169 , 192.942447762
-3.86302651523 , 116.080796038
-3.85790555878 , 177.506760946
-3.85278460233 , 403.60653673
-3.84766364588 , 602.893088171
-3.84254268943 , 536.47909168
-3.83742173298 , 282.650180709
-3.83230077653 , 88.1403939826
-3.82717982007 , 16.267505046
-3.82205886362 , 1.77699673888
-3.81693790717 , 0.11488729361
-3.81181695072 , 0.0043961960601
-3.80669599427 , 9.95638823119e-05
-3.80157503782 , 1.33622070559e-06
-3.79645408137 , 2.35150725512e-07
-3.79133312492 , 1.82462219456e-05
-3.78621216846 , 0.000877455773493
-3.78109121201 , 0.0249745825819
-3.77597025556 , 0.420717693935
-3.77084929911 , 4.19471880464
-3.76572834266 , 24.7533775066
-3.76060738621 , 86.4541039634
-3.75548642976 , 178.71306343
-3.7503654733 , 218.648509608
-3.74524451685 , 158.327472898
-3.7401235604 , 67.8555812651
-3.73500260395 , 17.2121216488
-3.7298816475 , 2.58406108138
-3.72476069105 , 0.229609937365
-3.7196397346 , 0.0120753053497
-3.71451877815 , 0.00037585912615
-3.70939782169 , 6.92423205883e-06
-3.70427686524 , 7.54983856984e-08
-3.69915590879 , 4.87217920343e-10
-3.69403495234 , 1.86110057006e-12
-3.68891399589 , 1.12464364542e-13
-3.68379303944 , 3.90390657301e-11
-3.67867208299 , 8.33226129012e-09
-3.67355112653 , 1.05257631374e-06
-3.66843017008 , 7.87018834069e-05
-3.66330921363 , 0.00348334248072
-3.65818825718 , 0.0912843897188
-3.65306730073 , 1.4174152631
-3.64794634428 , 13.0669855197
-3.64282538783 , 71.925109567
-3.63770443138 , 240.017312311
-3.63258347492 , 504.4097074
-3.62746251847 , 720.840732343
-3.62234156202 , 769.670739706
-3.61722060557 , 627.479895515
-3.61209964912 , 361.107159884
-3.60697869267 , 134.062806656
-3.60185773622 , 30.4995927975
-3.59673677976 , 4.16001759018
-3.59161582331 , 0.337383637876
-3.58649486686 , 0.0162212657667
-3.58137391041 , 0.000461866840967
-3.57625295396 , 7.78497826023e-06
-3.57113199751 , 7.76692673318e-08
-3.56601104106 , 4.5864004547e-10
-3.56089008461 , 1.60294480802e-12
-3.55576912815 , 3.31578597668e-15
-3.5506481717 , 4.05952155551e-18
-3.54552721525 , 2.94159813752e-21
-3.5404062588 , 1.26157144756e-24
-3.53528530235 , 3.20228765858e-28
-3.5301643459 , 4.81092781549e-32
-3.52504338945 , 3.25127237044e-35
-3.51992243299 , 2.834301567e-31
-3.51480147654 , 1.68410765329e-27
-3.50968052009 , 5.92261701148e-24
-3.50455956364 , 1.23275693128e-20
-3.49943860719 , 1.51866246737e-17
-3.49431765074 , 1.10729941434e-14
-3.48919669429 , 4.77847022858e-12
-3.48407573784 , 1.22048572194e-09
-3.47895478138 , 1.84500066128e-07
-3.47383382493 , 1.65074638147e-05
-3.46871286848 , 0.000874146427003
-3.46359191203 , 0.0273973163777
-3.45847095558 , 0.508220136578
-3.45334999913 , 5.57976255521
-3.44822904268 , 36.2576434342
-3.44310808622 , 139.44515703
-3.43798712977 , 317.414896266
-3.43286617332 , 427.632968444
-3.42774521687 , 340.984833411
-3.42262426042 , 160.923308424
-3.41750330397 , 44.9492915272
-3.41238234752 , 7.43099648467
-3.40726139107 , 0.727409558158
-3.40214043461 , 0.0535898628578
-3.39701947816 , 0.248895165921
-3.39189852171 , 3.15614197955
-3.38677756526 , 23.8250656541
-3.38165660881 , 106.447539834
-3.37653565236 , 281.486188328
-3.37141469591 , 440.553326137
-3.36629373945 , 408.093626121
-3.361172783 , 223.738682749
-3.35605182655 , 72.6011125172
-3.3509308701 , 13.9500876081
-3.34580991365 , 1.74977074223
-3.3406889572 , 2.45241113198
-3.33556800075 , 19.7592508597
-3.3304470443 , 98.4659830772
-3.32532608784 , 290.478518499
-3.32020513139 , 507.179702782
-3.31508417494 , 524.118293073
-3.30996321849 , 320.565202852
-3.30484226204 , 116.044095176
-3.29972130559 , 24.8627833928
-3.29460034914 , 3.15405578945
-3.28947939268 , 0.275406728301
-3.28435843623 , 0.714399018488
-3.27923747978 , 7.56163585794
-3.27411652333 , 48.0746171261
-3.26899556688 , 180.905291329
-3.26387461043 , 402.908389797
-3.25875365398 , 531.105646499
-3.25363269753 , 414.357394227
-3.24851174107 , 191.332538942
-3.24339078462 , 52.2904214953
-3.23826982817 , 8.4581428806
-3.23314887172 , 0.809743477984
-3.22802791527 , 0.0458816964015
-3.22290695882 , 0.00153868968268
-3.21778600237 , 3.05409247774e-05
-3.21266504592 , 3.58783854793e-07
-3.20754408946 , 2.49461303761e-09
-3.20242313301 , 1.03374401627e-11
-3.19730217656 , 2.50842802249e-11
-3.19218122011 , 5.18835931028e-09
-3.18706026366 , 6.35786188979e-07
-3.18193930721 , 4.61117573845e-05
-3.17681835076 , 0.0019793919295
-3.1716973943 , 0.0502888208825
-3.16657643785 , 0.756189507707
-3.1614554814 , 6.72991188442
-3.15633452495 , 35.4492985
-3.1512135685 , 110.516074233
-3.14609261205 , 203.921393423
-3.1409716556 , 222.699718087
-3.13585069915 , 143.944833286
-3.13072974269 , 55.0670778875
-3.12560878624 , 12.4683078978
-3.12048782979 , 1.6708695402
-3.11536687334 , 0.132524783094
-3.11024591689 , 0.00622115753389
-3.10512496044 , 0.000172848188402
-3.10000400399 , 2.8423529267e-06
-3.09488304753 , 2.76637281723e-08
-3.08976209108 , 1.59353993493e-10
-3.08464113463 , 5.43293777876e-13
-3.07952017818 , 1.0963206266e-15
-3.07439922173 , 3.62157476131e-17
-3.06927826528 , 2.47608476049e-14
-3.06415730883 , 1.03954859815e-11
-3.05903635238 , 2.58311449721e-09
-3.05391539592 , 3.79893681352e-07
-3.04879443947 , 3.30673991021e-05
-3.04367348302 , 0.00170356048412
-3.03855252657 , 0.0519439093243
-3.03343157012 , 0.937413620524
-3.02831061367 , 10.012613239
-3.02318965722 , 63.2970071311
-3.01806870076 , 236.83095396
-3.01294774431 , 524.461130163
-3.00782678786 , 687.397110505
-3.00270583141 , 533.238688474
-2.99758487496 , 244.824656889
-2.99246391851 , 66.5285734446
-2.98734296206 , 10.6999271599
-2.98222200561 , 1.01852802913
-2.97710104915 , 0.0573831919504
-2.9719800927 , 0.00191344495516
-2.96685913625 , 3.77630268815e-05
-2.9617381798 , 4.41100119919e-07
-2.95661722335 , 3.04948925576e-09
-2.9514962669 , 1.24777589882e-11
-2.94637531045 , 3.02179940782e-14
-2.94125435399 , 4.33167093922e-17
-2.93613339754 , 5.16604742365e-18
-2.93101244109 , 3.7864993394e-15
-2.92589148464 , 1.654386142e-12
-2.92077052819 , 4.27814421494e-10
-2.91564957174 , 6.54777117802e-08
-2.91052861529 , 5.93131657363e-06
-2.90540765884 , 0.00031800083075
-2.90028670238 , 0.0100907853663
-2.89516574593 , 0.189514069611
-2.89004478948 , 2.10658775423
-2.88492383303 , 13.8597439586
-2.87980287658 , 53.9892192073
-2.87468192013 , 124.864138177
-2.86956096368 , 175.544687577
-2.86444000722 , 178.435603517
-2.85931905077 , 237.832067009
-2.85419809432 , 442.483452766
-2.84907713787 , 620.225434958
-2.84395618142 , 531.95709947
-2.83883522497 , 271.097247371
-2.83371426852 , 81.8068107961
-2.82859331207 , 14.6115406095
-2.82347235561 , 1.54463109364
-2.81835139916 , 0.0966436793444
-2.81323044271 , 0.0035788359679
-2.80810948626 , 7.84385859337e-05
-2.80298852981 , 1.01750684421e-06
-2.79786757336 , 7.81204152839e-09
-2.79274661691 , 3.54986116475e-11
-2.78762566045 , 9.54723941743e-14
-2.782504704 , 1.51972105227e-16
-2.77738374755 , 1.43176623624e-19
-2.7722627911 , 2.14136420543e-21
-2.76714183465 , 2.99173045662e-18
-2.7620208782 , 2.5696573117e-15
-2.75689992175 , 1.3063143312e-12
-2.7517789653 , 3.93042874598e-10
-2.74665800884 , 6.99925810033e-08
-2.74153705239 , 7.37707631712e-06
-2.73641609594 , 0.000460190891476
-2.73129513949 , 0.016990966796
-2.72617418304 , 0.371315267334
-2.72105322659 , 4.80375887919
-2.71593227014 , 36.8123314429
-2.71081131368 , 167.477211073
-2.70569035723 , 456.134648849
-2.70056940078 , 766.117722743
-2.69544844433 , 869.145384258
-2.69032748788 , 796.672323545
-2.68520653143 , 651.1170544
-2.68008557498 , 412.473556813
-2.67496461853 , 171.71516307
-2.66984366207 , 43.6593518489
-2.66472270562 , 6.62689719114
-2.65960174917 , 0.596712643562
-2.65448079272 , 0.0318204545291
-2.64935983627 , 0.00100447210114
-2.64423887982 , 1.87675587029e-05
-2.63911792337 , 2.07540238008e-07
-2.63399696691 , 1.35836914088e-09
-2.62887601046 , 5.26202979609e-12
-2.62375505401 , 1.20644781673e-14
-2.61863409756 , 1.6371310872e-17
-2.61351314111 , 1.31485549387e-20
-2.60839218466 , 6.25017600157e-24
-2.60327122821 , 1.75843418904e-27
-2.59815027176 , 2.92805780059e-31
-2.5930293153 , 2.88600397635e-35
-2.58790835885 , 4.61444245202e-39
-2.5827874024 , 2.96748097952e-39
-2.57766644595 , 6.6042199969e-37
-2.5725454895 , 8.08601685287e-33
-2.56742453305 , 5.88575203895e-29
-2.5623035766 , 2.53564848433e-25
-2.55718262014 , 6.46540509883e-22
-2.55206166369 , 9.75712893095e-19
-2.54694070724 , 8.71501130119e-16
-2.54181975079 , 4.6071618977e-13
-2.53669879434 , 1.44151312638e-10
-2.53157783789 , 2.6694595068e-08
-2.52645688144 , 2.9258205221e-06
-2.52133592499 , 0.000189798001236
-2.51621496853 , 0.00728710782561
-2.51109401208 , 0.165591623954
-2.50597305563 , 2.22710730917
-2.50085209918 , 17.728154568
-2.49573114273 , 83.5228921648
-2.49061018628 , 232.898733825
-2.48548922983 , 384.368986858
-2.48036827337 , 375.447449928
-2.47524731692 , 217.054896386
-2.47012636047 , 74.2693501604
-2.46500540402 , 15.0407428292
-2.45988444757 , 1.8028516817
-2.45476349112 , 0.130229929678
-2.44964253467 , 0.0732047841417
-2.44452157822 , 1.1656371405
-2.43940062176 , 11.8520635242
-2.43427966531 , 71.3335514862
-2.42915870886 , 254.105171672
-2.42403775241 , 535.738717991
-2.41891679596 , 668.524974731
-2.41379583951 , 493.938591159
-2.40867488306 , 218.705750472
-2.4035539266 , 79.6353747511
-2.39843297015 , 124.677090391
-2.3933120137 , 336.132485031
-2.38819105725 , 573.235199577
-2.3830701008 , 579.849733978
-2.37794914435 , 347.174324544
-2.3728281879 , 123.02706009
-2.36770723145 , 25.8032081002
-2.36258627499 , 3.20307234681
-2.35746531854 , 0.235331343818
-2.35234436209 , 0.010233231179
-2.34722340564 , 0.000263369682495
-2.34210244919 , 4.0117952465e-06
-2.33698149274 , 3.61686020732e-08
-2.33186053629 , 1.92994384465e-10
-2.32673957983 , 6.09505469272e-13
-2.32161862338 , 1.13928014084e-15
-2.31649766693 , 1.26038560136e-18
-2.31137671048 , 8.25332380925e-22
-2.30625575403 , 1.63068345089e-22
-2.30113479758 , 2.53368998795e-19
-2.29601384113 , 2.33458361144e-16
-2.29089288468 , 1.27316568977e-13
-2.28577192822 , 4.10941457497e-11
-2.28065097177 , 7.85044949608e-09
-2.27553001532 , 8.87623164729e-07
-2.27040905887 , 5.93994286982e-05
-2.26528810242 , 0.00235263982737
-2.26016714597 , 0.0551503354388
-2.25504618952 , 0.765174358865
-2.24992523306 , 6.28336364527
-2.24480427661 , 30.5382058433
-2.23968332016 , 87.8444600941
-2.23456236371 , 149.55632138
-2.22944140726 , 150.700504883
-2.22432045081 , 89.8760919204
-2.21919949436 , 31.7244313316
-2.21407853791 , 6.63000509535
-2.20895758145 , 0.88539956872
-2.203836625 , 1.16679298953
-2.19871566855 , 11.0053497537
-2.1935947121 , 64.7359836967
-2.18847375565 , 225.42850958
-2.1833527992 , 464.613609464
-2.17823184275 , 566.754060356
-2.17311088629 , 409.185775586
-2.16798992984 , 174.926767944
-2.16286897339 , 45.2792328835
-2.15774801694 , 14.9562828559
-2.15262706049 , 39.4291157332
-2.14750610404 , 107.138414424
-2.14238514759 , 174.804875371
-2.13726419114 , 168.850117095
-2.13214323468 , 96.5319344392
-2.12702227823 , 32.6633129819
-2.12190132178 , 6.54137418722
-2.11678036533 , 0.775349105092
-2.11165940888 , 0.0543932643958
-2.10653845243 , 0.00225846047238
-2.10141749598 , 5.55008201436e-05
-2.09629653952 , 8.07245893203e-07
-2.09117558307 , 6.94915220991e-09
-2.08605462662 , 3.54060387986e-11
-2.08093367017 , 1.06768316312e-13
-2.07581271372 , 1.90557911335e-16
-2.07069175727 , 2.0129412994e-19
-2.06557080082 , 1.25850450159e-22
-2.06044984437 , 4.65691137373e-26
-2.05532888791 , 1.01990732094e-29
-2.05020793146 , 1.32203803189e-33
-2.04508697501 , 1.0436905216e-37
-2.03996601856 , 2.95093676301e-39
-2.03484506211 , 2.95093676301e-39
-2.02972410566 , 2.95093676301e-39
-2.02460314921 , 2.95093676301e-39
-2.01948219275 , 2.95093676301e-39
-2.0143612363 , 2.95093676301e-39
-2.00924027985 , 2.95093676301e-39
-2.0041193234 , 2.95093676301e-39
-1.99899836695 , 2.95093676301e-39
-1.9938774105 , 2.95093676301e-39
-1.98875645405 , 2.95093676301e-39
-1.9836354976 , 2.95093676301e-39
-1.97851454114 , 2.95093676301e-39
-1.97339358469 , 2.95093676301e-39
-1.96827262824 , 2.95093676301e-39
-1.96315167179 , 2.95093676301e-39
-1.95803071534 , 3.07476536202e-39
-1.95290975889 , 2.42183484826e-36
-1.94778880244 , 2.65201454273e-32
-1.94266784598 , 1.72089750368e-28
-1.93754688953 , 6.60927302582e-25
-1.93242593308 , 1.50235275405e-21
-1.92730497663 , 2.02120181134e-18
-1.92218402018 , 1.60941104206e-15
-1.91706306373 , 7.58479436916e-13
-1.91194210728 , 2.11563226748e-10
-1.90682115083 , 3.49265822641e-08
-1.90170019437 , 3.41264830775e-06
-1.89657923792 , 0.00019735426439
-1.89145828147 , 0.00675493279234
-1.88633732502 , 0.136840636759
-1.88121636857 , 1.64069810699
-1.87609541212 , 11.6429170731
-1.87097445567 , 48.9006315408
-1.86585349921 , 121.558873939
-1.86073254276 , 178.845659829
-1.85561158631 , 155.736237733
-1.85049062986 , 80.2639426546
-1.84536967341 , 24.4833496966
-1.84024871696 , 4.4201877736
-1.83512776051 , 0.472313260508
-1.83000680406 , 0.0298702663603
-1.8248858476 , 0.00111806637964
-1.81976489115 , 2.47694074963e-05
-1.8146439347 , 3.24775443338e-07
-1.80952297825 , 2.52040473656e-09
