Ef: -4.97713122026
-12.0514358809 , 3.16063389307e-11
-12.0463149245 , 4.07274378975e-09
-12.041193968 , 3.10612925409e-07
-12.0360730116 , 1.40207580271e-05
-12.0309520551 , 0.000374578633677
-12.0258310987 , 0.00592289515114
-12.0207101422 , 0.0554299676091
-12.0155891858 , 0.307025707992
-12.0104682293 , 1.00652460244
-12.0053472729 , 1.95296106303
-12.0002263164 , 2.24275746623
-11.9951053599 , 1.52437063541
-11.9899844035 , 0.613222912964
-11.984863447 , 0.146004321376
-11.9797424906 , 0.0205746560068
-11.9746215341 , 0.00171600675167
-11.9695005777 , 8.47080995333e-05
-11.9643796212 , 2.47485877138e-06
-11.9592586648 , 4.27952374082e-08
-11.9541377083 , 4.37985765031e-10
-11.9490167519 , 2.65304177257e-12
-11.9438957954 , 9.51147163286e-15
-11.938774839 , 2.01823104585e-17
-11.9336538825 , 2.53462424387e-20
-11.9285329261 , 1.88397798374e-23
-11.9234119696 , 8.28814992725e-27
-11.9182910132 , 2.15803711989e-30
-11.9131700567 , 3.32568293882e-34
-11.9080491003 , 3.11630884568e-38
-11.9029281438 , 8.31392176635e-40
-11.8978071874 , 8.2983934323e-40
-11.8926862309 , 8.2983934323e-40
-11.8875652745 , 8.2983934323e-40
-11.882444318 , 8.2983934323e-40
-11.8773233616 , 8.2983934323e-40
-11.8722024051 , 8.2983934323e-40
-11.8670814487 , 8.2983934323e-40
-11.8619604922 , 8.2983934323e-40
-11.8568395358 , 8.2983934323e-40
-11.8517185793 , 4.93407247732e-39
-11.8465976229 , 5.93962490975e-35
-11.8414766664 , 5.08499538569e-31
-11.83635571 , 2.57661333253e-27
-11.8312347535 , 7.72732232246e-24
-11.8261137971 , 1.37160764476e-20
-11.8209928406 , 1.44095977271e-17
-11.8158718842 , 8.95972968135e-15
-11.8107509277 , 3.29730444124e-12
-11.8056299712 , 7.18198143516e-10
-11.8005090148 , 9.25871250034e-08
-11.7953880583 , 7.06444435848e-06
-11.7902671019 , 0.000319026315732
-11.7851461454 , 0.00852699674668
-11.780025189 , 0.134892180523
-11.7749042325 , 1.26298601474
-11.7697832761 , 6.99892591613
-11.7646623196 , 22.9554250998
-11.7595413632 , 44.5615584197
-11.7544204067 , 51.1984118265
-11.7492994503 , 34.8155848756
-11.7441784938 , 14.0123826475
-11.7390575374 , 3.33788498724
-11.7339365809 , 0.470599904161
-11.7288156245 , 0.0392693205159
-11.723694668 , 0.00193943855399
-11.7185737116 , 5.6691734962e-05
-11.7134527551 , 9.80809258038e-07
-11.7083317987 , 1.00431615762e-08
-11.7032108422 , 6.0866373583e-11
-11.6980898858 , 2.18326015435e-13
-11.6929689293 , 4.63505224532e-16
-11.6878479729 , 5.82404687848e-19
-11.6827270164 , 4.33127913207e-22
-11.67760606 , 1.90646381368e-25
-11.6724851035 , 4.96663267924e-29
-11.6673641471 , 7.65802263352e-33
-11.6622431906 , 6.99691210113e-37
-11.6571222342 , 8.65654430892e-40
-11.6520012777 , 8.2983934323e-40
-11.6468803213 , 8.2983934323e-40
-11.6417593648 , 8.2983934323e-40
-11.6366384084 , 8.2983934323e-40
-11.6315174519 , 8.2983934323e-40
-11.6263964955 , 8.2983934323e-40
-11.621275539 , 8.2983934323e-40
-11.6161545826 , 8.2983934323e-40
-11.6110336261 , 8.2983934323e-40
-11.6059126696 , 8.2983934323e-40
-11.6007917132 , 8.2983934323e-40
-11.5956707567 , 8.2983934323e-40
-11.5905498003 , 8.2983934323e-40
-11.5854288438 , 8.2983934323e-40
-11.5803078874 , 8.2983934323e-40
-11.5751869309 , 8.2983934323e-40
-11.5700659745 , 8.2983934323e-40
-11.564945018 , 8.2983934323e-40
-11.5598240616 , 8.2983934323e-40
-11.5547031051 , 8.2983934323e-40
-11.5495821487 , 8.2983934323e-40
-11.5444611922 , 1.68414111608e-39
-11.5393402358 , 1.37498132035e-35
-11.5342192793 , 1.30530298397e-31
-11.5290983229 , 7.33453147313e-28
-11.5239773664 , 2.43923600019e-24
-11.51885641 , 4.80126482825e-21
-11.5137354535 , 5.59342600705e-18
-11.5086144971 , 3.85674147752e-15
-11.5034935406 , 1.57392326361e-12
-11.4983725842 , 3.80160486964e-10
-11.4932516277 , 5.43464011671e-08
-11.4881306713 , 4.59827562031e-06
-11.4830097148 , 0.000230271188237
-11.4778887584 , 0.00682503052474
-11.4727678019 , 0.119726417406
-11.4676468455 , 1.24307052583
-11.462525889 , 7.63874378568
-11.4574049326 , 27.7823200353
-11.4522839761 , 59.8047209052
-11.4471630197 , 76.1943586043
-11.4420420632 , 57.4553610703
-11.4369211068 , 25.6424011326
-11.4318001503 , 6.77340761384
-11.4266791939 , 1.05895163097
-11.4215582374 , 0.0979863149917
-11.4164372809 , 0.00536630208097
-11.4113163245 , 0.000173942295287
-11.406195368 , 3.33699584159e-06
-11.4010744116 , 3.7890167284e-08
-11.3959534551 , 2.546348065e-10
-11.3908324987 , 1.01281331162e-12
-11.3857115422 , 2.38430286621e-15
-11.3805905858 , 3.32210861848e-18
-11.3754696293 , 2.73959661837e-21
-11.3703486729 , 1.33714899183e-24
-11.3652277164 , 3.86272123226e-28
-11.36010676 , 6.60430806551e-32
-11.3549858035 , 6.6839838531e-36
-11.3498648471 , 1.22727683692e-39
-11.3447438906 , 8.2983934323e-40
-11.3396229342 , 8.2983934323e-40
-11.3345019777 , 8.2983934323e-40
-11.3293810213 , 8.2983934323e-40
-11.3242600648 , 8.2983934323e-40
-11.3191391084 , 8.35447771847e-40
-11.3140181519 , 1.78345110316e-37
-11.3088971955 , 2.14978052909e-33
-11.303776239 , 1.54086428744e-29
-11.2986552826 , 6.53663927199e-26
-11.2935343261 , 1.64121072273e-22
-11.2884133697 , 2.43889930696e-19
-11.2832924132 , 2.14507801851e-16
-11.2781714568 , 1.11663699539e-13
-11.2730505003 , 3.44033417801e-11
-11.2679295439 , 6.27348617394e-09
-11.2628085874 , 6.77075280145e-07
-11.257687631 , 4.32498562847e-05
-11.2525666745 , 0.00163512921031
-11.2474457181 , 0.0365880431733
-11.2423247616 , 0.484558243637
-11.2372038052 , 3.79815328379
-11.2320828487 , 17.6205186201
-11.2269618922 , 48.3820853642
-11.2218409358 , 78.6267233923
-11.2167199793 , 75.6267556386
-11.2115990229 , 43.052706619
-11.2064780664 , 14.5059179689
-11.20135711 , 2.8928545473
-11.1962361535 , 0.344674481506
-11.1911151971 , 0.0788727096859
-11.1859942406 , 0.552177769262
-11.1808732842 , 3.26805958062
-11.1757523277 , 11.4680723065
-11.1706313713 , 23.8184554953
-11.1655104148 , 29.2790054
-11.1603894584 , 21.3019116884
-11.1552685019 , 9.17276730815
-11.1501475455 , 2.3377696165
-11.145026589 , 0.352632697867
-11.1399056326 , 0.0314820486899
-11.1347846761 , 0.0016635004754
-11.1296637197 , 5.20238404366e-05
-11.1245427632 , 9.62944873019e-07
-11.1194218068 , 1.05492109775e-08
-11.1143008503 , 6.84003095951e-11
-11.1091798939 , 2.62491771254e-13
-11.1040589374 , 5.96201214006e-16
-11.098937981 , 8.01474215718e-19
-11.0938170245 , 6.37684397371e-22
-11.0886960681 , 3.00290479427e-25
-11.0835751116 , 8.36944909544e-29
-11.0784541552 , 1.3806123178e-32
-11.0733331987 , 1.34875490031e-36
-11.0682122423 , 9.06636598153e-40
-11.0630912858 , 8.2983934323e-40
-11.0579703294 , 8.2983934323e-40
-11.0528493729 , 8.2983934323e-40
-11.0477284165 , 8.2983934323e-40
-11.04260746 , 8.2983934323e-40
-11.0374865035 , 8.2983934323e-40
-11.0323655471 , 8.2983934323e-40
-11.0272445906 , 8.2983934323e-40
-11.0221236342 , 8.2983934323e-40
-11.0170026777 , 8.2983934323e-40
-11.0118817213 , 8.2983934323e-40
-11.0067607648 , 8.2983934323e-40
-11.0016398084 , 8.2983934323e-40
-10.9965188519 , 8.2983934323e-40
-10.9913978955 , 8.2983934323e-40
-10.986276939 , 8.2983934323e-40
-10.9811559826 , 8.2983934323e-40
-10.9760350261 , 8.2983934323e-40
-10.9709140697 , 8.70224316646e-40
-10.9657931132 , 8.60170365339e-37
-10.9606721568 , 9.74678191019e-33
-10.9555512003 , 6.54296477799e-29
-10.9504302439 , 2.59960676246e-25
-10.9453092874 , 6.11308505816e-22
-10.940188331 , 8.5081066304e-19
-10.9350673745 , 7.00850059585e-16
-10.9299464181 , 3.41693730126e-13
-10.9248254616 , 9.85981144677e-11
-10.9197045052 , 1.68391402667e-08
-10.9145835487 , 1.70212293629e-06
-10.9094625923 , 0.00010183138202
-10.9043416358 , 0.00360572047842
-10.8992206794 , 0.0755652597407
-10.8940997229 , 0.93728573424
-10.8889787665 , 6.88084126292
-10.88385781 , 29.8972181002
-10.8787368536 , 76.8846854463
-10.8736158971 , 117.023177518
-10.8684949407 , 105.442369004
-10.8633739842 , 56.5620805154
-10.8582530278 , 20.8720016419
-10.8531320713 , 19.664373804
-10.8480111149 , 50.8397668401
-10.8428901584 , 92.2355092138
-10.8377692019 , 99.7080987709
-10.8326482455 , 63.809805995
-10.827527289 , 24.1695178962
-10.8224063326 , 5.41836807426
-10.8172853761 , 0.718933701311
-10.8121644197 , 0.0564584563034
-10.8070434632 , 0.00262415414698
-10.8019225068 , 7.24361862604e-05
-10.7968015503 , 1.74738326502e-05
-10.7916805939 , 0.000635094071687
-10.7865596374 , 0.0146464736693
-10.781438681 , 0.199919597889
-10.7763177245 , 1.61509176405
-10.7711967681 , 7.7225116478
-10.7660758116 , 21.8544297112
-10.7609548552 , 36.6049586661
-10.7558338987 , 36.2877382344
-10.7507129423 , 21.2911645245
-10.7455919858 , 7.39364285358
-10.7404710294 , 1.51962719629
-10.7353500729 , 0.184856694515
-10.7302291165 , 0.0133092273931
-10.72510816 , 0.000567139693298
-10.7199872036 , 1.43036468604e-05
-10.7148662471 , 2.13512374957e-07
-10.7097452907 , 1.88633516058e-09
-10.7046243342 , 9.86357168098e-12
-10.6995033778 , 3.0525942848e-14
-10.6943824213 , 5.59145768417e-17
-10.6892614649 , 3.49830428599e-19
-10.6841405084 , 2.50103077215e-16
-10.679019552 , 1.28008754558e-13
-10.6738985955 , 3.87775114108e-11
-10.6687776391 , 6.95248009335e-09
-10.6636566826 , 7.37766840101e-07
-10.6585357262 , 4.63359494462e-05
-10.6534147697 , 0.00172241008197
-10.6482938132 , 0.0378943628333
-10.6431728568 , 0.493437574099
-10.6380519003 , 3.80285163672
-10.6329309439 , 17.3462701315
-10.6278099874 , 46.8298089435
-10.622689031 , 74.8269811423
-10.6175680745 , 70.764203055
-10.6124471181 , 39.6085162125
-10.6073261616 , 13.1214879068
-10.6022052052 , 2.57274743074
-10.5970842487 , 0.298559420719
-10.5919632923 , 0.0205061421349
-10.5868423358 , 0.00083359807826
-10.5817213794 , 2.00562162591e-05
-10.5766004229 , 2.8560174755e-07
-10.5714794665 , 2.40708970129e-09
-10.56635851 , 1.20072415276e-11
-10.5612375536 , 3.54497989192e-14
-10.5561165971 , 6.19446585183e-17
-10.5509956407 , 6.40639198055e-20
-10.5458746842 , 3.92141413617e-23
-10.5407537278 , 1.42066430903e-26
-10.5356327713 , 3.04620963541e-30
-10.5305118149 , 3.86588197933e-34
-10.5253908584 , 6.96448136718e-38
-10.520269902 , 5.21015609739e-34
-10.5151489455 , 4.03846082362e-30
-10.5100279891 , 1.8526837238e-26
-10.5049070326 , 5.03044357323e-23
-10.4997860762 , 8.08408481291e-20
-10.4946651197 , 7.68909141436e-17
-10.4895441633 , 4.32851344486e-14
-10.4844232068 , 1.44218874213e-11
-10.4793022504 , 2.84397002698e-09
-10.4741812939 , 3.31930769321e-07
-10.4690603375 , 2.29292364923e-05
-10.463939381 , 0.000937456788649
-10.4588184245 , 0.022684672136
-10.4536974681 , 0.324887751704
-10.4485765116 , 2.75393543849
-10.4434555552 , 13.816363903
-10.4383345987 , 41.0254680237
-10.4332136423 , 72.1002580327
-10.4280926858 , 75.0102740699
-10.4229717294 , 46.3662185903
-10.4178507729 , 18.3131613103
-10.4127298165 , 10.2942322252
-10.40760886 , 18.1074039105
-10.4024879036 , 27.6889547731
-10.3973669471 , 25.8495328292
-10.3922459907 , 15.9318348683
-10.3871250342 , 13.9423847618
-10.3820040778 , 29.7933116693
-10.3768831213 , 58.4252390673
-10.3717621649 , 85.3841986308
-10.3666412084 , 97.9768169955
-10.361520252 , 84.9002582967
-10.3563992955 , 54.3727521516
-10.3512783391 , 41.1619760345
-10.3461573826 , 61.4805498396
-10.3410364262 , 87.116780308
-10.3359154697 , 82.0812396584
-10.3307945133 , 49.9848353939
-10.3256735568 , 19.7698897235
-10.3205526004 , 5.04424992131
-10.3154316439 , 0.816663591673
-10.3103106875 , 0.108388457704
-10.305189731 , 0.293224405611
-10.3000687746 , 1.84308136024
-10.2949478181 , 6.97492659094
-10.2898268617 , 15.644821948
-10.2847059052 , 21.0241092829
-10.2795849488 , 18.5810326386
-10.2744639923 , 17.6503535975
-10.2693430359 , 27.9433620954
-10.2642220794 , 39.5275885746
-10.2591011229 , 35.1704072655
-10.2539801665 , 18.6481501067
-10.24885921 , 5.85646618695
-10.2437382536 , 1.08990234976
-10.2386172971 , 0.147992075541
-10.2334963407 , 0.384736437379
-10.2283753842 , 3.01369270396
-10.2232544278 , 14.4479117822
-10.2181334713 , 41.6371431404
-10.2130125149 , 72.2862422836
-10.2078915584 , 75.7826642251
-10.202770602 , 48.2665066025
-10.1976496455 , 19.5505981322
-10.1925286891 , 6.99733086763
-10.1874077326 , 4.38405505582
-10.1822867762 , 3.15157552541
-10.1771658197 , 1.50543821666
-10.1720448633 , 0.431150490514
-10.1669239068 , 0.0735617769257
-10.1618029504 , 0.016815357043
-10.1566819939 , 0.139103236832
-10.1515610375 , 1.20567367878
-10.146440081 , 6.23828743654
-10.1413191246 , 19.3297479948
-10.1361981681 , 36.3332183284
-10.1310772117 , 42.446051849
-10.1259562552 , 32.0290596201
-10.1208352988 , 16.3032995976
-10.1157143423 , 5.72009408919
-10.1105933859 , 1.35762153589
-10.1054724294 , 0.208834955653
-10.100351473 , 0.0200146809344
-10.0952305165 , 0.0011652379336
-10.0901095601 , 4.06540760302e-05
-10.0849886036 , 8.4435483467e-07
-10.0798676472 , 1.04076356626e-08
-10.0747466907 , 2.76941236665e-10
-10.0696257342 , 2.88628370479e-08
-10.0645047778 , 2.45377291488e-06
-10.0593838213 , 0.000123467990383
-10.0542628649 , 0.00367700402019
-10.0491419084 , 0.0648117195547
-10.044020952 , 0.676133883282
-10.0388999955 , 4.17476099081
-10.0337790391 , 15.2563615401
-10.0286580826 , 32.9990505082
-10.0235371262 , 42.2621306313
-10.0184161697 , 32.2450099193
-10.0132952133 , 16.0822634682
-10.0081742568 , 11.5007020708
-10.0030533004 , 22.7889319191
-9.99793234393 , 45.428799207
-9.99281138748 , 71.341834035
-9.98769043103 , 87.1599302216
-9.98256947458 , 81.8040490339
-9.97744851812 , 68.6986567724
-9.97232756167 , 76.0534786942
-9.96720660522 , 99.9139129859
-9.96208564877 , 103.381934761
-9.95696469232 , 87.903166808
-9.95184373587 , 91.5823023407
-9.94672277942 , 112.1997892
-9.94160182296 , 118.065722417
-9.93648086651 , 96.8955967204
-9.93135991006 , 59.0773265202
-9.92623895361 , 30.731660996
-9.92111799716 , 31.0480320377
-9.91599704071 , 55.5209366546
-9.91087608426 , 85.0404096261
-9.90575512781 , 99.2845787976
-9.90063417135 , 85.3163421093
-9.8955132149 , 50.1880589153
-9.89039225845 , 18.9235503802
-9.885271302 , 4.84918812954
-9.88015034555 , 3.58979400684
-9.8750293891 , 10.7366994219
-9.86990843265 , 22.6433046059
-9.86478747619 , 28.3897010747
-9.85966651974 , 21.0691118137
-9.85454556329 , 9.25448410272
-9.84942460684 , 2.40590225825
-9.84430365039 , 0.370247655472
-9.83918269394 , 0.0354082777192
-9.83406173749 , 0.0305641006112
-9.82894078104 , 0.288440894965
-9.82381982458 , 1.71233706284
-9.81869886813 , 6.02072421597
-9.81357791168 , 12.590212263
-9.80845695523 , 16.3102769189
-9.80333599878 , 17.7487401291
-9.79821504233 , 33.5312611856
-9.79309408588 , 79.1226206228
-9.78797312942 , 132.527021677
-9.78285217297 , 143.119255795
-9.77773121652 , 102.919223872
-9.77261026007 , 60.7042386128
-9.76748930362 , 46.2840006402
-9.76236834717 , 40.4201771896
-9.75724739072 , 25.3672189469
-9.75212643427 , 9.75314590078
-9.74700547781 , 2.23180913598
-9.74188452136 , 0.304114195273
-9.73676356491 , 0.0624878134775
-9.73164260846 , 0.550754283482
-9.72652165201 , 4.73381425217
-9.72140069556 , 24.4820272044
-9.71627973911 , 76.2541184693
-9.71115878265 , 143.486410555
-9.7060378262 , 163.617135644
-9.70091686975 , 113.693621425
-9.6957959133 , 51.1221393469
-9.69067495685 , 28.3430911272
-9.6855540004 , 46.7274451445
-9.68043304395 , 73.9498323158
-9.6753120875 , 72.440533523
-9.67019113104 , 46.1999243567
-9.66507017459 , 34.7968835872
-9.65994921814 , 55.6482860961
-9.65482826169 , 81.3875521769
-9.64970730524 , 76.5098742349
-9.64458634879 , 50.5742198684
-9.63946539234 , 36.4607891516
-9.63434443588 , 35.96558144
-9.62922347943 , 33.8507124139
-9.62410252298 , 28.1595763945
-9.61898156653 , 20.5157480492
-9.61386061008 , 11.0536857877
-9.60873965363 , 3.82339989778
-9.60361869718 , 0.801899658776
-9.59849774073 , 0.100214795787
-9.59337678427 , 0.00742608384926
-9.58825582782 , 0.000325854263984
-9.58313487137 , 8.46379352208e-06
-9.57801391492 , 1.30447973649e-07
-9.57289295847 , 5.12398022544e-08
-9.56777200202 , 4.5244926324e-06
-9.56265104557 , 0.000242707673913
-9.55753008911 , 0.0077278777391
-9.55240913266 , 0.146069750133
-9.54728817621 , 1.63926185817
-9.54216721976 , 10.9250623356
-9.53704626331 , 43.2676320465
-9.53192530686 , 102.081441613
-9.52680435041 , 145.000656377
-9.52168339396 , 129.490343187
-9.5165624375 , 83.9206385454
-9.51144148105 , 50.4182587405
-9.5063205246 , 28.404364285
-9.50119956815 , 11.7588534013
-9.4960786117 , 3.08323808026
-9.49095765525 , 0.700064771839
-9.4858366988 , 1.914108835
-9.48071574234 , 9.44972342206
-9.47559478589 , 28.2685705439
-9.47047382944 , 50.2053299101
-9.46535287299 , 54.0418541666
-9.46023191654 , 41.3657804415
-9.45511096009 , 42.0059203405
-9.44999000364 , 68.8906496833
-9.44486904719 , 103.8970434
-9.43974809073 , 131.660206269
-9.43462713428 , 147.169795084
-9.42950617783 , 135.557938813
-9.42438522138 , 96.6789503497
-9.41926426493 , 55.4464348949
-9.41414330848 , 26.4883666541
-9.40902235203 , 9.69370669917
-9.40390139557 , 2.42973145207
-9.39878043912 , 0.823085874032
-9.39365948267 , 3.47478953646
-9.38853852622 , 15.4424047084
-9.38341756977 , 41.0144728849
-9.37829661332 , 64.4820102927
-9.37317565687 , 60.0216244994
-9.36805470042 , 33.3054010899
-9.36293374396 , 12.5895619457
-9.35781278751 , 9.55876504931
-9.35269183106 , 18.6759377667
-9.34757087461 , 28.9310953068
-9.34244991816 , 37.1718964313
-9.33732896171 , 57.4354855114
-9.33220800526 , 87.6730866353
-9.32708704881 , 91.5913626658
-9.32196609235 , 58.5261002874
-9.3168451359 , 24.4412551907
-9.31172417945 , 14.1944542353
-9.306603223 , 21.5813729782
-9.30148226655 , 31.3177181906
-9.2963613101 , 40.2813161383
-9.29124035365 , 56.0892609783
-9.28611939719 , 67.1725838977
-9.28099844074 , 53.4086034521
-9.27587748429 , 26.0465108668
-9.27075652784 , 9.00923830883
-9.26563557139 , 8.28602754506
-9.26051461494 , 19.0178475554
-9.25539365849 , 30.1752180079
-9.25027270204 , 28.7249207378
-9.24515174558 , 18.3311590884
-9.24003078913 , 20.0717023986
-9.23490983268 , 55.178945568
-9.22978887623 , 117.426716873
-9.22466791978 , 150.528347533
-9.21954696333 , 114.91403785
-9.21442600688 , 55.0479271059
-9.20930505042 , 25.5200532846
-9.20418409397 , 24.7118412059
-9.19906313752 , 26.4860287714
-9.19394218107 , 23.532387211
-9.18882122462 , 32.4796579555
-9.18370026817 , 65.7543194824
-9.17857931172 , 113.050214988
-9.17345835527 , 152.708698893
-9.16833739881 , 157.96166317
-9.16321644236 , 114.193732268
-9.15809548591 , 53.1260147253
-9.15297452946 , 15.2242218976
-9.14785357301 , 2.74286765924
-9.14273261656 , 1.626076455
-9.13761166011 , 9.91433590015
-9.13249070365 , 43.123785559
-9.1273697472 , 113.136183972
-9.12224879075 , 183.778004177
-9.1171278343 , 197.553173887
-9.11200687785 , 159.37693725
-9.1068859214 , 110.374404156
-9.10176496495 , 66.4148881112
-9.0966440085 , 31.2824569102
-9.09152305204 , 11.3030470377
-9.08640209559 , 7.97410923391
-9.08128113914 , 17.9165195772
-9.07616018269 , 31.5687838663
-9.07103922624 , 33.5291333273
-9.06591826979 , 22.3246328201
-9.06079731334 , 15.4259947612
-9.05567635688 , 26.2064290819
-9.05055540043 , 46.5137442037
-9.04543444398 , 51.7803667614
-9.04031348753 , 34.3416710376
-9.03519253108 , 14.2097678334
-9.03007157463 , 7.75854604067
-9.02495061818 , 18.3241902791
-9.01982966173 , 43.9403235818
-9.01470870527 , 69.2888210716
-9.00958774882 , 82.8977358719
-9.00446679237 , 113.729219634
-8.99934583592 , 185.799943902
-8.99422487947 , 251.040710469
-8.98910392302 , 248.749376627
-8.98398296657 , 181.871856104
-8.97886201011 , 95.9761223988
-8.97374105366 , 34.5378767875
-8.96862009721 , 8.0748463945
-8.96349914076 , 1.38736021475
-8.95837818431 , 2.21184558146
-8.95325722786 , 13.1020638935
-8.94813627141 , 48.5084699009
-8.94301531496 , 108.319085926
-8.9378943585 , 152.556478079
-8.93277340205 , 153.22807138
-8.9276524456 , 131.90936268
-8.92253148915 , 103.297292268
-8.9174105327 , 81.2247403847
-8.91228957625 , 100.882994439
-8.9071686198 , 156.231488286
-8.90204766334 , 182.715990789
-8.89692670689 , 147.095611772
-8.89180575044 , 94.2688396078
-8.88668479399 , 64.0968951617
-8.88156383754 , 51.4587831789
-8.87644288109 , 43.376986713
-8.87132192464 , 30.9427543424
-8.86620096819 , 15.2637750112
-8.86108001173 , 4.72537507214
-8.85595905528 , 1.05878981059
-8.85083809883 , 1.85922939648
-8.84571714238 , 10.3837713904
-8.84059618593 , 36.6413043774
-8.83547522948 , 78.8847241756
-8.83035427303 , 107.592663635
-8.82523331657 , 99.3141707533
-8.82011236012 , 66.4280768046
-8.81499140367 , 32.7652030191
-8.80987044722 , 14.0583924141
-8.80474949077 , 20.2198309409
-8.79962853432 , 60.2887955542
-8.79450757787 , 120.800637694
-8.78938662142 , 149.196308407
-8.78426566496 , 121.42127777
-8.77914470851 , 88.9859737278
-8.77402375206 , 112.711133594
-8.76890279561 , 181.221448196
-8.76378183916 , 204.739213466
-8.75866088271 , 140.603918316
-8.75353992626 , 57.400693789
-8.7484189698 , 13.8807966235
-8.74329801335 , 1.98711630456
-8.7381770569 , 0.168451963185
-8.73305610045 , 0.0107694084852
-8.727935144 , 0.0466073247547
-8.72281418755 , 0.557780824316
-8.7176932311 , 4.05748426486
-8.71257227465 , 17.9006898543
-8.70745131819 , 48.2965842904
-8.70233036174 , 81.9890430962
-8.69720940529 , 95.505029355
-8.69208844884 , 90.3783531307
-8.68696749239 , 77.2196822944
-8.68184653594 , 57.8659120767
-8.67672557949 , 47.9827599811
-8.67160462303 , 56.7956830566
-8.66648366658 , 70.2351039808
-8.66136271013 , 87.6372574654
-8.65624175368 , 126.916773569
-8.65112079723 , 181.370985074
-8.64599984078 , 215.412900863
-8.64087888433 , 221.474789171
-8.63575792788 , 208.732176714
-8.63063697142 , 162.439489552
-8.62551601497 , 99.1016277347
-8.62039505852 , 76.3801468561
-8.61527410207 , 117.650333701
-8.61015314562 , 167.086833189
-8.60503218917 , 155.039840354
-8.59991123272 , 96.3929460561
-8.59479027626 , 45.910490557
-8.58966931981 , 21.2413954168
-8.58454836336 , 18.4438546708
-8.57942740691 , 29.2873406106
-8.57430645046 , 39.840984384
-8.56918549401 , 41.4218693976
-8.56406453756 , 34.0195483548
-8.55894358111 , 21.7981791493
-8.55382262465 , 16.079851958
-8.5487016682 , 26.6248246434
-8.54358071175 , 44.7346182301
-8.5384597553 , 48.5036931257
-8.53333879885 , 39.0602735419
-8.5282178424 , 49.9533845174
-8.52309688595 , 99.5664103541
-8.51797592949 , 150.538046608
-8.51285497304 , 154.314508536
-8.50773401659 , 130.74447258
-8.50261306014 , 130.690291068
-8.49749210369 , 140.539048604
-8.49237114724 , 114.38040795
-8.48725019079 , 71.1612277452
-8.48212923434 , 56.1810974747
-8.47700827788 , 61.3756742444
-8.47188732143 , 61.8189073893
-8.46676636498 , 67.0531336374
-8.46164540853 , 83.8025815753
-8.45652445208 , 85.196709651
-8.45140349563 , 57.1374175524
-8.44628253918 , 23.7545113345
-8.44116158272 , 6.17093299525
-8.43604062627 , 2.7040347869
-8.43091966982 , 10.5158204923
-8.42579871337 , 37.8877290379
-8.42067775692 , 91.2736940207
-8.41555680047 , 161.153921121
-8.41043584402 , 225.181825136
-8.40531488757 , 239.229246734
-8.40019393111 , 173.67739416
-8.39507297466 , 80.2294896952
-8.38995201821 , 25.0678654984
-8.38483106176 , 11.1411757546
-8.37971010531 , 13.6987577691
-8.37458914886 , 23.5829850084
-8.36946819241 , 47.5428677177
-8.36434723595 , 78.8700115034
-8.3592262795 , 93.2326167088
-8.35410532305 , 93.0665804203
-8.3489843666 , 95.2934700311
-8.34386341015 , 83.8335499734
-8.3387424537 , 49.6116784095
-8.33362149725 , 17.9511393357
-8.3285005408 , 3.87430550174
-8.32337958434 , 0.496184944513
-8.31825862789 , 0.0453309589052
-8.31313767144 , 0.10277803103
-8.30801671499 , 0.779980295124
-8.30289575854 , 3.56138097579
-8.29777480209 , 9.62492962678
-8.29265384564 , 15.3955950511
-8.28753288918 , 14.5754576804
-8.28241193273 , 8.17470353174
-8.27729097628 , 2.85483673497
-8.27217001983 , 2.14054434983
-8.26704906338 , 10.5234608772
-8.26192810693 , 40.265354638
-8.25680715048 , 91.7045879637
-8.25168619403 , 123.628272732
-8.24656523757 , 98.6511425088
-8.24144428112 , 46.6634874117
-8.23632332467 , 13.4414831837
-8.23120236822 , 3.46352012715
-8.22608141177 , 2.62392662027
-8.22096045532 , 2.69449247479
-8.21583949887 , 2.22438544627
-8.21071854241 , 3.50516582296
-8.20559758596 , 9.2270301751
-8.20047662951 , 17.0866620436
-8.19535567306 , 19.0032044969
-8.19023471661 , 12.6848171861
-8.18511376016 , 6.12840437667
-8.17999280371 , 7.75671672696
-8.17487184726 , 26.9254159245
-8.1697508908 , 73.9316232452
-8.16462993435 , 128.639619377
-8.1595089779 , 136.11364388
-8.15438802145 , 86.4750271948
-8.149267065 , 32.9313421714
-8.14414610855 , 8.28026845187
-8.1390251521 , 6.52691139664
-8.13390419564 , 22.1236379307
-8.12878323919 , 52.1604836126
-8.12366228274 , 73.0513484186
-8.11854132629 , 60.5913903885
-8.11342036984 , 30.1399057827
-8.10829941339 , 11.884743582
-8.10317845694 , 16.6139365725
-8.09805750049 , 42.7940219777
-8.09293654403 , 72.628250088
-8.08781558758 , 74.5176037404
-8.08269463113 , 45.9896223953
-8.07757367468 , 17.1841991071
-8.07245271823 , 4.94003084827
-8.06733176178 , 5.84901229346
-8.06221080533 , 15.4333829349
-8.05708984887 , 28.3281813432
-8.05196889242 , 34.0507677391
-8.04684793597 , 27.1875861608
-8.04172697952 , 16.1399310689
-8.03660602307 , 15.8356085499
-8.03148506662 , 40.8470734974
-8.02636411017 , 102.028131977
-8.02124315372 , 177.440062272
-8.01612219726 , 200.583024829
-8.01100124081 , 148.109688625
-8.00588028436 , 101.193565516
-8.00075932791 , 153.691763627
-7.99563837146 , 286.169108526
-7.99051741501 , 349.416973949
-7.98539645856 , 257.920043459
-7.9802755021 , 117.293615002
-7.97515454565 , 42.3962025762
-7.9700335892 , 35.0035087496
-7.96491263275 , 49.5529609513
-7.9597916763 , 57.2190075639
-7.95467071985 , 68.1453085108
-7.9495497634 , 93.2169718578
-7.94442880695 , 106.965878797
-7.93930785049 , 101.050239531
-7.93418689404 , 105.268250226
-7.92906593759 , 123.80125811
-7.92394498114 , 134.351779061
-7.91882402469 , 132.159746269
-7.91370306824 , 119.829478708
-7.90858211179 , 120.514016778
-7.90346115533 , 182.970977435
-7.89834019888 , 275.592031076
-7.89321924243 , 282.013088714
-7.88809828598 , 182.261955712
-7.88297732953 , 75.0541508169
-7.87785637308 , 20.1390653583
-7.87273541663 , 3.83184995326
-7.86761446018 , 3.30258571284
-7.86249350372 , 18.4430022991
-7.85737254727 , 70.5206754554
-7.85225159082 , 162.836582122
-7.84713063437 , 227.473982823
-7.84200967792 , 192.920904045
-7.83688872147 , 99.6486335878
-7.83176776502 , 31.4327462094
-7.82664680856 , 6.30493924453
-7.82152585211 , 3.32680087075
-7.81640489566 , 16.195176353
-7.81128393921 , 59.6957789868
-7.80616298276 , 133.843192295
-7.80104202631 , 193.465340787
-7.79592106986 , 225.932909328
-7.79080011341 , 293.6418415
-7.78567915695 , 369.591860733
-7.7805582005 , 328.494758196
-7.77543724405 , 184.946820468
-7.7703162876 , 76.0852909086
-7.76519533115 , 63.6318181851
-7.7600743747 , 112.297642301
-7.75495341825 , 149.884061398
-7.74983246179 , 137.555680685
-7.74471150534 , 114.017665246
-7.73959054889 , 128.795890457
-7.73446959244 , 163.873234419
-7.72934863599 , 159.635211408
-7.72422767954 , 104.289830244
-7.71910672309 , 44.0394264905
-7.71398576664 , 11.7957002482
-7.70886481018 , 2.40136057387
-7.70374385373 , 3.21374897007
-7.69862289728 , 12.3770507719
-7.69350194083 , 31.6632228471
-7.68838098438 , 50.6933906774
-7.68326002793 , 51.0424346527
-7.67813907148 , 36.4348176768
-7.67301811502 , 38.0213670276
-7.66789715857 , 77.6668566635
-7.66277620212 , 128.320168043
-7.65765524567 , 132.41178358
-7.65253428922 , 84.3196401234
-7.64741333277 , 33.7924930206
-7.64229237632 , 8.75465951198
-7.63717141987 , 1.58404836004
-7.63205046341 , 0.989074283656
-7.62692950696 , 4.55343479565
-7.62180855051 , 15.1160737011
-7.61668759406 , 30.411379599
-7.61156663761 , 37.3813344414
-7.60644568116 , 28.8160664161
-7.60132472471 , 15.2527752062
-7.59620376825 , 7.13963529179
-7.5910828118 , 3.63753505751
-7.58596185535 , 1.60268704726
-7.5808408989 , 0.470543693598
-7.57571994245 , 0.0840942959011
-7.570598986 , 0.00902521143006
-7.56547802955 , 0.00242078851909
-7.5603570731 , 0.0291310086091
-7.55523611664 , 0.298462409151
-7.55011516019 , 2.0941705506
-7.54499420374 , 10.2227435089
-7.53987324729 , 33.800062727
-7.53475229084 , 72.7158323811
-7.52963133439 , 102.670488833
-7.52451037794 , 117.777735714
-7.51938942148 , 172.610717273
-7.51426846503 , 286.323608127
-7.50914750858 , 367.843836913
-7.50402655213 , 339.702468171
-7.49890559568 , 227.679288529
-7.49378463923 , 107.719582657
-7.48866368278 , 37.8910731359
-7.48354272633 , 22.3010311862
-7.47842176987 , 41.9620987835
-7.47330081342 , 97.1715017772
-7.46817985697 , 186.287753966
-7.46305890052 , 262.305660222
-7.45793794407 , 270.946488427
-7.45281698762 , 210.137308323
-7.44769603117 , 121.343166766
-7.44257507471 , 50.5730519661
-7.43745411826 , 14.8911910147
-7.43233316181 , 3.39123499158
-7.42721220536 , 1.15643411216
-7.42209124891 , 1.85578785176
-7.41697029246 , 5.97744643264
-7.41184933601 , 14.2271874897
-7.40672837956 , 21.7221128774
-7.4016074231 , 22.1279379979
-7.39648646665 , 15.9579028723
-7.3913655102 , 8.28864053553
-7.38624455375 , 3.18408478315
-7.3811235973 , 2.45150155708
-7.37600264085 , 7.90286482186
-7.3708816844 , 21.836011064
-7.36576072794 , 43.6217359257
-7.36063977149 , 71.8163646215
-7.35551881504 , 97.4117579089
-7.35039785859 , 95.8376974491
-7.34527690214 , 63.6763996841
-7.34015594569 , 29.8850917559
-7.33503498924 , 12.3291864228
-7.32991403279 , 10.3055540226
-7.32479307633 , 20.1133132175
-7.31967211988 , 32.1850262747
-7.31455116343 , 36.8193946165
-7.30943020698 , 47.0470989446
-7.30430925053 , 84.370317384
-7.29918829408 , 131.627869821
-7.29406733763 , 146.407225665
-7.28894638118 , 121.581542935
-7.28382542472 , 82.5898744625
-7.27870446827 , 50.5567642987
-7.27358351182 , 33.7085424822
-7.26846255537 , 25.9003027071
-7.26334159892 , 18.5748832313
-7.25822064247 , 13.7149331582
-7.25309968602 , 12.7604667136
-7.24797872956 , 10.8681944629
-7.24285777311 , 6.3467023039
-7.23773681666 , 2.34010140122
-7.23261586021 , 0.711927073339
-7.22749490376 , 2.17369408477
-7.22237394731 , 13.9561608315
-7.21725299086 , 54.7912009354
-7.21213203441 , 127.374066559
-7.20701107795 , 175.37825454
-7.2018901215 , 144.032191393
-7.19676916505 , 76.0313495111
-7.1916482086 , 42.8886791263
-7.18652725215 , 47.4961303995
-7.1814062957 , 50.4478386346
-7.17628533925 , 37.1930174456
-7.17116438279 , 32.1039844088
-7.16604342634 , 54.6130974897
-7.16092246989 , 83.4983266769
-7.15580151344 , 80.3624863491
-7.15068055699 , 49.0105461978
-7.14555960054 , 28.9848127752
-7.14043864409 , 37.3625496758
-7.13531768764 , 53.5220453675
-7.13019673118 , 53.4670434557
-7.12507577473 , 48.0281446279
-7.11995481828 , 62.8714556
-7.11483386183 , 102.475923923
-7.10971290538 , 156.181052124
-7.10459194893 , 187.713298055
-7.09947099248 , 156.342852098
-7.09435003602 , 90.0929769101
-7.08922907957 , 55.304874653
-7.08410812312 , 84.5345421307
-7.07898716667 , 153.712165068
-7.07386621022 , 186.63885552
-7.06874525377 , 142.618214293
-7.06362429732 , 72.5689974287
-7.05850334087 , 33.1004546646
-7.05338238441 , 28.1056394441
-7.04826142796 , 33.3790623424
-7.04314047151 , 30.0617536611
-7.03801951506 , 19.9430634638
-7.03289855861 , 11.8698356644
-7.02777760216 , 10.8306067437
-7.02265664571 , 21.4659669002
-7.01753568925 , 42.5060124938
-7.0124147328 , 62.0696469351
-7.00729377635 , 68.3208109367
-7.0021728199 , 57.1510217378
-6.99705186345 , 34.1352536655
-6.991930907 , 13.4599042227
-6.98680995055 , 3.3371662276
-6.9816889941 , 0.734715304985
-6.97656803764 , 2.06895483205
-6.97144708119 , 10.3573299316
-6.96632612474 , 31.9231062166
-6.96120516829 , 60.1784836208
-6.95608421184 , 70.9659540913
-6.95096325539 , 54.1109043984
-6.94584229894 , 28.9975366677
-6.94072134248 , 16.9357960934
-6.93560038603 , 19.6811543447
-6.93047942958 , 23.6191509389
-6.92535847313 , 20.5920767681
-6.92023751668 , 26.5505378241
-6.91511656023 , 77.0595205239
-6.90999560378 , 187.003777171
-6.90487464733 , 285.664241355
-6.89975369087 , 268.106635042
-6.89463273442 , 154.433412848
-6.88951177797 , 54.9164244721
-6.88439082152 , 13.3214203064
-6.87926986507 , 6.49428462679
-6.87414890862 , 10.5144316226
-6.86902795217 , 13.5265929136
-6.86390699571 , 14.4480293733
-6.85878603926 , 30.7729478085
-6.85366508281 , 88.4827228685
-6.84854412636 , 170.638932555
-6.84342316991 , 196.875348863
-6.83830221346 , 134.649755657
-6.83318125701 , 55.3804242399
-6.82806030056 , 18.154153037
-6.8229393441 , 18.1439874997
-6.81781838765 , 31.122736791
-6.8126974312 , 36.9558125727
-6.80757647475 , 35.4837510493
-6.8024555183 , 43.7850503572
-6.79733456185 , 58.7087761489
-6.7922136054 , 56.9412193192
-6.78709264894 , 40.4206264313
-6.78197169249 , 37.4006516653
-6.77685073604 , 59.5032993129
-6.77172977959 , 80.4476939069
-6.76660882314 , 68.4528705919
-6.76148786669 , 34.8669441415
-6.75636691024 , 10.5496878185
-6.75124595379 , 2.06796170723
-6.74612499733 , 1.88365235482
-6.74100404088 , 9.3149098054
-6.73588308443 , 30.6329830011
-6.73076212798 , 60.2853734184
-6.72564117153 , 72.3934544021
-6.72052021508 , 60.1811782563
-6.71539925863 , 53.3289599414
-6.71027830217 , 62.1558739484
-6.70515734572 , 60.2742384532
-6.70003638927 , 40.2703304675
-6.69491543282 , 26.2767351342
-6.68979447637 , 28.0669956279
-6.68467351992 , 31.0488288352
-6.67955256347 , 27.0554536142
-6.67443160702 , 21.25593848
-6.66931065056 , 14.9729360393
-6.66418969411 , 7.89568902137
-6.65906873766 , 4.29549832127
-6.65394778121 , 7.90443613209
-6.64882682476 , 17.7966673033
-6.64370586831 , 25.0819642155
-6.63858491186 , 20.9805583026
-6.6334639554 , 10.3891855008
-6.62834299895 , 3.05825000373
-6.6232220425 , 0.678306494827
-6.61810108605 , 1.02145788227
-6.6129801296 , 3.69250572707
-6.60785917315 , 8.35478624007
-6.6027382167 , 11.3131608977
-6.59761726025 , 9.43128604806
-6.59249630379 , 5.86767379869
-6.58737534734 , 6.44827036507
-6.58225439089 , 13.7158746176
-6.57713343444 , 22.3940019975
-6.57201247799 , 22.2997074124
-6.56689152154 , 13.208663763
-6.56177056509 , 4.80221354143
-6.55664960863 , 2.22871763753
-6.55152865218 , 5.46136397743
-6.54640769573 , 13.4946989191
-6.54128673928 , 21.4359282186
-6.53616578283 , 26.2256552525
-6.53104482638 , 37.4110515926
-6.52592386993 , 64.1267489265
-6.52080291348 , 93.9517276015
-6.51568195702 , 100.868334137
-6.51056100057 , 76.3092431534
-6.50544004412 , 40.1564620354
-6.50031908767 , 16.8715109658
-6.49519813122 , 13.2311264722
-6.49007717477 , 19.3499220617
-6.48495621832 , 21.1646002334
-6.47983526186 , 16.4360352725
-6.47471430541 , 16.2111481515
-6.46959334896 , 24.5768272475
-6.46447239251 , 29.3480236141
-6.45935143606 , 21.5447956973
-6.45423047961 , 9.40055208959
-6.44910952316 , 2.43485122437
-6.44398856671 , 0.497681207158
-6.43886761025 , 1.57835121955
-6.4337466538 , 11.3541497401
-6.42862569735 , 50.0899075588
-6.4235047409 , 132.551368227
-6.41838378445 , 210.147361387
-6.413262828 , 199.616420876
-6.40814187155 , 114.394007663
-6.40302091509 , 41.2676311061
-6.39789995864 , 11.2491599931
-6.39277900219 , 3.2882017027
-6.38765804574 , 0.991750820444
-6.38253708929 , 0.246106491412
-6.37741613284 , 0.389010840497
-6.37229517639 , 2.60577048432
-6.36717421994 , 11.447924571
-6.36205326348 , 31.0213694379
-6.35693230703 , 52.6637601236
-6.35181135058 , 56.8378550167
-6.34669039413 , 39.263240751
-6.34156943768 , 17.2988246834
-6.33644848123 , 4.93002503532
-6.33132752478 , 1.48146370011
-6.32620656832 , 1.81831661096
-6.32108561187 , 2.68213940123
-6.31596465542 , 2.44704856712
-6.31084369897 , 1.32380860333
-6.30572274252 , 0.424457321949
-6.30060178607 , 0.0921713837517
-6.29548082962 , 0.154263357358
-6.29035987317 , 1.05550553348
-6.28523891671 , 4.5344753887
-6.28011796026 , 11.5359962085
-6.27499700381 , 17.3704930446
-6.26987604736 , 15.4884864447
-6.26475509091 , 8.30045699694
-6.25963413446 , 3.84642223289
-6.25451317801 , 7.90488197966
-6.24939222155 , 25.8600594451
-6.2442712651 , 56.2134313146
-6.23915030865 , 83.3420367064
-6.2340293522 , 97.4893163317
-6.22890839575 , 105.844795429
-6.2237874393 , 115.874569961
-6.21866648285 , 118.946591547
-6.2135455264 , 94.1167524637
-6.20842456994 , 50.278948574
-6.20330361349 , 21.9252643606
-6.19818265704 , 19.4766289822
-6.19306170059 , 26.2478691403
-6.18794074414 , 24.7833698993
-6.18281978769 , 14.4906395148
-6.17769883124 , 5.21698257184
-6.17257787478 , 1.15815224488
-6.16745691833 , 0.158476451475
-6.16233596188 , 0.0167942783928
-6.15721500543 , 0.0620630233226
-6.15209404898 , 0.635286503413
-6.14697309253 , 3.89125225899
-6.14185213608 , 14.1092796495
-6.13673117963 , 30.3174105273
-6.13161022317 , 39.016915415
-6.12648926672 , 32.9971252697
-6.12136831027 , 30.2572879895
-6.11624735382 , 47.5026006637
-6.11112639737 , 67.9364535961
-6.10600544092 , 63.0744515055
-6.10088448447 , 37.2189075796
-6.09576352801 , 16.6655321822
-6.09064257156 , 16.2736912632
-6.08552161511 , 37.4792627517
-6.08040065866 , 66.9812498195
-6.07527970221 , 76.3183443009
-6.07015874576 , 54.4805249243
-6.06503778931 , 25.3129542659
-6.05991683286 , 12.0257602893
-6.0547958764 , 13.2921886915
-6.04967491995 , 15.7704388636
-6.0445539635 , 11.8794141082
-6.03943300705 , 5.72022394927
-6.0343120506 , 4.99626192064
-6.02919109415 , 18.6021750153
-6.0240701377 , 56.3990251887
-6.01894918124 , 103.537921803
-6.01382822479 , 114.163673318
-6.00870726834 , 78.9261492549
-6.00358631189 , 48.6463081974
-5.99846535544 , 58.508189139
-5.99334439899 , 88.2077950834
-5.98822344254 , 99.5527384329
-5.98310248609 , 83.9414070073
-5.97798152963 , 57.1949129098
-5.97286057318 , 32.705626224
-5.96773961673 , 17.2023266776
-5.96261866028 , 9.45191419429
-5.95749770383 , 4.65705852378
-5.95237674738 , 1.5965172587
-5.94725579093 , 0.338921859029
-5.94213483447 , 0.043075128696
-5.93701387802 , 0.00324950707789
-5.93189292157 , 0.000145348520879
-5.92677196512 , 1.4363528929e-05
-5.92165100867 , 0.000416930052612
-5.91653005222 , 0.00980339294498
-5.91140909577 , 0.136938323233
-5.90628813932 , 1.13691046375
-5.90116718286 , 5.61425534454
-5.89604622641 , 16.5030063778
-5.89092526996 , 28.9001791103
-5.88580431351 , 30.1770101647
-5.88068335706 , 18.8042823817
-5.87556240061 , 6.99821616969
-5.87044144416 , 1.55781882482
-5.8653204877 , 0.236547382583
-5.86019953125 , 0.422789023298
-5.8550785748 , 3.33143056818
-5.84995761835 , 16.2824862185
-5.8448366619 , 47.5379653607
-5.83971570545 , 83.0073985864
-5.834594749 , 86.8126986109
-5.82947379255 , 54.4749304429
-5.82435283609 , 20.6334584752
-5.81923187964 , 5.04012381738
-5.81411092319 , 1.85525193473
-5.80898996674 , 4.13712567905
-5.80386901029 , 10.44999433
-5.79874805384 , 16.7719227876
-5.79362709739 , 16.1124817276
-5.78850614093 , 9.18107939493
-5.78338518448 , 3.13052298506
-5.77826422803 , 1.0731178265
-5.77314327158 , 3.69500711325
-5.76802231513 , 17.2647777271
-5.76290135868 , 49.3056789602
-5.75778040223 , 84.5968335197
-5.75265944578 , 87.7901926974
-5.74753848932 , 59.1183076746
-5.74241753287 , 43.828225103
-5.73729657642 , 69.7551749714
-5.73217561997 , 107.250859139
-5.72705466352 , 103.661273084
-5.72193370707 , 61.1941163497
-5.71681275062 , 28.9675566514
-5.71169179416 , 30.6211226709
-5.70657083771 , 48.689460317
-5.70144988126 , 52.6162966745
-5.69632892481 , 38.2362800945
-5.69120796836 , 31.6645187398
-5.68608701191 , 44.1162795548
-5.68096605546 , 53.2245983282
-5.67584509901 , 40.5722747386
-5.67072414255 , 20.6351788319
-5.6656031861 , 16.306621745
-5.66048222965 , 33.5385393395
-5.6553612732 , 56.0362401718
-5.65024031675 , 56.627290292
-5.6451193603 , 33.9112187443
-5.63999840385 , 12.0201993013
-5.63487744739 , 2.52174578532
-5.62975649094 , 0.313119853027
-5.62463553449 , 0.0230112108914
-5.61951457804 , 0.00100090332062
-5.61439362159 , 2.65817549393e-05
-5.60927266514 , 4.07249075842e-05
-5.60415170869 , 0.00118099792682
-5.59903075224 , 0.0204674220315
-5.59390979578 , 0.209941874852
-5.58878883933 , 1.27454629659
-5.58366788288 , 4.57965516865
-5.57854692643 , 9.73936408944
-5.57342596998 , 12.2588875626
-5.56830501353 , 9.13464983949
-5.56318405708 , 4.07448724234
-5.55806310062 , 1.67177137776
-5.55294214417 , 4.95538004436
-5.54782118772 , 22.0122032899
-5.54270023127 , 60.062194443
-5.53757927482 , 97.6262297558
-5.53245831837 , 94.5285898447
-5.52733736192 , 54.5577054017
-5.52221640547 , 18.7799412775
-5.51709544901 , 3.85737916861
-5.51197449256 , 0.472961315164
-5.50685353611 , 0.0349319269683
-5.50173257966 , 0.00855823125009
-5.49661162321 , 0.0973566113804
-5.49149066676 , 0.8136807132
-5.48636971031 , 4.13069675208
-5.48124875385 , 12.7639995169
-5.4761277974 , 24.096722406
-5.47100684095 , 28.411741288
-5.4658858845 , 24.3147990606
-5.46076492805 , 25.7300891792
-5.4556439716 , 41.2066956955
-5.45052301515 , 61.5323839374
-5.4454020587 , 70.5299778921
-5.44028110224 , 57.6280702746
-5.43516014579 , 31.0194511227
-5.43003918934 , 10.390981093
-5.42491823289 , 2.10394595805
-5.41979727644 , 0.254257432296
-5.41467631999 , 0.0182456868441
-5.40955536354 , 0.000793353865915
-5.40443440708 , 0.000755164082271
-5.39931345063 , 0.0183599546177
-5.39419249418 , 0.271448320364
-5.38907153773 , 2.38060308332
-5.38395058128 , 12.4338284667
-5.37882962483 , 39.14477455
-5.37370866838 , 76.8850097803
-5.36858771193 , 102.461320921
-5.36346675547 , 105.864588842
-5.35834579902 , 90.4620817728
-5.35322484257 , 58.5104448069
-5.34810388612 , 25.833323628
-5.34298292967 , 10.2836690098
-5.33786197322 , 16.8354423319
-5.33274101677 , 43.9739082998
-5.32762006031 , 72.7037759615
-5.32249910386 , 71.327149501
-5.31737814741 , 41.420853846
-5.31225719096 , 14.237677009
-5.30713623451 , 2.91569947309
-5.30201527806 , 0.57267438716
-5.29689432161 , 1.54504411096
-5.29177336516 , 6.12763293589
-5.2866524087 , 14.857263235
-5.28153145225 , 23.1187691193
-5.2764104958 , 28.9890856392
-5.27128953935 , 39.5994869177
-5.2661685829 , 51.0085546702
-5.26104762645 , 48.0600967203
-5.25592667 , 37.1935168172
-5.25080571355 , 35.7199473933
-5.24568475709 , 40.5345877901
-5.24056380064 , 39.4488561662
-5.23544284419 , 28.9987629475
-5.23032188774 , 15.4896849328
-5.22520093129 , 8.22657195215
-5.22007997484 , 8.77686162566
-5.21495901839 , 10.4746767707
-5.20983806193 , 8.34430304736
-5.20471710548 , 5.12325952578
-5.19959614903 , 6.33338369589
-5.19447519258 , 15.5785577174
-5.18935423613 , 30.5757233721
-5.18423327968 , 38.0103147097
-5.17911232323 , 28.5526629134
-5.17399136678 , 12.7797126503
-5.16887041032 , 3.39277270573
-5.16374945387 , 0.533470545052
-5.15862849742 , 0.0496572819268
-5.15350754097 , 0.00273593846665
-5.14838658452 , 8.92194243597e-05
-5.14326562807 , 1.72200901514e-06
-5.13814467162 , 1.96712589437e-08
-5.13302371516 , 1.32999166733e-10
-5.12790275871 , 5.32213014259e-13
-5.12278180226 , 1.26049693392e-15
-5.11766084581 , 1.76692374527e-18
-5.11253988936 , 1.46593098127e-21
-5.10741893291 , 7.1982834054e-25
-5.10229797646 , 2.24129405487e-28
-5.09717702001 , 5.72354593649e-26
-5.09205606355 , 1.29879492206e-22
-5.0869351071 , 1.74436061443e-19
-5.08181415065 , 1.38660253662e-16
-5.0766931942 , 6.52360717197e-14
-5.07157223775 , 1.81653567095e-11
-5.0664512813 , 2.99378896821e-09
-5.06133032485 , 2.9202670746e-07
-5.05620936839 , 1.68600833568e-05
-5.05108841194 , 0.000576207273713
-5.04596745549 , 0.0116618225503
-5.04084649904 , 0.140019879674
-5.03572554259 , 1.00462377059
-5.03060458614 , 4.43412221856
-5.02548362969 , 13.3168333169
-5.02036267324 , 33.9064961889
-5.01524171678 , 82.3268000638
-5.01012076033 , 157.85733047
-5.00499980388 , 197.697660294
-4.99987884743 , 150.542875388
-4.99475789098 , 68.9110473214
-4.98963693453 , 21.8207699763
-4.98451597808 , 13.7179641576
-4.97939502162 , 20.2058652871
-4.97427406517 , 21.8242424296
-4.96915310872 , 14.2959034718
-4.96403215227 , 6.20254458666
-4.95891119582 , 3.06966150657
-4.95379023937 , 2.65928686022
-4.94866928292 , 2.04164921276
-4.94354832647 , 1.31528124272
-4.93842737001 , 2.4535993721
-4.93330641356 , 7.64158645833
-4.92818545711 , 15.6033972367
-4.92306450066 , 18.9550949464
-4.91794354421 , 13.6320170479
-4.91282258776 , 5.80255138289
-4.90770163131 , 1.4618327517
-4.90258067485 , 0.217969619176
-4.8974597184 , 0.0192359578396
-4.89233876195 , 0.00100473432779
-4.8872178055 , 3.10604853479e-05
-4.88209684905 , 5.68309358421e-07
-4.8769758926 , 6.15433242153e-09
-4.87185493615 , 3.94454274373e-11
-4.8667339797 , 1.49634575296e-13
-4.86161302324 , 3.35959415556e-16
-4.85649206679 , 4.46438100623e-19
-4.85137111034 , 3.51119750597e-22
-4.84625015389 , 1.63443946385e-25
-4.84112919744 , 4.50300048059e-29
-4.83600824099 , 7.34268282312e-33
-4.83088728454 , 7.09471343673e-37
-4.82576632808 , 8.69609133913e-40
-4.82064537163 , 8.2983934323e-40
-4.81552441518 , 8.2983934323e-40
-4.81040345873 , 8.2983934323e-40
-4.80528250228 , 8.2983934323e-40
-4.80016154583 , 8.2983934323e-40
-4.79504058938 , 8.2983934323e-40
-4.78991963293 , 8.2983934323e-40
-4.78479867647 , 9.31405695514e-39
-4.77967772002 , 1.26466893061e-34
-4.77455676357 , 1.11481323136e-30
-4.76943580712 , 5.8163430864e-27
-4.76431485067 , 1.79604713093e-23
-4.75919389422 , 3.28250391483e-20
-4.75407293777 , 3.55068861182e-17
-4.74895198131 , 2.273210914e-14
-4.74383102486 , 8.61363943683e-12
-4.73871006841 , 1.93176127169e-09
-4.73358911196 , 2.56412995418e-07
-4.72846815551 , 2.01440327939e-05
-4.72334719906 , 0.000936639821248
-4.71822624261 , 0.0257761841841
-4.71310528616 , 0.419840610755
-4.7079843297 , 4.04734358817
-4.70286337325 , 23.0927425294
-4.6977424168 , 77.9831480323
-4.69262146035 , 155.864001725
-4.6875005039 , 184.378675904
-4.68237954745 , 129.090823491
-4.677258591 , 53.4933579202
-4.67213763454 , 13.1197077125
-4.66701667809 , 1.90444427113
-4.66189572164 , 0.163618417403
-4.65677476519 , 0.00831987996979
-4.65165380874 , 0.00025229512908
-4.64653285229 , 0.000105768496697
-4.64141189584 , 0.00332954184814
-4.63629093939 , 0.0678538550256
-4.63116998293 , 0.857527147466
-4.62604902648 , 6.69336544253
-4.62092807003 , 32.0481960003
-4.61580711358 , 93.3989441465
-4.61068615713 , 164.47226794
-4.60556520068 , 173.957404555
-4.60044424423 , 110.038136012
-4.59532328777 , 42.0593643156
-4.59020233132 , 15.077383098
-4.58508137487 , 33.8044281696
-4.57996041842 , 108.508140989
-4.57483946197 , 213.581370095
-4.56971850552 , 249.03331495
-4.56459754907 , 171.88620717
-4.55947659262 , 70.580748503
-4.55435563616 , 20.3899897465
-4.54923467971 , 20.4597426253
-4.54411372326 , 56.47182029
-4.53899276681 , 103.925885185
-4.53387181036 , 113.600774708
-4.52875085391 , 73.6784563864
-4.52362989746 , 29.7938942017
-4.518508941 , 14.7744654649
-4.51338798455 , 26.0583015615
-4.5082670281 , 44.8353871133
-4.50314607165 , 47.0679781817
-4.4980251152 , 29.2944412653
-4.49290415875 , 10.940442407
-4.4877832023 , 3.85683936233
-4.48266224585 , 8.92938579806
-4.47754128939 , 29.2641632828
-4.47242033294 , 58.6672901476
-4.46729937649 , 69.6632865655
-4.46217842004 , 48.9597128005
-4.45705746359 , 20.3654260402
-4.45193650714 , 5.01380814656
-4.44681555069 , 0.730569426074
-4.44169459423 , 0.0630049751526
-4.43657363778 , 0.00321593872804
-4.43145268133 , 9.71539039372e-05
-4.42633172488 , 1.73712998623e-06
-4.42121076843 , 1.8383320015e-08
-4.41608981198 , 1.15142365512e-10
-4.41096885553 , 4.26840792168e-13
-4.40584789908 , 9.36518275503e-16
-4.40072694262 , 1.21614726092e-18
-4.39560598617 , 9.34707322538e-22
-4.39048502972 , 4.25191617237e-25
-4.38536407327 , 1.14475701139e-28
-4.38024311682 , 1.82415408487e-32
-4.37512216037 , 1.72122653196e-36
-4.37000120392 , 9.2325966867e-40
-4.36488024746 , 8.2983934323e-40
-4.35975929101 , 8.2983934323e-40
-4.35463833456 , 8.2983934323e-40
-4.34951737811 , 8.2983934323e-40
-4.34439642166 , 8.2983934323e-40
-4.33927546521 , 8.2983934323e-40
-4.33415450876 , 8.2983934323e-40
-4.32903355231 , 8.2983934323e-40
-4.32391259585 , 8.2983934323e-40
-4.3187916394 , 8.2983934323e-40
-4.31367068295 , 8.2983934323e-40
-4.3085497265 , 8.2983934323e-40
-4.30342877005 , 8.2983934323e-40
-4.2983078136 , 8.2983934323e-40
-4.29318685715 , 8.2983934323e-40
-4.28806590069 , 8.2983934323e-40
-4.28294494424 , 8.2983934323e-40
-4.27782398779 , 8.2983934323e-40
-4.27270303134 , 1.07509262969e-39
-4.26758207489 , 3.91517658415e-36
-4.26246111844 , 3.68709492526e-32
-4.25734016199 , 2.05555356737e-28
-4.25221920554 , 6.78254746329e-25
-4.24709824908 , 1.32457464349e-21
-4.24197729263 , 1.53101549209e-18
-4.23685633618 , 1.04737519986e-15
-4.23173537973 , 4.24076825371e-13
-4.22661442328 , 1.01626354427e-10
-4.22149346683 , 1.44141058206e-08
-4.21637251038 , 1.21000904921e-06
-4.21125155392 , 6.01186311078e-05
-4.20613059747 , 0.00176786501285
-4.20100964102 , 0.0307686662827
-4.19588868457 , 0.316947838808
-4.19076772812 , 1.93235302278
-4.18564677167 , 6.97275971962
-4.18052581522 , 14.8916383757
-4.17540485877 , 18.8234756189
-4.17028390231 , 14.0824008787
-4.16516294586 , 6.23552669857
-4.16004198941 , 1.63413953049
-4.15492103296 , 0.253468900806
-4.14980007651 , 0.0232691118517
-4.14467912006 , 0.00126448850133
-4.13955816361 , 5.31542312633e-05
-4.13443720715 , 0.000525870474668
-4.1293162507 , 0.0130595375984
-4.12419529425 , 0.192236297705
-4.1190743378 , 1.67479967826
-4.11395338135 , 8.63594634917
-4.1088324249 , 26.3558237187
-4.10371146845 , 47.606126274
-4.098590512 , 50.8942461555
-4.09346955554 , 32.202835931
-4.08834859909 , 12.0597733096
-4.08322764264 , 2.67302955656
-4.07810668619 , 0.350661405404
-4.07298572974 , 0.02722649705
-4.06786477329 , 0.00125116665102
-4.06274381684 , 3.40297017558e-05
-4.05762286038 , 5.477983467e-07
-4.05250190393 , 5.21918730534e-09
-4.04738094748 , 2.94309743955e-11
-4.04225999103 , 9.82610978219e-14
-4.03713903458 , 2.10583123192e-14
-4.03201807813 , 7.31869742271e-12
-4.02689712168 , 1.51944024691e-09
-4.02177616523 , 1.86703736337e-07
-4.01665520877 , 1.35781914909e-05
-4.01153425232 , 0.000584454067868
-4.00641329587 , 0.0148894405095
-4.00129233942 , 0.224504943595
-3.99617138297 , 2.00351673758
-3.99105042652 , 10.582288025
-3.98592947007 , 33.0815399129
-3.98080851361 , 61.2084516272
-3.97568755716 , 67.0280532616
-3.97056660071 , 43.4431547573
-3.96544564426 , 16.6650124019
-3.96032468781 , 3.78363699885
-3.95520373136 , 0.508431936806
-3.95008277491 , 0.0404367011405
-3.94496181846 , 0.00190343543691
-3.939840862 , 5.30298158797e-05
-3.93471990555 , 8.74423124326e-07
-3.9295989491 , 8.54118948507e-09
-3.92447799265 , 1.73762242382e-09
-3.9193570362 , 2.28432892657e-07
-3.91423607975 , 1.82927603342e-05
-3.9091151233 , 0.000867001850493
-3.90399416684 , 0.0243209569449
-3.89887321039 , 0.403795196329
-3.89375225394 , 3.96790710482
-3.88863129749 , 23.0771286254
-3.88351034104 , 79.4370559774
-3.87838938459 , 161.847378597
-3.87326842814 , 195.332171872
-3.86814747169 , 141.54336482
-3.86302651523 , 75.3116392222
-3.85790555878 , 85.4841218509
-3.85278460233 , 182.038902323
-3.84766364588 , 270.716320165
-3.84254268943 , 240.831538426
-3.83742173298 , 126.882933004
-3.83230077653 , 39.5665827361
-3.82717982007 , 7.30254904299
-3.82205886362 , 0.797701044643
-3.81693790717 , 0.0515733720366
-3.81181695072 , 0.0019734702364
-3.80669599427 , 4.46946299081e-05
-3.80157503782 , 5.99727011681e-07
-3.79645408137 , 9.07503151653e-08
-3.79133312492 , 6.98747759163e-06
-3.78621216846 , 0.000336025709674
-3.78109121201 , 0.00956413085331
-3.77597025556 , 0.161115768959
-3.77084929911 , 1.60638678981
-3.76572834266 , 9.47941935599
-3.76060738621 , 33.1079953149
-3.75548642976 , 68.4389866472
-3.7503654733 , 83.7324487774
-3.74524451685 , 60.6322313298
-3.7401235604 , 25.9856058142
-3.73500260395 , 6.59146086517
-3.7298816475 , 0.989578033354
-3.72476069105 , 0.0879301777709
-3.7196397346 , 0.00462429352239
-3.71451877815 , 0.000143936974847
-3.70939782169 , 2.65166639932e-06
-3.70427686524 , 2.89124527974e-08
-3.69915590879 , 1.86582335439e-10
-3.69403495234 , 7.12737934833e-13
-3.68891399589 , 5.58286768439e-14
-3.68379303944 , 1.95515835054e-11
-3.67867208299 , 4.1729711124e-09
-3.67355112653 , 5.27152171322e-07
-3.66843017008 , 3.94155228813e-05
-3.66330921363 , 0.00174452693459
-3.65818825718 , 0.0457168348054
-3.65306730073 , 0.709857996928
-3.64794634428 , 6.5438744158
-3.64282538783 , 36.0162729824
-3.63770443138 , 120.157087455
-3.63258347492 , 252.356482287
-3.62746251847 , 360.173362442
-3.62234156202 , 383.880702632
-3.61722060557 , 312.478956014
-3.61209964912 , 179.673186064
-3.60697869267 , 66.6799464775
-3.60185773622 , 15.1677141738
-3.59673677976 , 2.06870823369
-3.59161582331 , 0.167772303049
-3.58649486686 , 0.00806637166279
-3.58137391041 , 0.000229672662293
-3.57625295396 , 3.87123548078e-06
-3.57113199751 , 3.86225799965e-08
-3.56601104106 , 2.28067819783e-10
-3.56089008461 , 7.97095949205e-13
-3.55576912815 , 1.6488400467e-15
-3.5506481717 , 2.01867728076e-18
-3.54552721525 , 1.4627678066e-21
-3.5404062588 , 6.27341346318e-25
-3.53528530235 , 1.59240088666e-28
-3.5301643459 , 2.39232910572e-32
-3.52504338945 , 3.21898195481e-35
-3.51992243299 , 3.01799785442e-31
-3.51480147654 , 1.7932577185e-27
-3.50968052009 , 6.30647233672e-24
-3.50455956364 , 1.3126540547e-20
-3.49943860719 , 1.61708957434e-17
-3.49431765074 , 1.17906534161e-14
-3.48919669429 , 5.08817071315e-12
-3.48407573784 , 1.29958735929e-09
-3.47895478138 , 1.96457805019e-07
-3.47383382493 , 1.75773378883e-05
-3.46871286848 , 0.000930801168937
-3.46359191203 , 0.0291729766298
-3.45847095558 , 0.541158611429
-3.45334999913 , 5.94139476479
-3.44822904268 , 38.6075507304
-3.44310808622 , 148.482782938
-3.43798712977 , 337.986966499
-3.43286617332 , 455.348399831
-3.42774521687 , 363.084478248
-3.42262426042 , 171.352939656
-3.41750330397 , 47.8625070599
-3.41238234752 , 7.91260557544
-3.40726139107 , 0.774422961074
-3.40214043461 , 0.0523005911839
-3.39701947816 , 0.162396035793
-3.39189852171 , 2.05170219605
-3.38677756526 , 15.4877856596
-3.38165660881 , 69.1975704554
-3.37653565236 , 182.983658478
-3.37141469591 , 286.387263062
-3.36629373945 , 265.286423402
-3.361172783 , 145.444159026
-3.35605182655 , 47.1951965258
-3.3509308701 , 9.06540072679
-3.34580991365 , 1.06461522844
-3.3406889572 , 0.557716106417
-3.33556800075 , 4.1158346416
-3.3304470443 , 20.5010735987
-3.32532608784 , 60.4788426078
-3.32020513139 , 105.596934337
-3.31508417494 , 109.123619417
-3.30996321849 , 66.7430150499
-3.30484226204 , 24.1608655997
-3.29972130559 , 5.17653735191
-3.29460034914 , 0.656788925504
-3.28947939268 , 0.0604482691555
-3.28435843623 , 0.205140874218
-3.27923747978 , 2.1802287465
-3.27411652333 , 13.8613821597
-3.26899556688 , 52.1605286969
-3.26387461043 , 116.170812512
-3.25875365398 , 153.134003158
-3.25363269753 , 119.471911269
-3.24851174107 , 55.1670236618
-3.24339078462 , 15.0769280698
-3.23826982817 , 2.43874133126
-3.23314887172 , 0.233473815734
-3.22802791527 , 0.0132290966817
-3.22290695882 , 0.000443651308085
-3.21778600237 , 8.80588296233e-06
-3.21266504592 , 1.0344836199e-07
-3.20754408946 , 7.1927332525e-10
-3.20242313301 , 3.0186640368e-12
-3.19730217656 , 2.05479480319e-11
-3.19218122011 , 4.25282557513e-09
-3.18706026366 , 5.21145050927e-07
-3.18193930721 , 3.77971628938e-05
-3.17681835076 , 0.00162247989306
-3.1716973943 , 0.0412210434485
-3.16657643785 , 0.619837968071
-3.1614554814 , 5.51641468867
-3.15633452495 , 29.0572944055
-3.1512135685 , 90.5884810537
-3.14609261205 , 167.151515403
-3.1409716556 , 182.543845613
-3.13585069915 , 117.989567521
-3.13072974269 , 45.1377139163
-3.12560878624 , 10.2200976791
-3.12048782979 , 1.36958840364
-3.11536687334 , 0.108628712029
-3.11024591689 , 0.00509939585984
-3.10512496044 , 0.000141681243646
-3.10000400399 , 2.32983695842e-06
-3.09488304753 , 2.26755712487e-08
-3.08976209108 , 1.30620240725e-10
-3.08464113463 , 4.45330314563e-13
-3.07952017818 , 8.98616444053e-16
-3.07439922173 , 3.02213572683e-18
-3.06927826528 , 1.38246910434e-15
-3.06415730883 , 5.80409486108e-13
-3.05903635238 , 1.44222613486e-10
-3.05391539592 , 2.12105423851e-08
-3.04879443947 , 1.84624673718e-06
-3.04367348302 , 9.51146164605e-05
-3.03855252657 , 0.00290017586991
-3.03343157012 , 0.0523384626919
-3.02831061367 , 0.559032611191
-3.02318965722 , 3.53405153129
-3.01806870076 , 13.222944224
-3.01294774431 , 29.2821531579
-3.00782678786 , 38.3793312731
-3.00270583141 , 29.7722290999
-2.99758487496 , 13.6692552998
-2.99246391851 , 3.71447903161
-2.98734296206 , 0.597407294132
-2.98222200561 , 0.0568673098712
-2.97710104915 , 0.00320386642505
-2.9719800927 , 0.000106833060951
-2.96685913625 , 2.1084169359e-06
-2.9617381798 , 2.462787121e-08
-2.95661722335 , 1.70261637204e-10
-2.9514962669 , 6.96668685843e-13
-2.94637531045 , 1.68715634407e-15
-2.94125435399 , 2.4235594767e-18
-2.93613339754 , 6.60547325858e-18
-2.93101244109 , 4.87470680906e-15
-2.92589148464 , 2.12984255533e-12
-2.92077052819 , 5.5076462354e-10
-2.91564957174 , 8.42954455667e-08
-2.91052861529 , 7.63592617825e-06
-2.90540765884 , 0.000409391547797
-2.90028670238 , 0.0129907909167
-2.89516574593 , 0.243978827863
-2.89004478948 , 2.71200663081
-2.88492383303 , 17.8431211858
-2.87980287658 , 69.5122163041
-2.87468192013 , 160.888466493
-2.86956096368 , 227.648792301
-2.86444000722 , 241.328937582
-2.85931905077 , 354.435082057
-2.85419809432 , 688.315805237
-2.84907713787 , 971.199335639
-2.84395618142 , 833.639236513
-2.83883522497 , 424.879950633
-2.83371426852 , 128.213911816
-2.82859331207 , 22.9003555709
-2.82347235561 , 2.42086768523
-2.81835139916 , 0.151467600968
-2.81323044271 , 0.0056090342157
-2.80810948626 , 0.000122935144366
-2.80298852981 , 1.59471706972e-06
-2.79786757336 , 1.22436484408e-08
-2.79274661691 , 5.56362281837e-11
-2.78762566045 , 1.49631878791e-13
-2.782504704 , 2.38182691764e-16
-2.77738374755 , 2.24396640424e-19
-2.7722627911 , 7.08991422977e-22
-2.76714183465 , 8.47319424448e-19
-2.7620208782 , 7.27779617354e-16
-2.75689992175 , 3.69974992641e-13
-2.7517789653 , 1.11317802284e-10
-2.74665800884 , 1.98233379947e-08
-2.74153705239 , 2.08934123492e-06
-2.73641609594 , 0.000130335987642
-2.73129513949 , 0.00481225987616
-2.72617418304 , 0.105169872299
-2.72105322659 , 1.36080514227
-2.71593227014 , 10.4341552399
-2.71081131368 , 47.5722130249
-2.70569035723 , 130.594676872
-2.70056940078 , 225.407103918
-2.69544844433 , 276.009988029
-2.69032748788 , 288.21563809
-2.68520653143 , 262.064253853
-2.68008557498 , 173.851321528
-2.67496461853 , 73.4225866723
-2.66984366207 , 18.7426172167
-2.66472270562 , 2.84792244433
-2.65960174917 , 0.256511515253
-2.65448079272 , 0.0136798340997
-2.64935983627 , 0.000431838174932
-2.64423887982 , 8.06850807629e-06
-2.63911792337 , 8.92253727078e-08
-2.63399696691 , 5.83988133332e-10
-2.62887601046 , 2.26224456929e-12
-2.62375505401 , 5.18674381171e-15
-2.61863409756 , 7.03833131995e-18
-2.61351314111 , 5.65280846493e-21
-2.60839218466 , 2.68706693683e-24
-2.60327122821 , 7.5598355812e-28
-2.59815027176 , 1.25882647421e-31
-2.5930293153 , 1.24070285501e-35
-2.58790835885 , 1.54501133582e-39
-2.5827874024 , 8.42472860208e-40
-2.57766644595 , 5.02888942981e-37
-2.5725454895 , 6.17465579224e-33
-2.56742453305 , 4.49448753099e-29
-2.5623035766 , 1.93627604704e-25
-2.55718262014 , 4.93712331168e-22
-2.55206166369 , 7.45075502475e-19
-2.54694070724 , 6.65497154107e-16
-2.54181975079 , 3.51812875292e-13
-2.53669879434 , 1.10077070815e-10
-2.53157783789 , 2.03845724911e-08
-2.52645688144 , 2.23422012586e-06
-2.52133592499 , 0.000144933880355
-2.51621496853 , 0.00556459406836
-2.51109401208 , 0.126449368707
-2.50597305563 , 1.70066765092
-2.50085209918 , 13.5376052056
-2.49573114273 , 63.7799018976
-2.49061018628 , 177.846555184
-2.48548922983 , 293.512550641
-2.48036827337 , 286.699875172
-2.47524731692 , 165.747863728
-2.47012636047 , 56.7137002917
-2.46500540402 , 11.4854401094
-2.45988444757 , 1.37667199476
-2.45476349112 , 0.0982187141657
-2.44964253467 , 0.0202607539951
-2.44452157822 , 0.277757753556
-2.43940062176 , 2.82349679053
-2.43427966531 , 16.99366332
-2.42915870886 , 60.5350166855
-2.42403775241 , 127.628126511
-2.41891679596 , 159.263958386
-2.41379583951 , 117.728149375
-2.40867488306 , 52.9105370944
-2.4035539266 , 25.637948832
-2.39843297015 , 62.2294131609
-2.3933120137 , 174.011373503
-2.38819105725 , 297.114830133
-2.3830701008 , 300.554644618
-2.37794914435 , 179.951768263
-2.3728281879 , 63.7689406175
-2.36770723145 , 13.3746455785
-2.36258627499 , 1.66025709971
-2.35746531854 , 0.12197993386
-2.35234436209 , 0.00530421873197
-2.34722340564 , 0.000136513135082
-2.34210244919 , 2.07944501248e-06
-2.33698149274 , 1.87473732297e-08
-2.33186053629 , 1.0003532688e-10
-2.32673957983 , 3.15926714484e-13
-2.32161862338 , 5.90526364945e-16
-2.31649766693 , 6.53299339645e-19
-2.31137671048 , 4.27821511734e-22
-2.30625575403 , 1.49110245472e-22
-2.30113479758 , 2.31878673208e-19
-2.29601384113 , 2.13656821851e-16
-2.29089288468 , 1.16517795136e-13
-2.28577192822 , 3.76086105228e-11
-2.28065097177 , 7.18458778352e-09
-2.27553001532 , 8.12336484536e-07
-2.27040905887 , 5.4361270649e-05
-2.26528810242 , 0.00215309293705
-2.26016714597 , 0.0504725782196
-2.25504618952 , 0.700273577163
-2.24992523306 , 5.75041947696
-2.24480427661 , 27.9480074028
-2.23968332016 , 80.3936430846
-2.23456236371 , 136.871209741
-2.22944140726 , 137.918345552
-2.22432045081 , 82.2529552146
-2.21919949436 , 29.033606629
-2.21407853791 , 6.06705318819
-2.20895758145 , 0.79309851217
-2.203836625 , 0.778887051492
-2.19871566855 , 7.19957419077
-2.1935947121 , 42.3455702543
-2.18847375565 , 147.458868882
-2.1833527992 , 303.91629556
-2.17823184275 , 370.729131092
-2.17311088629 , 267.659824846
-2.16798992984 , 114.432596534
-2.16286897339 , 29.7284552334
-2.15774801694 , 10.6498870612
-2.15262706049 , 29.8290284017
-2.14750610404 , 81.2150888964
-2.14238514759 , 132.51401586
-2.13726419114 , 127.999997004
-2.13214323468 , 73.1778437831
-2.12702227823 , 24.7610371568
-2.12190132178 , 4.95881141625
-2.11678036533 , 0.587767934361
-2.11165940888 , 0.0412338344716
-2.10653845243 , 0.00171206832892
-2.10141749598 , 4.20734378835e-05
-2.09629653952 , 6.11947892959e-07
-2.09117558307 , 5.2679351961e-09
-2.08605462662 , 2.68402119147e-11
-2.08093367017 , 8.0937725112e-14
-2.07581271372 , 1.44455999479e-16
-2.07069175727 , 1.525947914e-19
-2.06557080082 , 9.54032946481e-23
-2.06044984437 , 3.53025902869e-26
-2.05532888791 , 7.73159877558e-30
-2.05020793146 , 1.00219432382e-33
-2.04508697501 , 7.7711744284e-38
-2.03996601856 , 8.2983934323e-40
-2.03484506211 , 8.2983934323e-40
-2.02972410566 , 8.2983934323e-40
-2.02460314921 , 8.2983934323e-40
-2.01948219275 , 8.2983934323e-40
-2.0143612363 , 8.2983934323e-40
-2.00924027985 , 8.2983934323e-40
-2.0041193234 , 8.2983934323e-40
-1.99899836695 , 8.2983934323e-40
-1.9938774105 , 8.2983934323e-40
-1.98875645405 , 8.2983934323e-40
-1.9836354976 , 8.2983934323e-40
-1.97851454114 , 8.2983934323e-40
-1.97339358469 , 8.2983934323e-40
-1.96827262824 , 8.2983934323e-40
-1.96315167179 , 8.2983934323e-40
-1.95803071534 , 8.30320084396e-40
-1.95290975889 , 1.02206996295e-38
-1.94778880244 , 1.02960278031e-34
-1.94266784598 , 6.68105979251e-31
-1.93754688953 , 2.5659255198e-27
-1.93242593308 , 5.83260103841e-24
-1.92730497663 , 7.84693458435e-21
-1.92218402018 , 6.24823463721e-18
-1.91706306373 , 2.94465327097e-15
-1.91194210728 , 8.21354300908e-13
-1.90682115083 , 1.35595864175e-10
-1.90170019437 , 1.32489630081e-08
-1.89657923792 , 7.66190686115e-07
-1.89145828147 , 2.6224751752e-05
-1.88633732502 , 0.000531257947178
-1.88121636857 , 0.0063697007622
-1.87609541212 , 0.045201428245
-1.87097445567 , 0.189847473261
-1.86585349921 , 0.471929387059
-1.86073254276 , 0.694334521916
-1.85561158631 , 0.60461655192
-1.85049062986 , 0.311609609668
-1.84536967341 , 0.095051984615
-1.84024871696 , 0.0171605448379
-1.83512776051 , 0.00183366709734
-1.83000680406 , 0.000115965671924
-1.8248858476 , 4.34068171359e-06
-1.81976489115 , 9.61625500362e-08
-1.8146439347 , 1.26087936602e-09
-1.80952297825 , 9.78499573024e-12
