Ef: -4.97713122026
-12.0514358809 , 2.61497147976e-10
-12.0463149245 , 3.36961167123e-08
-12.041193968 , 2.56987670407e-06
-12.0360730116 , 0.000116001674367
-12.0309520551 , 0.00309910124719
-12.0258310987 , 0.049003467095
-12.0207101422 , 0.458603524881
-12.0155891858 , 2.54019762211
-12.0104682293 , 8.32754826438
-12.0053472729 , 16.1579532894
-12.0002263164 , 18.555603112
-11.9951053599 , 12.6119818715
-11.9899844035 , 5.07354056936
-11.984863447 , 1.20797646687
-11.9797424906 , 0.170225785345
-11.9746215341 , 0.0141974960293
-11.9695005777 , 0.000700838097288
-11.9643796212 , 2.04759087024e-05
-11.9592586648 , 3.5406924395e-07
-11.9541377083 , 3.62370436706e-09
-11.9490167519 , 2.19501176175e-11
-11.9438957954 , 7.86937933718e-14
-11.938774839 , 1.66979688348e-16
-11.9336538825 , 2.09703823153e-19
-11.9285329261 , 1.55872171933e-22
-11.9234119696 , 6.85725598504e-26
-11.9182910132 , 1.78546636846e-29
-11.9131700567 , 2.75152059349e-33
-11.9080491003 , 2.52517498338e-37
-11.9029281438 , 1.56619113537e-39
-11.8978071874 , 1.55334366488e-39
-11.8926862309 , 1.55334366488e-39
-11.8875652745 , 1.55334366488e-39
-11.882444318 , 1.55334366488e-39
-11.8773233616 , 1.55334366488e-39
-11.8722024051 , 1.55334366488e-39
-11.8670814487 , 1.55334366488e-39
-11.8619604922 , 1.55334366488e-39
-11.8568395358 , 1.55334366488e-39
-11.8517185793 , 1.07001870812e-38
-11.8465976229 , 1.32372347417e-34
-11.8414766664 , 1.13326058571e-30
-11.83635571 , 5.74233428065e-27
-11.8312347535 , 1.72213918409e-23
-11.8261137971 , 3.05681472717e-20
-11.8209928406 , 3.21137540061e-17
-11.8158718842 , 1.99679796814e-14
-11.8107509277 , 7.34849268393e-12
-11.8056299712 , 1.60060251985e-09
-11.8005090148 , 2.06343036053e-07
-11.7953880583 , 1.57440777567e-05
-11.7902671019 , 0.000710993655092
-11.7851461454 , 0.0190035751849
-11.780025189 , 0.300625620915
-11.7749042325 , 2.81473657685
-11.7697832761 , 15.5980608828
-11.7646623196 , 51.159295322
-11.7595413632 , 99.3115097902
-11.7544204067 , 114.10264254
-11.7492994503 , 77.5912785074
-11.7441784938 , 31.2285054854
-11.7390575374 , 7.43893184557
-11.7339365809 , 1.04879605581
-11.7288156245 , 0.0875170352939
-11.723694668 , 0.00432230326228
-11.7185737116 , 0.000126345261193
-11.7134527551 , 2.18586716067e-06
-11.7083317987 , 2.2382554887e-08
-11.7032108422 , 1.35649012063e-10
-11.6980898858 , 4.86569291399e-13
-11.6929689293 , 1.03298458468e-15
-11.6878479729 , 1.29796824715e-18
-11.6827270164 , 9.65284602468e-22
-11.67760606 , 4.24881450964e-25
-11.6724851035 , 1.10688179933e-28
-11.6673641471 , 1.70669470876e-32
-11.6622431906 , 1.55906117549e-36
-11.6571222342 , 1.63316246975e-39
-11.6520012777 , 1.55334366488e-39
-11.6468803213 , 1.55334366488e-39
-11.6417593648 , 1.55334366488e-39
-11.6366384084 , 1.55334366488e-39
-11.6315174519 , 1.55334366488e-39
-11.6263964955 , 1.55334366488e-39
-11.621275539 , 1.55334366488e-39
-11.6161545826 , 1.55334366488e-39
-11.6110336261 , 1.55334366488e-39
-11.6059126696 , 1.55334366488e-39
-11.6007917132 , 1.55334366488e-39
-11.5956707567 , 1.55334366488e-39
-11.5905498003 , 1.55334366488e-39
-11.5854288438 , 1.55334366488e-39
-11.5803078874 , 1.55334366488e-39
-11.5751869309 , 1.55334366488e-39
-11.5700659745 , 1.55334366488e-39
-11.564945018 , 1.55334366488e-39
-11.5598240616 , 1.55334366488e-39
-11.5547031051 , 1.55334366488e-39
-11.5495821487 , 1.55334366488e-39
-11.5444611922 , 3.40077606056e-39
-11.5393402358 , 2.97338076844e-35
-11.5342192793 , 2.82272512149e-31
-11.5290983229 , 1.58609661973e-27
-11.5239773664 , 5.27486184295e-24
-11.51885641 , 1.03827628559e-20
-11.5137354535 , 1.20958161123e-17
-11.5086144971 , 8.34022586453e-15
-11.5034935406 , 3.403618247e-12
-11.4983725842 , 8.22099282339e-10
-11.4932516277 , 1.17524412599e-07
-11.4881306713 , 9.94379822775e-06
-11.4830097148 , 0.000497962812481
-11.4778887584 , 0.0147591692273
-11.4727678019 , 0.258909094963
-11.4676468455 , 2.68814749137
-11.462525889 , 16.5188295912
-11.4574049326 , 60.0794356477
-11.4522839761 , 129.328073345
-11.4471630197 , 164.770766664
-11.4420420632 , 124.247571303
-11.4369211068 , 55.4518506383
-11.4318001503 , 14.6475359219
-11.4266791939 , 2.28998948832
-11.4215582374 , 0.211896018094
-11.4164372809 , 0.0116046618984
-11.4113163245 , 0.000376151308624
-11.406195368 , 7.21627460006e-06
-11.4010744116 , 8.1937727206e-08
-11.3959534551 , 5.50649391419e-10
-11.3908324987 , 2.19021526489e-12
-11.3857115422 , 5.15607025962e-15
-11.3805905858 , 7.184081305e-18
-11.3754696293 , 5.9243954183e-21
-11.3703486729 , 2.89159338272e-24
-11.3652277164 , 8.35315985926e-28
-11.36010676 , 1.428185941e-31
-11.3549858035 , 1.44539178251e-35
-11.3498648471 , 2.41280486859e-39
-11.3447438906 , 1.55334366488e-39
-11.3396229342 , 1.55334366488e-39
-11.3345019777 , 1.55334366488e-39
-11.3293810213 , 1.55334366488e-39
-11.3242600648 , 1.55334366488e-39
-11.3191391084 , 1.56242640977e-39
-11.3140181519 , 2.89035995562e-37
-11.3088971955 , 3.48152945747e-33
-11.303776239 , 2.49540081632e-29
-11.2986552826 , 1.05859647198e-25
-11.2935343261 , 2.65790998951e-22
-11.2884133697 , 3.94975169577e-19
-11.2832924132 , 3.47391363064e-16
-11.2781714568 , 1.80837267809e-13
-11.2730505003 , 5.5715567014e-11
-11.2679295439 , 1.01597932485e-08
-11.2628085874 , 1.09651072359e-06
-11.257687631 , 7.0042331523e-05
-11.2525666745 , 0.00264806110674
-11.2474457181 , 0.0592536501368
-11.2423247616 , 0.784732993792
-11.2372038052 , 6.15103806028
-11.2320828487 , 28.5360996885
-11.2269618922 , 78.3538805907
-11.2218409358 , 127.334505183
-11.2167199793 , 122.476113694
-11.2115990229 , 69.7230517218
-11.2064780664 , 23.4920636073
-11.20135711 , 4.68498340535
-11.1962361535 , 0.559900062569
-11.1911151971 , 0.156611344958
-11.1859942406 , 1.18353509916
-11.1808732842 , 7.00779322234
-11.1757523277 , 24.5913582792
-11.1706313713 , 51.074684693
-11.1655104148 , 62.7839185154
-11.1603894584 , 45.6783783941
-11.1552685019 , 19.6694616968
-11.1501475455 , 5.01295502033
-11.145026589 , 0.75616170243
-11.1399056326 , 0.0675079755149
-11.1347846761 , 0.00356709788708
-11.1296637197 , 0.000111556404127
-11.1245427632 , 2.06487384446e-06
-11.1194218068 , 2.26210143877e-08
-11.1143008503 , 1.46672996756e-10
-11.1091798939 , 5.6286959725e-13
-11.1040589374 , 1.27845355153e-15
-11.098937981 , 1.71862709011e-18
-11.0938170245 , 1.36740728369e-21
-11.0886960681 , 6.4392259005e-25
-11.0835751116 , 1.79468804642e-28
-11.0784541552 , 2.9604916361e-32
-11.0733331987 , 2.89195266005e-36
-11.0682122423 , 1.71802250316e-39
-11.0630912858 , 1.55334366488e-39
-11.0579703294 , 1.55334366488e-39
-11.0528493729 , 1.55334366488e-39
-11.0477284165 , 1.55334366488e-39
-11.04260746 , 1.55334366488e-39
-11.0374865035 , 1.55334366488e-39
-11.0323655471 , 1.55334366488e-39
-11.0272445906 , 1.55334366488e-39
-11.0221236342 , 1.55334366488e-39
-11.0170026777 , 1.55334366488e-39
-11.0118817213 , 1.55334366488e-39
-11.0067607648 , 1.55334366488e-39
-11.0016398084 , 1.55334366488e-39
-10.9965188519 , 1.55334366488e-39
-10.9913978955 , 1.55334366488e-39
-10.986276939 , 1.55334366488e-39
-10.9811559826 , 1.55334366488e-39
-10.9760350261 , 1.55334366488e-39
-10.9709140697 , 1.62397986433e-39
-10.9657931132 , 1.50460122576e-36
-10.9606721568 , 1.7047816959e-32
-10.9555512003 , 1.14441121437e-28
-10.9504302439 , 4.54689767159e-25
-10.9453092874 , 1.06922218445e-21
-10.940188331 , 1.48812854212e-18
-10.9350673745 , 1.22583674907e-15
-10.9299464181 , 5.97646708478e-13
-10.9248254616 , 1.72455135605e-10
-10.9197045052 , 2.94528575255e-08
-10.9145835487 , 2.97713443391e-06
-10.9094625923 , 0.000178110351111
-10.9043416358 , 0.00630666232328
-10.8992206794 , 0.132169029555
-10.8940997229 , 1.63937960798
-10.8889787665 , 12.0350821945
-10.88385781 , 52.2923672094
-10.8787368536 , 134.476808515
-10.8736158971 , 204.682283124
-10.8684949407 , 184.436242385
-10.8633739842 , 99.080258793
-10.8582530278 , 37.8208501908
-10.8531320713 , 41.2485353659
-10.8480111149 , 110.079402851
-10.8428901584 , 199.978828169
-10.8377692019 , 216.190861218
-10.8326482455 , 138.355068273
-10.827527289 , 52.4053544463
-10.8224063326 , 11.7483311331
-10.8172853761 , 1.55882196548
-10.8121644197 , 0.122415573924
-10.8070434632 , 0.00568979882187
-10.8019225068 , 0.000156906954948
-10.7968015503 , 2.78674256125e-05
-10.7916805939 , 0.000986597864053
-10.7865596374 , 0.0227526571583
-10.781438681 , 0.31056636326
-10.7763177245 , 2.5089745117
-10.7711967681 , 11.9965845421
-10.7660758116 , 33.9499020015
-10.7609548552 , 56.8642044614
-10.7558338987 , 56.3714163763
-10.7507129423 , 33.0748941363
-10.7455919858 , 11.4857012345
-10.7404710294 , 2.36067447537
-10.7353500729 , 0.287166800783
-10.7302291165 , 0.0206753034366
-10.72510816 , 0.00088102674209
-10.7199872036 , 2.22200906448e-05
-10.7148662471 , 3.31682148731e-07
-10.7097452907 , 2.93033928087e-09
-10.7046243342 , 1.53226277867e-11
-10.6995033778 , 4.74207189065e-14
-10.6943824213 , 8.68610232166e-17
-10.6892614649 , 7.92305016684e-19
-10.6841405084 , 6.03730030096e-16
-10.679019552 , 3.09003529109e-13
-10.6738985955 , 9.36060030699e-11
-10.6687776391 , 1.67827652954e-08
-10.6636566826 , 1.78091379621e-06
-10.6585357262 , 0.000111851505268
-10.6534147697 , 0.00415776870005
-10.6482938132 , 0.0914741485166
-10.6431728568 , 1.19112127893
-10.6380519003 , 9.17979850214
-10.6329309439 , 41.8725944975
-10.6278099874 , 113.043644817
-10.622689031 , 180.62671762
-10.6175680745 , 170.819476123
-10.6124471181 , 95.6119859353
-10.6073261616 , 31.6742871673
-10.6022052052 , 6.21041923616
-10.5970842487 , 0.720700037171
-10.5919632923 , 0.0495002882791
-10.5868423358 , 0.00201224320488
-10.5817213794 , 4.84142009469e-05
-10.5766004229 , 6.89421185606e-07
-10.5714794665 , 5.81053389698e-09
-10.56635851 , 2.89845799453e-11
-10.5612375536 , 8.55731541772e-14
-10.5561165971 , 1.49529756831e-16
-10.5509956407 , 1.54645494481e-19
-10.5458746842 , 9.46599942362e-23
-10.5407537278 , 3.42937702039e-26
-10.5356327713 , 7.35332143739e-30
-10.5305118149 , 9.33194445726e-34
-10.5253908584 , 1.53373662009e-37
-10.520269902 , 1.0704826421e-33
-10.5151489455 , 8.29745355074e-30
-10.5100279891 , 3.80653862959e-26
-10.5049070326 , 1.03355891362e-22
-10.4997860762 , 1.66096245547e-19
-10.4946651197 , 1.5798067982e-16
-10.4895441633 , 8.89339792147e-14
-10.4844232068 , 2.96313238106e-11
-10.4793022504 , 5.84324327607e-09
-10.4741812939 , 6.8198757928e-07
-10.4690603375 , 4.71105902847e-05
-10.463939381 , 0.0019261061159
-10.4588184245 , 0.0466081063456
-10.4536974681 , 0.667516937319
-10.4485765116 , 5.65825746847
-10.4434555552 , 28.3872100857
-10.4383345987 , 84.2912425142
-10.4332136423 , 148.137486189
-10.4280926858 , 154.110829983
-10.4229717294 , 95.1894627568
-10.4178507729 , 37.0601984842
-10.4127298165 , 18.6188526177
-10.40760886 , 30.5030684527
-10.4024879036 , 46.3974423082
-10.3973669471 , 43.4331268401
-10.3922459907 , 27.8414634451
-10.3871250342 , 29.125880725
-10.3820040778 , 67.4636904128
-10.3768831213 , 132.109919495
-10.3717621649 , 190.137431692
-10.3666412084 , 214.428973595
-10.361520252 , 183.565613312
-10.3563992955 , 116.096764745
-10.3512783391 , 85.1998120199
-10.3461573826 , 126.320694516
-10.3410364262 , 183.46957507
-10.3359154697 , 179.442730238
-10.3307945133 , 114.14942245
-10.3256735568 , 47.1094286333
-10.3205526004 , 12.4457298196
-10.3154316439 , 2.06577533954
-10.3103106875 , 0.28685603018
-10.305189731 , 0.844254633131
-10.3000687746 , 5.31564527642
-10.2949478181 , 20.1147843962
-10.2898268617 , 45.0791227888
-10.2847059052 , 60.1042294522
-10.2795849488 , 49.697693744
-10.2744639923 , 34.0707237673
-10.2693430359 , 37.5017223003
-10.2642220794 , 48.7257105336
-10.2591011229 , 42.9089274409
-10.2539801665 , 22.7257003726
-10.24885921 , 7.13620542512
-10.2437382536 , 1.32974214685
-10.2386172971 , 0.218499529946
-10.2334963407 , 0.9800726374
-10.2283753842 , 7.77164087713
-10.2232544278 , 37.3233356763
-10.2181334713 , 107.758732824
-10.2130125149 , 187.448599092
-10.2078915584 , 196.980131454
-10.202770602 , 126.186262253
-10.1976496455 , 53.0736016356
-10.1925286891 , 23.1243092959
-10.1874077326 , 18.1528344737
-10.1822867762 , 13.7170078681
-10.1771658197 , 6.59017908163
-10.1720448633 , 1.88853563363
-10.1669239068 , 0.321659671901
-10.1618029504 , 0.0592897860718
-10.1566819939 , 0.398431868215
-10.1515610375 , 3.44138860955
-10.146440081 , 17.7355217726
-10.1413191246 , 54.4882285755
-10.1361981681 , 100.61304304
-10.1310772117 , 113.503148372
-10.1259562552 , 80.5601993814
-10.1208352988 , 37.5299203094
-10.1157143423 , 11.9338589796
-10.1105933859 , 2.6099170239
-10.1054724294 , 0.380689333101
-10.100351473 , 0.0354363015132
-10.0952305165 , 0.00203330545529
-10.0901095601 , 7.0453010764e-05
-10.0849886036 , 1.45859634887e-06
-10.0798676472 , 1.79527700275e-08
-10.0747466907 , 5.1230242211e-10
-10.0696257342 , 5.4768442834e-08
-10.0645047778 , 4.65614184862e-06
-10.0593838213 , 0.000234285935319
-10.0542628649 , 0.00697727671342
-10.0491419084 , 0.122983087152
-10.044020952 , 1.28299378077
-10.0388999955 , 7.92179271681
-10.0337790391 , 28.9496206767
-10.0286580826 , 62.6172585128
-10.0235371262 , 80.1964515504
-10.0184161697 , 61.2138603957
-10.0132952133 , 30.7369447911
-10.0081742568 , 23.0348901038
-10.0030533004 , 48.201266055
-9.99793234393 , 101.371626755
-9.99281138748 , 168.023821175
-9.98769043103 , 212.368925338
-9.98256947458 , 199.532992535
-9.97744851812 , 155.11308693
-9.97232756167 , 143.308489209
-9.96720660522 , 169.470716299
-9.96208564877 , 176.211484257
-9.95696469232 , 166.886840764
-9.95184373587 , 195.687344263
-9.94672277942 , 234.463458437
-9.94160182296 , 221.328704498
-9.93648086651 , 161.251322711
-9.93135991006 , 94.0325121588
-9.92623895361 , 61.8929076941
-9.92111799716 , 89.0665612749
-9.91599704071 , 154.606156104
-9.91087608426 , 208.175960928
-9.90575512781 , 214.542729697
-9.90063417135 , 168.719771377
-9.8955132149 , 94.5414128353
-9.89039225845 , 34.8356438447
-9.885271302 , 8.69437434256
-9.88015034555 , 5.63699385873
-9.8750293891 , 16.3394431659
-9.86990843265 , 34.4291495244
-9.86478747619 , 43.1656713891
-9.85966651974 , 32.0349244891
-9.85454556329 , 14.0711530191
-9.84942460684 , 3.65809942649
-9.84430365039 , 0.562971838885
-9.83918269394 , 0.0544638678294
-9.83406173749 , 0.0570938068776
-9.82894078104 , 0.545123238755
-9.82381982458 , 3.23627506948
-9.81869886813 , 11.3793138827
-9.81357791168 , 23.8007637075
-9.80845695523 , 30.8786288397
-9.80333599878 , 33.7810971759
-9.79821504233 , 63.5751122797
-9.79309408588 , 147.190005484
-9.78797312942 , 240.635885045
-9.78285217297 , 253.178707599
-9.77773121652 , 178.468605342
-9.77261026007 , 106.922104017
-9.76748930362 , 86.4929569362
-9.76236834717 , 77.818171839
-9.75724739072 , 49.1484851572
-9.75212643427 , 18.9172167406
-9.74700547781 , 4.32960679347
-9.74188452136 , 0.589735853463
-9.73676356491 , 0.115298585412
-9.73164260846 , 0.985035212923
-9.72652165201 , 8.48460460514
-9.72140069556 , 44.0037546468
-9.71627973911 , 137.519318008
-9.71115878265 , 259.777229396
-9.7060378262 , 297.507638216
-9.70091686975 , 207.588407919
-9.6957959133 , 92.8955858156
-9.69067495685 , 47.6952871989
-9.6855540004 , 73.479547601
-9.68043304395 , 115.483923448
-9.6753120875 , 113.320277976
-9.67019113104 , 74.0827189233
-9.66507017459 , 63.2313500004
-9.65994921814 , 110.915782899
-9.65482826169 , 166.069282632
-9.64970730524 , 159.132788277
-9.64458634879 , 110.29734943
-9.63946539234 , 87.0277044936
-9.63434443588 , 87.8433063543
-9.62922347943 , 75.9865338073
-9.62410252298 , 53.1623471443
-9.61898156653 , 33.0026913446
-9.61386061008 , 16.470185418
-9.60873965363 , 5.55461184498
-9.60361869718 , 1.15656524683
-9.59849774073 , 0.144249520443
-9.59337678427 , 0.0106833277814
-9.58825582782 , 0.000468712157372
-9.58313487137 , 1.21739240334e-05
-9.57801391492 , 1.87724490435e-07
-9.57289295847 , 8.79533695812e-08
-9.56777200202 , 7.75667980545e-06
-9.56265104557 , 0.000413860773772
-9.55753008911 , 0.0131028481598
-9.55240913266 , 0.246194359855
-9.54728817621 , 2.7457929713
-9.54216721976 , 18.1825873726
-9.53704626331 , 71.5443258168
-9.53192530686 , 167.772607039
-9.52680435041 , 237.458084208
-9.52168339396 , 213.538048518
-9.5165624375 , 143.609169802
-9.51144148105 , 92.0136878182
-9.5063205246 , 54.068543245
-9.50119956815 , 22.7034016303
-9.4960786117 , 5.97345747828
-9.49095765525 , 1.33581120774
-9.4858366988 , 3.52443086857
-9.48071574234 , 17.3776721471
-9.47559478589 , 51.9866050802
-9.47047382944 , 92.3676137684
-9.46535287299 , 99.7882246522
-9.46023191654 , 78.44188399
-9.45511096009 , 85.9481157241
-9.44999000364 , 147.430021187
-9.44486904719 , 224.597692119
-9.43974809073 , 280.374993931
-9.43462713428 , 300.255181767
-9.42950617783 , 259.65306031
-9.42438522138 , 169.595534551
-9.41926426493 , 86.2929455883
-9.41414330848 , 36.6337168139
-9.40902235203 , 12.4614961839
-9.40390139557 , 3.03917903852
-9.39878043912 , 1.20848536553
-9.39365948267 , 5.76150374803
-9.38853852622 , 25.6710090936
-9.38341756977 , 68.1835045127
-9.37829661332 , 107.197243838
-9.37317565687 , 99.7953003364
-9.36805470042 , 55.529539275
-9.36293374396 , 22.0508287181
-9.35781278751 , 20.4979652253
-9.35269183106 , 42.3230701584
-9.34757087461 , 65.0831676369
-9.34244991816 , 80.3081791908
-9.33732896171 , 117.274599147
-9.33220800526 , 174.899150074
-9.32708704881 , 181.78819823
-9.32196609235 , 116.200462498
-9.3168451359 , 49.6897386563
-9.31172417945 , 32.8102099897
-9.306603223 , 52.7544102703
-9.30148226655 , 73.241844198
-9.2963613101 , 81.4416044423
-9.29124035365 , 95.3758031541
-9.28611939719 , 105.570246869
-9.28099844074 , 81.9328252401
-9.27587748429 , 39.6943871292
-9.27075652784 , 14.589513643
-9.26563557139 , 16.9976929793
-9.26051461494 , 40.8419644292
-9.25539365849 , 64.9242387469
-9.25027270204 , 61.6286822466
-9.24515174558 , 37.4555808928
-9.24003078913 , 30.8074327214
-9.23490983268 , 73.2076148079
-9.22978887623 , 153.60560541
-9.22466791978 , 196.255027559
-9.21954696333 , 149.668707819
-9.21442600688 , 72.9687383037
-9.20930505042 , 38.1933442556
-9.20418409397 , 41.829289215
-9.19906313752 , 45.5938447881
-9.19394218107 , 39.0901639281
-9.18882122462 , 48.2777836116
-9.18370026817 , 91.9510978404
-9.17857931172 , 157.54023577
-9.17345835527 , 214.841357757
-9.16833739881 , 220.603067071
-9.16321644236 , 155.403287695
-9.15809548591 , 69.9667668529
-9.15297452946 , 19.425411813
-9.14785357301 , 3.39288362456
-9.14273261656 , 1.85570021317
-9.13761166011 , 11.1857056196
-9.13249070365 , 48.8375766632
-9.1273697472 , 129.474207337
-9.12224879075 , 216.285465551
-9.1171278343 , 249.263236568
-9.11200687785 , 231.147681937
-9.1068859214 , 192.99760572
-9.10176496495 , 136.749357082
-9.0966440085 , 71.5972466192
-9.09152305204 , 26.6459384232
-9.08640209559 , 15.2536015749
-9.08128113914 , 30.6175897069
-9.07616018269 , 53.5488266062
-9.07103922624 , 56.7883237552
-9.06591826979 , 37.205433256
-9.06079731334 , 22.6384697051
-9.05567635688 , 33.203236181
-9.05055540043 , 57.6507174791
-9.04543444398 , 64.0828732388
-9.04031348753 , 42.5925492693
-9.03519253108 , 18.2505664452
-9.03007157463 , 12.4962819124
-9.02495061818 , 31.4338405639
-9.01982966173 , 73.4889459088
-9.01470870527 , 116.597568513
-9.00958774882 , 139.974218218
-9.00446679237 , 172.296015041
-8.99934583592 , 244.520373006
-8.99422487947 , 316.7208251
-8.98910392302 , 326.443517451
-8.98398296657 , 257.601345336
-8.97886201011 , 146.646794453
-8.97374105366 , 56.0991176385
-8.96862009721 , 13.7501733303
-8.96349914076 , 2.34290419867
-8.95837818431 , 2.74867550433
-8.95325722786 , 15.8911152268
-8.94813627141 , 58.7907965133
-8.94301531496 , 131.046014548
-8.9378943585 , 183.480073604
-8.93277340205 , 181.536568756
-8.9276524456 , 153.391659032
-8.92253148915 , 122.17383167
-8.9174105327 , 107.460728099
-8.91228957625 , 143.745802184
-8.9071686198 , 208.17441961
-8.90204766334 , 224.807051744
-8.89692670689 , 175.132309911
-8.89180575044 , 122.344665725
-8.88668479399 , 110.15624921
-8.88156383754 , 125.576686813
-8.87644288109 , 131.174677641
-8.87132192464 , 98.5223882807
-8.86620096819 , 47.439679693
-8.86108001173 , 14.0428991479
-8.85595905528 , 2.72469682321
-8.85083809883 , 2.38681551553
-8.84571714238 , 12.4925140399
-8.84059618593 , 44.083229892
-8.83547522948 , 95.2265124076
-8.83035427303 , 131.397812634
-8.82523331657 , 125.080067558
-8.82011236012 , 88.6657119347
-8.81499140367 , 47.1810085594
-8.80987044722 , 20.8322892959
-8.80474949077 , 25.1946566374
-8.79962853432 , 72.0594380233
-8.79450757787 , 145.956172031
-8.78938662142 , 185.96203503
-8.78426566496 , 160.577850374
-8.77914470851 , 122.814487035
-8.77402375206 , 143.37647002
-8.76890279561 , 216.395070812
-8.76378183916 , 240.639945059
-8.75866088271 , 164.706942387
-8.75353992626 , 67.1799644513
-8.7484189698 , 16.2383935243
-8.74329801335 , 2.3237769532
-8.7381770569 , 0.196947930945
-8.73305610045 , 0.0134218421485
-8.727935144 , 0.0711864582283
-8.72281418755 , 0.853475077624
-8.7176932311 , 6.21258551259
-8.71257227465 , 27.4367530498
-8.70745131819 , 74.1992871919
-8.70233036174 , 126.829847188
-8.69720940529 , 150.549887972
-8.69208844884 , 147.403655107
-8.68696749239 , 129.717232038
-8.68184653594 , 97.7046563628
-8.67672557949 , 79.0903324249
-8.67160462303 , 92.2980059869
-8.66648366658 , 115.070110958
-8.66136271013 , 139.382102153
-8.65624175368 , 181.770235554
-8.65112079723 , 234.403916977
-8.64599984078 , 263.141920665
-8.64087888433 , 267.923106261
-8.63575792788 , 262.341149373
-8.63063697142 , 217.991460098
-8.62551601497 , 140.127941596
-8.62039505852 , 100.969114891
-8.61527410207 , 140.72723586
-8.61015314562 , 198.720802581
-8.60503218917 , 192.677913422
-8.59991123272 , 133.261701095
-8.59479027626 , 74.3335855728
-8.58966931981 , 37.1905012336
-8.58454836336 , 27.357659127
-8.57942740691 , 41.0542435427
-8.57430645046 , 62.7573926509
-8.56918549401 , 77.9644420571
-8.56406453756 , 73.9244103632
-8.55894358111 , 49.5911367198
-8.55382262465 , 29.9566972603
-8.5487016682 , 37.2176924497
-8.54358071175 , 59.1620435809
-8.5384597553 , 63.5965210472
-8.53333879885 , 49.640464921
-8.5282178424 , 58.4330765429
-8.52309688595 , 112.602560942
-8.51797592949 , 169.066128327
-8.51285497304 , 172.613606179
-8.50773401659 , 146.861356879
-8.50261306014 , 149.583002862
-8.49749210369 , 163.217626151
-8.49237114724 , 134.640466705
-8.48725019079 , 88.4552431502
-8.48212923434 , 78.6340191141
-8.47700827788 , 92.376865964
-8.47188732143 , 99.4741788191
-8.46676636498 , 115.889325272
-8.46164540853 , 145.292173288
-8.45652445208 , 143.179043846
-8.45140349563 , 93.3674598758
-8.44628253918 , 38.0955858842
-8.44116158272 , 9.78769708785
-8.43604062627 , 4.2301650294
-8.43091966982 , 15.8979942733
-8.42579871337 , 55.388860814
-8.42067775692 , 128.858384858
-8.41555680047 , 219.429040586
-8.41043584402 , 295.788914337
-8.40531488757 , 304.221927491
-8.40019393111 , 215.201098837
-8.39507297466 , 99.0443854569
-8.38995201821 , 37.8487666555
-8.38483106176 , 33.1300122494
-8.37971010531 , 46.2406055365
-8.37458914886 , 58.1558591276
-8.36946819241 , 86.2296076485
-8.36434723595 , 133.145808213
-8.3592262795 , 157.258567483
-8.35410532305 , 144.935521591
-8.3489843666 , 125.248869725
-8.34386341015 , 98.0558182785
-8.3387424537 , 55.4891033507
-8.33362149725 , 19.7969993538
-8.3285005408 , 4.25460019717
-8.32337958434 , 0.544356728995
-8.31825862789 , 0.0532697268177
-8.31313767144 , 0.159238210655
-8.30801671499 , 1.21432789826
-8.30289575854 , 5.54470091149
-8.29777480209 , 14.9850182898
-8.29265384564 , 23.9693445273
-8.28753288918 , 22.6923711046
-8.28241193273 , 12.7238267306
-8.27729097628 , 4.38269308026
-8.27217001983 , 2.65156007782
-8.26704906338 , 11.9556248132
-8.26192810693 , 45.6469470353
-8.25680715048 , 103.957270333
-8.25168619403 , 140.148445921
-8.24656523757 , 111.867359481
-8.24144428112 , 53.2138017485
-8.23632332467 , 16.8953380443
-8.23120236822 , 9.08045667723
-8.22608141177 , 12.4650745581
-8.22096045532 , 13.5066076738
-8.21583949887 , 10.3231270194
-8.21071854241 , 12.6637523997
-8.20559758596 , 30.5655367424
-8.20047662951 , 56.1562619268
-8.19535567306 , 62.4366860817
-8.19023471661 , 41.7694701207
-8.18511376016 , 19.9675452637
-8.17999280371 , 19.3333936919
-8.17487184726 , 49.281826401
-8.1697508908 , 116.662424107
-8.16462993435 , 191.079624478
-8.1595089779 , 197.791717896
-8.15438802145 , 124.830306991
-8.149267065 , 47.5172220642
-8.14414610855 , 11.7165565009
-8.1390251521 , 7.55506555829
-8.13390419564 , 24.4135328993
-8.12878323919 , 57.4891825771
-8.12366228274 , 80.5147042798
-8.11854132629 , 66.8263462589
-8.11342036984 , 33.724581551
-8.10829941339 , 16.509906795
-8.10317845694 , 32.6973573818
-8.09805750049 , 85.1928098571
-8.09293654403 , 142.785795522
-8.08781558758 , 146.231294238
-8.08269463113 , 90.8980865769
-8.07757367468 , 34.5223666789
-8.07245271823 , 10.844555664
-8.06733176178 , 15.3406109686
-8.06221080533 , 40.2718839423
-8.05708984887 , 71.4509672123
-8.05196889242 , 82.4349163115
-8.04684793597 , 63.6962715801
-8.04172697952 , 38.736972326
-8.03660602307 , 38.0811249178
-8.03148506662 , 74.9089811022
-8.02636411017 , 146.230778329
-8.02124315372 , 220.873176668
-8.01612219726 , 233.175813252
-8.01100124081 , 166.384879313
-8.00588028436 , 110.156507507
-8.00075932791 , 163.153226322
-7.99563837146 , 303.214305154
-7.99051741501 , 371.660935922
-7.98539645856 , 276.48515272
-7.9802755021 , 128.398266202
-7.97515454565 , 51.9761193548
-7.9700335892 , 52.4597938992
-7.96491263275 , 76.296781747
-7.9597916763 , 83.3483497633
-7.95467071985 , 86.8489127864
-7.9495497634 , 110.082936526
-7.94442880695 , 133.207279078
-7.93930785049 , 146.8899638
-7.93418689404 , 170.580308576
-7.92906593759 , 191.798830707
-7.92394498114 , 185.818695184
-7.91882402469 , 162.581268939
-7.91370306824 , 137.144175418
-7.90858211179 , 136.365076365
-7.90346115533 , 212.048013524
-7.89834019888 , 329.001605362
-7.89321924243 , 351.61838971
-7.88809828598 , 242.333629604
-7.88297732953 , 108.471671308
-7.87785637308 , 31.870501711
-7.87273541663 , 6.47951442887
-7.86761446018 , 4.61966930915
-7.86249350372 , 24.2900846735
-7.85737254727 , 91.1952305166
-7.85225159082 , 206.792274927
-7.84713063437 , 283.611031906
-7.84200967792 , 236.17630088
-7.83688872147 , 119.863776853
-7.83176776502 , 37.197976279
-7.82664680856 , 7.35638004079
-7.82152585211 , 3.88624900538
-7.81640489566 , 18.9597884771
-7.81128393921 , 69.778943985
-7.80616298276 , 156.049981268
-7.80104202631 , 224.113949082
-7.79592106986 , 257.845588747
-7.79080011341 , 331.219979488
-7.78567915695 , 418.796310075
-7.7805582005 , 376.615681864
-7.77543724405 , 214.736316757
-7.7703162876 , 88.3562057865
-7.76519533115 , 70.9462098227
-7.7600743747 , 125.2581458
-7.75495341825 , 173.551636871
-7.74983246179 , 171.794756133
-7.74471150534 , 155.874174659
-7.73959054889 , 178.387065035
-7.73446959244 , 221.825800804
-7.72934863599 , 215.082509542
-7.72422767954 , 141.326988396
-7.71910672309 , 60.1088165038
-7.71398576664 , 16.2195835322
-7.70886481018 , 3.64930454445
-7.70374385373 , 6.47919812012
-7.69862289728 , 24.5143081184
-7.69350194083 , 60.3965510816
-7.68838098438 , 93.491928735
-7.68326002793 , 91.4197562918
-7.67813907148 , 61.5673812089
-7.67301811502 , 53.4615590277
-7.66789715857 , 99.6463425772
-7.66277620212 , 165.908908016
-7.65765524567 , 176.946630846
-7.65253428922 , 119.232017406
-7.64741333277 , 52.4181325761
-7.64229237632 , 15.8371361461
-7.63717141987 , 3.84351658709
-7.63205046341 , 3.75181794719
-7.62692950696 , 17.2995272462
-7.62180855051 , 56.1824335854
-7.61668759406 , 109.751839016
-7.61156663761 , 129.268108934
-7.60644568116 , 93.1889887635
-7.60132472471 , 43.3392477084
-7.59620376825 , 15.7086122806
-7.5910828118 , 6.13969255849
-7.58596185535 , 2.42972921927
-7.5808408989 , 0.695845771745
-7.57571994245 , 0.123746713611
-7.570598986 , 0.0133650685731
-7.56547802955 , 0.00599055388291
-7.5603570731 , 0.0797648132665
-7.55523611664 , 0.785527788083
-7.55011516019 , 5.11099459245
-7.54499420374 , 22.4628498982
-7.53987324729 , 66.3286956004
-7.53475229084 , 128.405995477
-7.52963133439 , 162.987599655
-7.52451037794 , 160.374384594
-7.51938942148 , 200.628565098
-7.51426846503 , 325.543558266
-7.50914750858 , 444.941409598
-7.50402655213 , 455.378495683
-7.49890559568 , 341.006788149
-7.49378463923 , 177.23075958
-7.48866368278 , 66.4854248615
-7.48354272633 , 36.3712325457
-7.47842176987 , 59.3348939581
-7.47330081342 , 127.199549538
-7.46817985697 , 236.808877554
-7.46305890052 , 334.98494838
-7.45793794407 , 360.699966848
-7.45281698762 , 305.493219056
-7.44769603117 , 200.515184974
-7.44257507471 , 98.8347243455
-7.43745411826 , 42.2379906991
-7.43233316181 , 26.7901001944
-7.42721220536 , 22.5964131631
-7.42209124891 , 16.0606169327
-7.41697029246 , 16.1191450975
-7.41184933601 , 31.0728912216
-7.40672837956 , 54.9373777972
-7.4016074231 , 71.803073926
-7.39648646665 , 66.8164080428
-7.3913655102 , 41.680824376
-7.38624455375 , 16.9241271752
-7.3811235973 , 7.7985834391
-7.37600264085 , 17.6347312028
-7.3708816844 , 48.735786735
-7.36576072794 , 101.934433736
-7.36063977149 , 179.133521906
-7.35551881504 , 256.53579816
-7.35039785859 , 263.434937902
-7.34527690214 , 185.055984125
-7.34015594569 , 94.8875249869
-7.33503498924 , 41.0880061399
-7.32991403279 , 24.7381597642
-7.32479307633 , 37.0621922762
-7.31967211988 , 56.7929401226
-7.31455116343 , 61.2027922101
-7.30943020698 , 66.0075330805
-7.30430925053 , 107.727611881
-7.29918829408 , 173.314140521
-7.29406733763 , 204.396619847
-7.28894638118 , 176.60286757
-7.28382542472 , 122.583396923
-7.27870446827 , 86.4528963958
-7.27358351182 , 80.5456797831
-7.26846255537 , 78.7901229715
-7.26334159892 , 67.1173158001
-7.25822064247 , 66.1649293009
-7.25309968602 , 76.913112589
-7.24797872956 , 70.6515203145
-7.24285777311 , 42.3212403924
-7.23773681666 , 15.7473254822
-7.23261586021 , 3.76729933436
-7.22749490376 , 2.70735827963
-7.22237394731 , 14.7625435239
-7.21725299086 , 57.825518895
-7.21213203441 , 134.427360752
-7.20701107795 , 185.138843748
-7.2018901215 , 152.497523475
-7.19676916505 , 82.9123221128
-7.1916482086 , 53.829151198
-7.18652725215 , 66.3813597965
-7.1814062957 , 71.5817341838
-7.17628533925 , 52.2126976648
-7.17116438279 , 42.9080548518
-7.16604342634 , 71.6263518772
-7.16092246989 , 111.465571645
-7.15580151344 , 109.899369484
-7.15068055699 , 69.6755221871
-7.14555960054 , 46.1921193193
-7.14043864409 , 65.8203062095
-7.13531768764 , 95.5241703201
-7.13019673118 , 94.4432240868
-7.12507577473 , 80.5767904002
-7.11995481828 , 95.0818342377
-7.11483386183 , 136.773886994
-7.10971290538 , 186.649098003
-7.10459194893 , 216.645859373
-7.09947099248 , 190.170929869
-7.09435003602 , 124.601700913
-7.08922907957 , 82.9107472849
-7.08410812312 , 109.921501025
-7.07898716667 , 185.706762098
-7.07386621022 , 221.902146646
-7.06874525377 , 170.994616524
-7.06362429732 , 94.162077236
-7.05850334087 , 64.822489766
-7.05338238441 , 90.7601356787
-7.04826142796 , 121.193512545
-7.04314047151 , 109.284362043
-7.03801951506 , 70.038774427
-7.03289855861 , 38.0693369121
-7.02777760216 , 26.0120966108
-7.02265664571 , 39.8578300503
-7.01753568925 , 75.1656230597
-7.0124147328 , 108.342327152
-7.00729377635 , 117.074976262
-7.0021728199 , 95.7567371545
-6.99705186345 , 56.1491189123
-6.991930907 , 21.8827495046
-6.98680995055 , 5.39034225838
-6.9816889941 , 1.18595623662
-6.97656803764 , 3.35776737567
-6.97144708119 , 16.8051323973
-6.96632612474 , 51.752340856
-6.96120516829 , 97.4145981322
-6.95608421184 , 114.649347752
-6.95096325539 , 87.6736043629
-6.94584229894 , 50.2396608323
-6.94072134248 , 41.0613671839
-6.93560038603 , 62.2145331239
-6.93047942958 , 77.7401545818
-6.92535847313 , 63.3765069364
-6.92023751668 , 53.1433481883
-6.91511656023 , 108.948259667
-6.90999560378 , 245.289477003
-6.90487464733 , 364.267406681
-6.89975369087 , 339.076429923
-6.89463273442 , 198.053681876
-6.88951177797 , 73.34479074
-6.88439082152 , 19.916915617
-6.87926986507 , 13.1674910342
-6.87414890862 , 22.956731715
-6.86902795217 , 29.1333507926
-6.86390699571 , 26.6729677663
-6.85878603926 , 39.5518626213
-6.85366508281 , 101.95358703
-6.84854412636 , 194.534280449
-6.84342316991 , 224.256112118
-6.83830221346 , 153.427090061
-6.83318125701 , 63.6567995986
-6.82806030056 , 23.7903079145
-6.8229393441 , 30.5720613862
-6.81781838765 , 54.3085379877
-6.8126974312 , 64.8096966947
-6.80757647475 , 62.9647737913
-6.8024555183 , 79.1278069347
-6.79733456185 , 109.435319873
-6.7922136054 , 116.332879354
-6.78709264894 , 98.9602595244
-6.78197169249 , 89.532380065
-6.77685073604 , 102.343298452
-6.77172977959 , 114.270188556
-6.76660882314 , 91.3586955615
-6.76148786669 , 45.7252624646
-6.75636691024 , 13.779632297
-6.75124595379 , 2.84128034699
-6.74612499733 , 3.65801818433
-6.74100404088 , 18.0341864639
-6.73588308443 , 57.0922960763
-6.73076212798 , 108.600370698
-6.72564117153 , 127.642534926
-6.72052021508 , 107.810821956
-6.71539925863 , 99.3705704955
-6.71027830217 , 110.988768603
-6.70515734572 , 99.2030715178
-6.70003638927 , 62.838195113
-6.69491543282 , 44.025022975
-6.68979447637 , 52.4566091526
-6.68467351992 , 59.117324482
-6.67955256347 , 50.3877969254
-6.67443160702 , 38.0370500576
-6.66931065056 , 26.0600803253
-6.66418969411 , 13.5949977097
-6.65906873766 , 7.3283709454
-6.65394778121 , 13.3712590779
-6.64882682476 , 30.0777767109
-6.64370586831 , 42.3885512199
-6.63858491186 , 35.4571322622
-6.6334639554 , 17.5590650606
-6.62834299895 , 5.19364155626
-6.6232220425 , 1.42052998977
-6.61810108605 , 3.49325826581
-6.6129801296 , 13.0011890565
-6.60785917315 , 29.5778546304
-6.6027382167 , 40.6486599627
-6.59761726025 , 35.2259820066
-6.59249630379 , 22.8809008349
-6.58737534734 , 21.0171885188
-6.58225439089 , 37.1734172486
-6.57713343444 , 58.1668130452
-6.57201247799 , 57.4910919156
-6.56689152154 , 33.9937632688
-6.56177056509 , 12.1709146846
-6.55664960863 , 4.38270850755
-6.55152865218 , 8.35956596413
-6.54640769573 , 20.3653223434
-6.54128673928 , 32.4909024137
-6.53616578283 , 40.9941662458
-6.53104482638 , 63.3463827314
-6.52592386993 , 115.554050593
-6.52080291348 , 170.217449013
-6.51568195702 , 174.294883297
-6.51056100057 , 121.009226561
-6.50544004412 , 57.815088542
-6.50031908767 , 23.2106007958
-6.49519813122 , 20.1612273587
-6.49007717477 , 30.9074818407
-6.48495621832 , 34.1214374578
-6.47983526186 , 27.3928896747
-6.47471430541 , 29.630300759
-6.46959334896 , 47.0508863878
-6.46447239251 , 56.5810328915
-6.45935143606 , 41.569672596
-6.45423047961 , 18.1394548496
-6.44910952316 , 4.69749526812
-6.44398856671 , 0.934196709632
-6.43886761025 , 2.62571855655
-6.4337466538 , 18.114988321
-6.42862569735 , 76.9914832211
-6.4235047409 , 196.709378354
-6.41838378445 , 301.997969177
-6.413262828 , 278.867736022
-6.40814187155 , 156.37325898
-6.40302091509 , 56.2827575514
-6.39789995864 , 16.2536905166
-6.39277900219 , 5.29609063155
-6.38765804574 , 1.69102222276
-6.38253708929 , 0.440826036251
-6.37741613284 , 0.870160130259
-6.37229517639 , 6.08023194999
-6.36717421994 , 27.734928331
-6.36205326348 , 79.2272804243
-6.35693230703 , 143.770814857
-6.35181135058 , 166.96680942
-6.34669039413 , 123.617570917
-6.34156943768 , 57.6387334781
-6.33644848123 , 17.0451830813
-6.33132752478 , 4.8909053451
-6.32620656832 , 5.45971709132
-6.32108561187 , 7.97436913281
-6.31596465542 , 7.27215678885
-6.31084369897 , 3.93403457799
-6.30572274252 , 1.26157022034
-6.30060178607 , 0.277846904684
-6.29548082962 , 0.506738870385
-6.29035987317 , 3.487530271
-6.28523891671 , 14.9833549591
-6.28011796026 , 38.1186239245
-6.27499700381 , 57.3971119989
-6.26987604736 , 51.1632584253
-6.26475509091 , 27.1747689043
-6.25963413446 , 10.2920174434
-6.25451317801 , 12.3136862029
-6.24939222155 , 37.8891616853
-6.2442712651 , 84.0357509229
-6.23915030865 , 130.393563045
-6.2340293522 , 162.881499294
-6.22890839575 , 186.234393504
-6.2237874393 , 207.062532155
-6.21866648285 , 212.338700723
-6.2135455264 , 168.511097569
-6.20842456994 , 93.2030424313
-6.20330361349 , 53.4575591553
-6.19818265704 , 74.5485790393
-6.19306170059 , 115.968444874
-6.18794074414 , 118.413509786
-6.18281978769 , 74.8965586085
-6.17769883124 , 29.1896619263
-6.17257787478 , 6.98071855364
-6.16745691833 , 1.018711446
-6.16233596188 , 0.0951947925095
-6.15721500543 , 0.0939150360796
-6.15209404898 , 0.922382891021
-6.14697309253 , 5.64904380851
-6.14185213608 , 20.4835463054
-6.13673117963 , 44.0283830071
-6.13161022317 , 56.8330866795
-6.12648926672 , 49.2661322212
-6.12136831027 , 49.6789617215
-6.11624735382 , 83.3444645041
-6.11112639737 , 119.944228522
-6.10600544092 , 110.357049334
-6.10088448447 , 64.2459826263
-6.09576352801 , 30.2514064595
-6.09064257156 , 38.6722623081
-6.08552161511 , 98.823460712
-6.08040065866 , 182.748560783
-6.07527970221 , 213.579918319
-6.07015874576 , 155.340364256
-6.06503778931 , 71.9552219402
-6.05991683286 , 30.01077141
-6.0547958764 , 27.7468968236
-6.04967491995 , 31.889225153
-6.0445539635 , 23.9723175271
-6.03943300705 , 11.711183084
-6.0343120506 , 11.1908271381
-6.02919109415 , 41.382604789
-6.0240701377 , 120.664831344
-6.01894918124 , 213.769465777
-6.01382822479 , 228.534401754
-6.00870726834 , 154.042975266
-6.00358631189 , 94.4988911714
-5.99846535544 , 117.749021951
-5.99334439899 , 184.895977654
-5.98822344254 , 219.718448891
-5.98310248609 , 194.981490945
-5.97798152963 , 134.638820074
-5.97286057318 , 73.8141171549
-5.96773961673 , 36.032223111
-5.96261866028 , 18.7651316014
-5.95749770383 , 9.10261267102
-5.95237674738 , 3.11361098762
-5.94725579093 , 0.660911462114
-5.94213483447 , 0.0840026357697
-5.93701387802 , 0.0063371673535
-5.93189292157 , 0.00028347659505
-5.92677196512 , 2.92007788492e-05
-5.92165100867 , 0.00086465490948
-5.91653005222 , 0.0204560858296
-5.91140909577 , 0.287809471129
-5.90628813932 , 2.40969455114
-5.90116718286 , 12.0156688075
-5.89604622641 , 35.713496156
-5.89092526996 , 63.3265457042
-5.88580431351 , 67.0444095909
-5.88068335706 , 42.4112199834
-5.87556240061 , 16.0399528225
-5.87044144416 , 3.63086899766
-5.8653204877 , 0.549657778864
-5.86019953125 , 0.852897820251
-5.8550785748 , 6.72831811979
-5.84995761835 , 33.2379948555
-5.8448366619 , 98.2541374807
-5.83971570545 , 174.000208648
-5.834594749 , 184.862763956
-5.82947379255 , 118.145874202
-5.82435283609 , 46.2596781193
-5.81923187964 , 13.2839386529
-5.81411092319 , 7.92744408298
-5.80898996674 , 16.9340119449
-5.80386901029 , 39.7169891871
-5.79874805384 , 62.7282402203
-5.79362709739 , 60.084493499
-5.78850614093 , 34.2160205144
-5.78338518448 , 11.6030317974
-5.77826422803 , 3.14592390129
-5.77314327158 , 6.92976125349
-5.76802231513 , 31.4862705784
-5.76290135868 , 89.0621630908
-5.75778040223 , 151.240818455
-5.75265944578 , 155.18229477
-5.74753848932 , 103.114138263
-5.74241753287 , 75.272279884
-5.73729657642 , 119.373548187
-5.73217561997 , 183.842876672
-5.72705466352 , 178.071842523
-5.72193370707 , 106.092847377
-5.71681275062 , 54.3549215408
-5.71169179416 , 66.4526609846
-5.70657083771 , 108.807206621
-5.70144988126 , 118.106942531
-5.69632892481 , 87.4592817596
-5.69120796836 , 77.6114353057
-5.68608701191 , 113.388649318
-5.68096605546 , 138.164113112
-5.67584509901 , 105.612586422
-5.67072414255 , 53.2219358587
-5.6656031861 , 39.2423867109
-5.66048222965 , 77.8031757464
-5.6553612732 , 129.589477533
-5.65024031675 , 130.931862068
-5.6451193603 , 78.4075987676
-5.63999840385 , 27.7924054372
-5.63487744739 , 5.83063364566
-5.62975649094 , 0.723977474776
-5.62463553449 , 0.0532051807655
-5.61951457804 , 0.0023142446842
-5.61439362159 , 6.26612910445e-05
-5.60927266514 , 0.000153555205977
-5.60415170869 , 0.00446976904809
-5.59903075224 , 0.0774639380637
-5.59390979578 , 0.794576049667
-5.58878883933 , 4.8238299129
-5.58366788288 , 17.3328157615
-5.57854692643 , 36.8609813358
-5.57342596998 , 46.3966064767
-5.56830501353 , 34.5678472078
-5.56318405708 , 15.3239263197
-5.55806310062 , 5.07146319649
-5.55294214417 , 9.09443009336
-5.54782118772 , 39.14616436
-5.54270023127 , 107.262011673
-5.53757927482 , 175.302175594
-5.53245831837 , 170.764855973
-5.52733736192 , 99.2021019367
-5.52221640547 , 34.385451471
-5.51709544901 , 7.1143540252
-5.51197449256 , 0.878906538242
-5.50685353611 , 0.0663873057763
-5.50173257966 , 0.0376747591929
-5.49661162321 , 0.467533928966
-5.49149066676 , 3.77625437942
-5.48636971031 , 18.4228999274
-5.48124875385 , 54.4768255646
-5.4761277974 , 98.0428561275
-5.47100684095 , 108.723940627
-5.4658858845 , 80.512004037
-5.46076492805 , 59.8776978474
-5.4556439716 , 74.8528552426
-5.45052301515 , 104.976551753
-5.4454020587 , 117.454253674
-5.44028110224 , 94.6489463331
-5.43516014579 , 50.5942370084
-5.43003918934 , 16.8970773432
-5.42491823289 , 3.41710294776
-5.41979727644 , 0.412751062556
-5.41467631999 , 0.0296138747609
-5.40955536354 , 0.00129490170462
-5.40443440708 , 0.00151799056149
-5.39931345063 , 0.0367615322244
-5.39419249418 , 0.539543121781
-5.38907153773 , 4.7022280137
-5.38395058128 , 24.4058701666
-5.37882962483 , 76.1678719684
-5.37370866838 , 147.090508509
-5.36858771193 , 189.298599046
-5.36346675547 , 185.418434298
-5.35834579902 , 151.417690349
-5.35322484257 , 96.1185272408
-5.34810388612 , 42.4967499231
-5.34298292967 , 17.8958458094
-5.33786197322 , 32.225851213
-5.33274101677 , 84.9831474537
-5.32762006031 , 140.553001232
-5.32249910386 , 137.889490092
-5.31737814741 , 80.0723910551
-5.31225719096 , 27.5228370302
-5.30713623451 , 5.64019227184
-5.30201527806 , 1.15367508989
-5.29689432161 , 3.30521196511
-5.29177336516 , 13.1629534332
-5.2866524087 , 32.3396813689
-5.28153145225 , 53.392136936
-5.2764104958 , 79.0850721909
-5.27128953935 , 128.815722684
-5.2661685829 , 176.398662511
-5.26104762645 , 162.230406026
-5.25592667 , 106.115533624
-5.25080571355 , 73.2370161159
-5.24568475709 , 68.352769899
-5.24056380064 , 62.3817852764
-5.23544284419 , 45.2006705035
-5.23032188774 , 28.2929012217
-5.22520093129 , 30.9062660161
-5.22007997484 , 54.4729189685
-5.21495901839 , 70.1588221852
-5.20983806193 , 55.4653206327
-5.20471710548 , 29.458300623
-5.19959614903 , 20.1185422462
-5.19447519258 , 33.316974501
-5.18935423613 , 58.4693582451
-5.18423327968 , 70.1254031775
-5.17911232323 , 52.0536243086
-5.17399136678 , 23.208025882
-5.16887041032 , 6.15356679016
-5.16374945387 , 0.967179988848
-5.15862849742 , 0.0900167841767
-5.15350754097 , 0.00495939612048
-5.14838658452 , 0.00016172460055
-5.14326562807 , 3.12140577515e-06
-5.13814467162 , 3.56571286202e-08
-5.13302371516 , 2.410809765e-10
-5.12790275871 , 9.64715934581e-13
-5.12278180226 , 2.28483970512e-15
-5.11766084581 , 3.20281420428e-18
-5.11253988936 , 2.65721968846e-21
-5.10741893291 , 1.30479679509e-24
-5.10229797646 , 4.21657506168e-28
-5.09717702001 , 1.62751110058e-25
-5.09205606355 , 3.69317125528e-22
-5.0869351071 , 4.96015345783e-19
-5.08181415065 , 3.94285492058e-16
-5.0766931942 , 1.8550112304e-13
-5.07157223775 , 5.16538267246e-11
-5.0664512813 , 8.51293298289e-09
-5.06133032485 , 8.30383510815e-07
-5.05620936839 , 4.79411985158e-05
-5.05108841194 , 0.00163832882744
-5.04596745549 , 0.033149923812
-5.04084649904 , 0.397628023534
-5.03572554259 , 2.84151139821
-5.03060458614 , 12.3448975439
-5.02548362969 , 35.1292642143
-5.02036267324 , 79.4839461658
-5.01524171678 , 171.856900654
-5.01012076033 , 313.037119283
-5.00499980388 , 386.369871539
-4.99987884743 , 293.479143409
-4.99475789098 , 136.98045248
-4.98963693453 , 57.7176126402
-4.98451597808 , 74.3133133006
-4.97939502162 , 127.246319964
-4.97427406517 , 138.559556752
-4.96915310872 , 89.9884374832
-4.96403215227 , 35.9398118487
-4.95891119582 , 11.5436498437
-4.95379023937 , 6.1584335898
-4.94866928292 , 4.54256685512
-4.94354832647 , 5.81498725144
-4.93842737001 , 23.3299702326
-4.93330641356 , 79.1507818249
-4.92818545711 , 162.326801819
-4.92306450066 , 197.236821558
-4.91794354421 , 141.849070637
-4.91282258776 , 60.3789529107
-4.90770163131 , 15.2112281721
-4.90258067485 , 2.26810188667
-4.8974597184 , 0.200161437739
-4.89233876195 , 0.0104548507372
-4.8872178055 , 0.000323202591778
-4.88209684905 , 5.91359265268e-06
-4.8769758926 , 6.40394435249e-08
-4.87185493615 , 4.10452841144e-10
-4.8667339797 , 1.55703564842e-12
-4.86161302324 , 3.49585506197e-15
-4.85649206679 , 4.64545068479e-18
-4.85137111034 , 3.65360726797e-21
-4.84625015389 , 1.70073027963e-24
-4.84112919744 , 4.68563654466e-28
-4.83600824099 , 7.64049215651e-32
-4.83088728454 , 7.37538454237e-36
-4.82576632808 , 1.96717170389e-39
-4.82064537163 , 1.55334366488e-39
-4.81552441518 , 1.55334366488e-39
-4.81040345873 , 1.55334366488e-39
-4.80528250228 , 1.55334366488e-39
-4.80016154583 , 1.55334366488e-39
-4.79504058938 , 1.55334366488e-39
-4.78991963293 , 1.55334366488e-39
-4.78479867647 , 1.74074452639e-38
-4.77967772002 , 2.3632338274e-34
-4.77455676357 , 2.08320475151e-30
-4.76943580712 , 1.0868756563e-26
-4.76431485067 , 3.35619802095e-23
-4.75919389422 , 6.13387756775e-20
-4.75407293777 , 6.63502311604e-17
-4.74895198131 , 4.24785406411e-14
-4.74383102486 , 1.60959474885e-11
-4.73871006841 , 3.6098014549e-09
-4.73358911196 , 4.79148237873e-07
-4.72846815551 , 3.76423116053e-05
-4.72334719906 , 0.00175025967144
-4.71822624261 , 0.0481668779193
-4.71310528616 , 0.784538604215
-4.7079843297 , 7.56310186922
-4.70286337325 , 43.1524434248
-4.6977424168 , 145.723852371
-4.69262146035 , 291.25655328
-4.6875005039 , 344.540736545
-4.68237954745 , 241.22663561
-4.677258591 , 99.9608065455
-4.67213763454 , 24.5162506753
-4.66701667809 , 3.55875560976
-4.66189572164 , 0.30574691723
-4.65677476519 , 0.015547064654
-4.65165380874 , 0.000475459328373
-4.64653285229 , 0.000379508782673
-4.64141189584 , 0.011018975767
-4.63629093939 , 0.199353389425
-4.63116998293 , 2.21513749209
-4.62604902648 , 15.2155237617
-4.62092807003 , 64.8299741577
-4.61580711358 , 171.218466179
-4.61068615713 , 278.991663191
-4.60556520068 , 278.490167652
-4.60044424423 , 169.054281368
-4.59532328777 , 63.2322016098
-4.59020233132 , 26.4893313951
-4.58508137487 , 74.2940072482
-4.57996041842 , 241.493154637
-4.57483946197 , 475.490068687
-4.56971850552 , 554.420190921
-4.56459754907 , 382.676730602
-4.55947659262 , 157.260678964
-4.55435563616 , 46.5304798099
-4.54923467971 , 51.5410463126
-4.54411372326 , 144.419285192
-4.53899276681 , 265.899363101
-4.53387181036 , 290.66175175
-4.52875085391 , 188.58908517
-4.52362989746 , 76.8892771727
-4.518508941 , 41.1445237959
-4.51338798455 , 76.7048121104
-4.5082670281 , 132.535542239
-4.50314607165 , 139.162269667
-4.4980251152 , 86.6127167227
-4.49290415875 , 32.336042125
-4.4877832023 , 11.2966626494
-4.48266224585 , 25.7901693713
-4.47754128939 , 84.4530509003
-4.47242033294 , 169.303921475
-4.46729937649 , 201.036429564
-4.46217842004 , 141.289425706
-4.45705746359 , 58.7711647413
-4.45193650714 , 14.4689997528
-4.44681555069 , 2.10829942597
-4.44169459423 , 0.181821669655
-4.43657363778 , 0.00928065358623
-4.43145268133 , 0.000280369684426
-4.42633172488 , 5.01306242921e-06
-4.42121076843 , 5.30511427198e-08
-4.41608981198 , 3.32281332006e-10
-4.41096885553 , 1.23179010818e-12
-4.40584789908 , 2.70263285092e-15
-4.40072694262 , 3.50959465758e-18
-4.39560598617 , 2.69740674386e-21
-4.39048502972 , 1.22703086544e-24
-4.38536407327 , 3.30357450242e-28
-4.38024311682 , 5.26419909417e-32
-4.37512216037 , 4.9663262891e-36
-4.37000120392 , 1.82293887263e-39
-4.36488024746 , 1.55334366488e-39
-4.35975929101 , 1.55334366488e-39
-4.35463833456 , 1.55334366488e-39
-4.34951737811 , 1.55334366488e-39
-4.34439642166 , 1.55334366488e-39
-4.33927546521 , 1.55334366488e-39
-4.33415450876 , 1.55334366488e-39
-4.32903355231 , 1.55334366488e-39
-4.32391259585 , 1.55334366488e-39
-4.3187916394 , 1.55334366488e-39
-4.31367068295 , 1.55334366488e-39
-4.3085497265 , 1.55334366488e-39
-4.30342877005 , 1.55334366488e-39
-4.2983078136 , 1.55334366488e-39
-4.29318685715 , 1.55334366488e-39
-4.28806590069 , 1.55334366488e-39
-4.28294494424 , 1.55334366488e-39
-4.27782398779 , 1.55334366488e-39
-4.27270303134 , 4.36258776952e-39
-4.26758207489 , 4.48382836128e-35
-4.26246111844 , 4.22336822448e-31
-4.25734016199 , 2.35452569346e-27
-4.25221920554 , 7.76904208914e-24
-4.24709824908 , 1.51722876315e-20
-4.24197729263 , 1.75369560337e-17
-4.23685633618 , 1.19971174847e-14
-4.23173537973 , 4.85757106827e-12
-4.22661442328 , 1.16407501373e-09
-4.22149346683 , 1.65105797931e-07
-4.21637251038 , 1.38600001248e-05
-4.21125155392 , 0.000688626445072
-4.20613059747 , 0.0202499386633
-4.20100964102 , 0.352438448078
-4.19588868457 , 3.63046622786
-4.19076772812 , 22.1340595891
-4.18564677167 , 79.8691939124
-4.18052581522 , 170.575667938
-4.17540485877 , 215.61273702
-4.17028390231 , 161.306288063
-4.16516294586 , 71.4245865449
-4.16004198941 , 18.718184577
-4.15492103296 , 2.90334916638
-4.14980007651 , 0.266535082331
-4.14467912006 , 0.0144831888628
-4.13955816361 , 0.00054901235611
-4.13443720715 , 0.00350898632881
-4.1293162507 , 0.0870506449896
-4.12419529425 , 1.28138423739
-4.1190743378 , 11.1636664159
-4.11395338135 , 57.56439122
-4.1088324249 , 175.679292214
-4.10371146845 , 317.326850764
-4.098590512 , 339.24438014
-4.09346955554 , 214.653559127
-4.08834859909 , 80.3864994929
-4.08322764264 , 17.8175395867
-4.07810668619 , 2.3373940761
-4.07298572974 , 0.181482911199
-4.06786477329 , 0.00833986704275
-4.06274381684 , 0.000226830843787
-4.05762286038 , 3.65144430798e-06
-4.05250190393 , 3.47893925336e-08
-4.04738094748 , 1.96177231641e-10
-4.04225999103 , 6.54902743416e-13
-4.03713903458 , 9.67858434586e-14
-4.03201807813 , 3.34965156534e-11
-4.02689712168 , 6.95423657455e-09
-4.02177616523 , 8.54513334423e-07
-4.01665520877 , 6.21452249104e-05
-4.01153425232 , 0.00267495340023
-4.00641329587 , 0.0681466033142
-4.00129233942 , 1.02752345351
-3.99617138297 , 9.1697777537
-3.99105042652 , 48.4334507893
-3.98592947007 , 151.408951601
-3.98080851361 , 280.141357216
-3.97568755716 , 306.776749175
-3.97056660071 , 198.832416307
-3.96544564426 , 76.2731137315
-3.96032468781 , 17.3171053325
-3.95520373136 , 2.3270121861
-3.95008277491 , 0.185072355821
-3.94496181846 , 0.00871172154322
-3.939840862 , 0.000242709040966
-3.93471990555 , 4.00209564319e-06
-3.9295989491 , 3.90711828329e-08
-3.92447799265 , 3.27006492215e-09
-3.9193570362 , 4.11919276098e-07
-3.91423607975 , 3.29861952044e-05
-3.9091151233 , 0.00156341041728
-3.90399416684 , 0.0438564659804
-3.89887321039 , 0.728138707834
-3.89375225394 , 7.15507953474
-3.88863129749 , 41.6135509069
-3.88351034104 , 143.244122256
-3.87838938459 , 291.857469181
-3.87326842814 , 352.399898705
-3.86814747169 , 257.314904232
-3.86302651523 , 150.883925232
-3.85790555878 , 218.892948797
-3.85278460233 , 492.792099626
-3.84766364588 , 735.634103882
-3.84254268943 , 654.572398859
-3.83742173298 , 344.868227441
-3.83230077653 , 107.542183126
-3.82717982007 , 19.8483682113
-3.82205886362 , 2.16815581009
-3.81693790717 , 0.14017670814
-3.81181695072 , 0.00536390294268
-3.80669599427 , 0.000121480251047
-3.80157503782 , 1.6303290799e-06
-3.79645408137 , 2.83418537881e-07
-3.79133312492 , 2.19787180631e-05
-3.78621216846 , 0.00105695044361
-3.78109121201 , 0.0300834491451
-3.77597025556 , 0.506780816393
-3.77084929911 , 5.05280156029
-3.76572834266 , 29.8169937754
-3.76060738621 , 104.139383769
-3.75548642976 , 215.271079612
-3.7503654733 , 263.375826118
-3.74524451685 , 190.715358848
-3.7401235604 , 81.7362981545
-3.73500260395 , 20.7330787052
-3.7298816475 , 3.11266343989
-3.72476069105 , 0.276579552482
-3.7196397346 , 0.0145454616992
-3.71451877815 , 0.000452745861523
-3.70939782169 , 8.34067125356e-06
-3.70427686524 , 9.09425348449e-08
-3.69915590879 , 5.86884504699e-10
-3.69403495234 , 2.24179006467e-12
-3.68891399589 , 1.21973165877e-13
-3.68379303944 , 4.21577723672e-11
-3.67867208299 , 8.99792195307e-09
-3.67355112653 , 1.13667443955e-06
-3.66843017008 , 8.49917175546e-05
-3.66330921363 , 0.00376195110701
-3.65818825718 , 0.0986020152378
-3.65306730073 , 1.53176134402
-3.64794634428 , 14.1398980898
-3.64282538783 , 78.1187106637
-3.63770443138 , 263.276985894
-3.63258347492 , 566.766902523
-3.62746251847 , 848.933618297
-3.62234156202 , 964.523555816
-3.61722060557 , 826.912950043
-3.61209964912 , 488.884378585
-3.60697869267 , 183.569388653
-3.60185773622 , 41.9411191057
-3.59673677976 , 5.72941531038
-3.59161582331 , 0.464918603194
-3.58649486686 , 0.022357418866
-3.58137391041 , 0.000636624483919
-3.57625295396 , 1.07308568349e-05
-3.57113199751 , 1.0706065261e-07
-3.56601104106 , 6.32199209813e-10
-3.56089008461 , 2.20953561156e-12
-3.55576912815 , 4.57055659317e-15
-3.5506481717 , 5.59573980167e-18
-3.54552721525 , 4.05476813656e-21
-3.5404062588 , 1.7389798293e-24
-3.53528530235 , 4.41410887058e-28
-3.5301643459 , 6.63149630912e-32
-3.52504338945 , 5.82229096232e-35
-3.51992243299 , 5.25305150923e-31
-3.51480147654 , 3.12129951828e-27
-3.50968052009 , 1.09768880671e-23
-3.50455956364 , 2.28477284849e-20
-3.49943860719 , 2.81466573354e-17
-3.49431765074 , 2.05225171104e-14
-3.48919669429 , 8.85634305562e-12
-3.48407573784 , 2.26202937004e-09
-3.47895478138 , 3.4194956263e-07
-3.47383382493 , 3.05946768525e-05
-3.46871286848 , 0.00162012936355
-3.46359191203 , 0.0507777580034
-3.45847095558 , 0.94192723699
-3.45334999913 , 10.3414442444
-3.44822904268 , 67.1993450802
-3.44310808622 , 258.445451072
-3.43798712977 , 588.291740697
-3.43286617332 , 792.568151565
-3.42774521687 , 631.975859831
-3.42262426042 , 298.252690172
-3.41750330397 , 83.3082972173
-3.41238234752 , 13.7724870126
-3.40726139107 , 1.34801049313
-3.40214043461 , 0.093545267852
-3.39701947816 , 0.336798645927
-3.39189852171 , 4.26161846785
-3.38677756526 , 32.169968943
-3.38165660881 , 143.731567579
-3.37653565236 , 380.078780508
-3.37141469591 , 594.860344868
-3.36629373945 , 551.031398325
-3.361172783 , 302.104789033
-3.35605182655 , 98.0301019759
-3.3509308701 , 18.8329407307
-3.34580991365 , 2.28410030323
-3.3406889572 , 2.19384712216
-3.33556800075 , 17.268728045
-3.3304470443 , 86.0449657135
-3.32532608784 , 253.835889296
-3.32020513139 , 443.201139959
-3.31508417494 , 458.002999033
-3.30996321849 , 280.12726556
-3.30484226204 , 101.405626061
-3.29972130559 , 21.7264565588
-3.29460034914 , 2.75657786295
-3.28947939268 , 0.252710996006
-3.28435843623 , 0.842909342191
-3.27923747978 , 8.95633791507
-3.27411652333 , 56.942259687
-3.26899556688 , 214.274328971
-3.26387461043 , 477.22719599
-3.25875365398 , 629.071185989
-3.25363269753 , 490.788036795
-3.24851174107 , 226.624943903
-3.24339078462 , 61.9356953664
-3.23826982817 , 10.0182967774
-3.23314887172 , 0.9591053965
-3.22802791527 , 0.0543448435756
-3.22290695882 , 0.00182250999262
-3.21778600237 , 3.61743769732e-05
-3.21266504592 , 4.24963635453e-07
-3.20754408946 , 2.95475906071e-09
-3.20242313301 , 1.22765310685e-11
-3.19730217656 , 4.10066959204e-11
-3.19218122011 , 8.48403641628e-09
-3.18706026366 , 1.03964141032e-06
-3.18193930721 , 7.54022237517e-05
-3.17681835076 , 0.00323671361984
-3.1716973943 , 0.0822325831735
-3.16657643785 , 1.2365256432
-3.1614554814 , 11.0047924981
-3.15633452495 , 57.966906684
-3.1512135685 , 180.716551053
-3.14609261205 , 333.453492272
-3.1409716556 , 364.159922005
-3.13585069915 , 235.379459447
-3.13072974269 , 90.0460178433
-3.12560878624 , 20.3882522645
-3.12048782979 , 2.7322159483
-3.11536687334 , 0.216705324506
-3.11024591689 , 0.0101728743161
-3.10512496044 , 0.000282642400035
-3.10000400399 , 4.64783264653e-06
-3.09488304753 , 4.52358951332e-08
-3.08976209108 , 2.60576611142e-10
-3.08464113463 , 8.883972619e-13
-3.07952017818 , 1.79268320533e-15
-3.07439922173 , 2.69868176669e-17
-3.06927826528 , 1.76243744526e-14
-3.06415730883 , 7.39933993984e-12
-3.05903635238 , 1.83861940632e-09
-3.05391539592 , 2.70402220056e-07
-3.04879443947 , 2.3536843505e-05
-3.04367348302 , 0.00121256698728
-3.03855252657 , 0.0369728402419
-3.03343157012 , 0.667235956529
-3.02831061367 , 7.12681725974
-3.02318965722 , 45.0537928547
-3.01806870076 , 168.572468468
-3.01294774431 , 373.303007176
-3.00782678786 , 489.278220359
-3.00270583141 , 379.550731991
-2.99758487496 , 174.26225763
-2.99246391851 , 47.3539697753
-2.98734296206 , 7.61603625286
-2.98222200561 , 0.724971887808
-2.97710104915 , 0.0408444341217
-2.9719800927 , 0.00136195937768
-2.96685913625 , 2.6879115827e-05
-2.9617381798 , 3.13967978492e-07
-2.95661722335 , 2.17057745759e-09
-2.9514962669 , 8.88146837159e-12
-2.94637531045 , 2.15086826795e-14
-2.94125435399 , 3.08382165165e-17
-2.93613339754 , 1.12589324461e-17
-2.93101244109 , 8.29214093785e-15
-2.92589148464 , 3.62297781421e-12
-2.92077052819 , 9.36880525249e-10
-2.91564957174 , 1.43391129246e-07
-2.91052861529 , 1.2989124977e-05
-2.90540765884 , 0.000696397247876
-2.90028670238 , 0.0220980404732
-2.89516574593 , 0.415021209315
-2.89004478948 , 4.61326835504
-2.88492383303 , 30.3519944285
-2.87980287658 , 118.23987517
-2.87468192013 , 273.596271482
-2.86956096368 , 386.249589156
-2.86444000722 , 403.539636258
-2.85931905077 , 573.935011141
-2.85419809432 , 1099.59622391
-2.84907713787 , 1548.33016035
-2.84395618142 , 1328.7008881
-2.83883522497 , 677.178343706
-2.83371426852 , 204.348080417
-2.82859331207 , 36.4987065211
-2.82347235561 , 3.85839140392
-2.81835139916 , 0.241409841717
-2.81323044271 , 0.00893970755621
-2.80810948626 , 0.00019593466415
-2.80298852981 , 2.5416682433e-06
-2.79786757336 , 1.95139896039e-08
-2.79274661691 , 8.86733051828e-11
-2.78762566045 , 2.38484053319e-13
-2.782504704 , 3.79616790422e-16
-2.77738374755 , 3.57645109456e-19
-2.7722627911 , 2.59935739711e-21
-2.76714183465 , 3.48283019671e-18
-2.7620208782 , 2.99147265022e-15
-2.75689992175 , 1.52074889729e-12
-2.7517789653 , 4.57561775348e-10
-2.74665800884 , 8.14820225013e-08
-2.74153705239 , 8.58803929483e-06
-2.73641609594 , 0.0005357320329
-2.73129513949 , 0.0197800388881
-2.72617418304 , 0.43226474439
-2.72105322659 , 5.59217221398
-2.71593227014 , 42.8512787688
-2.71081131368 , 194.90270758
-2.70569035723 , 530.340185997
-2.70056940078 , 887.867969554
-2.69544844433 , 997.614349594
-2.69032748788 , 897.670641538
-2.68520653143 , 721.050327447
-2.68008557498 , 453.04623594
-2.67496461853 , 188.107506616
-2.66984366207 , 47.7916853251
-2.66472270562 , 7.25267923295
-2.65960174917 , 0.653025824462
-2.65448079272 , 0.0348229335742
-2.64935983627 , 0.00109924683236
-2.64423887982 , 2.05383093719e-05
-2.63911792337 , 2.27121946008e-07
-2.63399696691 , 1.48653302785e-09
-2.62887601046 , 5.7585089623e-12
-2.62375505401 , 1.32027767599e-14
-2.61863409756 , 1.79159643324e-17
-2.61351314111 , 1.43891372536e-20
-2.60839218466 , 6.83988772677e-24
-2.60327122821 , 1.92434458154e-27
-2.59815027176 , 3.20432355063e-31
-2.5930293153 , 3.15813428497e-35
-2.58790835885 , 3.37380307616e-39
-2.5827874024 , 1.58139945589e-39
-2.57766644595 , 1.11649732072e-36
-2.5725454895 , 1.37123200206e-32
-2.56742453305 , 9.98109924669e-29
-2.5623035766 , 4.29997038432e-25
-2.55718262014 , 1.09640791798e-21
-2.55206166369 , 1.65462076562e-18
-2.54694070724 , 1.47789774356e-15
-2.54181975079 , 7.81285762305e-13
-2.53669879434 , 2.44452814824e-10
-2.53157783789 , 4.52688834916e-08
-2.52645688144 , 4.96162723038e-06
-2.52133592499 , 0.000321860802631
-2.51621496853 , 0.0123575295009
-2.51109401208 , 0.280811461785
-2.50597305563 , 3.77674456597
-2.50085209918 , 30.0635321398
-2.49573114273 , 141.63872337
-2.49061018628 , 394.951358153
-2.48548922983 , 651.815716529
-2.48036827337 , 636.686516502
-2.47524731692 , 368.083276157
-2.47012636047 , 125.946506996
-2.46500540402 , 25.5062015181
-2.45988444757 , 3.05725443595
-2.45476349112 , 0.219143188054
-2.44964253467 , 0.0747419686244
-2.44452157822 , 1.12794398615
-2.43940062176 , 11.4678171555
-2.43427966531 , 69.0208939098
-2.42915870886 , 245.866996709
-2.42403775241 , 518.369957633
-2.41891679596 , 646.854102931
-2.41379583951 , 477.994176444
-2.40867488306 , 212.579807023
-2.4035539266 , 85.005445365
-2.39843297015 , 159.434227874
-2.3933120137 , 437.280880532
-2.38819105725 , 746.159731352
-2.3830701008 , 754.783247744
-2.37794914435 , 451.91279763
-2.3728281879 , 160.142904043
-2.36770723145 , 33.5877385522
-2.36258627499 , 4.1694024009
-2.35746531854 , 0.306328104751
-2.35234436209 , 0.0133204795348
-2.34722340564 , 0.000342825295893
-2.34210244919 , 5.22210793426e-06
-2.33698149274 , 4.70802557149e-08
-2.33186053629 , 2.51218586246e-10
-2.32673957983 , 7.93386318125e-13
-2.32161862338 , 1.48298798375e-15
-2.31649766693 , 1.64062960188e-18
-2.31137671048 , 1.07434237911e-21
-2.30625575403 , 2.55910672757e-22
-2.30113479758 , 3.9775691993e-19
-2.29601384113 , 3.66499765586e-16
-2.29089288468 , 1.99870728368e-13
-2.28577192822 , 6.45125525187e-11
-2.28065097177 , 1.23242015662e-08
-2.27553001532 , 1.39345483369e-06
-2.27040905887 , 9.32495053387e-05
-2.26528810242 , 0.00369334360532
-2.26016714597 , 0.0865789724183
-2.25504618952 , 1.20122587078
-2.24992523306 , 9.86407722473
-2.24480427661 , 47.9410770647
-2.23968332016 , 137.904566257
-2.23456236371 , 234.784294978
-2.22944140726 , 236.580516724
-2.22432045081 , 141.093968219
-2.21919949436 , 49.8032879558
-2.21407853791 , 10.4077135232
-2.20895758145 , 1.37445708224
-2.203836625 , 1.57126094729
-2.19871566855 , 14.6878439702
-2.1935947121 , 86.3936769516
-2.18847375565 , 300.846503948
-2.1833527992 , 620.051921431
-2.17823184275 , 756.363893108
-2.17311088629 , 546.081596
-2.16798992984 , 233.474051636
-2.16286897339 , 60.7579906859
-2.15774801694 , 22.5608874763
-2.15262706049 , 64.7379408112
-2.14750610404 , 176.396096036
-2.14238514759 , 287.819664542
-2.13726419114 , 278.015320034
-2.13214323468 , 158.941892527
-2.12702227823 , 53.7808427192
-2.12190132178 , 10.7705123644
-2.11678036533 , 1.27662886789
-2.11165940888 , 0.0895596720117
-2.10653845243 , 0.00371860342277
-2.10141749598 , 9.13832862148e-05
-2.09629653952 , 1.32914761103e-06
-2.09117558307 , 1.14419275914e-08
-2.08605462662 , 5.82967993788e-11
-2.08093367017 , 1.75796314054e-13
-2.07581271372 , 3.13757672535e-16
-2.07069175727 , 3.31435085861e-19
-2.06557080082 , 2.07215455148e-22
-2.06044984437 , 7.66770407792e-26
-2.05532888791 , 1.67929919526e-29
-2.05020793146 , 2.17676056116e-33
-2.04508697501 , 1.68540437598e-37
-2.03996601856 , 1.55334366488e-39
-2.03484506211 , 1.55334366488e-39
-2.02972410566 , 1.55334366488e-39
-2.02460314921 , 1.55334366488e-39
-2.01948219275 , 1.55334366488e-39
-2.0143612363 , 1.55334366488e-39
-2.00924027985 , 1.55334366488e-39
-2.0041193234 , 1.55334366488e-39
-1.99899836695 , 1.55334366488e-39
-1.9938774105 , 1.55334366488e-39
-1.98875645405 , 1.55334366488e-39
-1.9836354976 , 1.55334366488e-39
-1.97851454114 , 1.55334366488e-39
-1.97339358469 , 1.55334366488e-39
-1.96827262824 , 1.55334366488e-39
-1.96315167179 , 1.55334366488e-39
-1.95803071534 , 1.57934376183e-39
-1.95290975889 , 5.0944260922e-37
-1.94778880244 , 5.56839432356e-33
-1.94266784598 , 3.61334152958e-29
-1.93754688953 , 1.38773870337e-25
-1.93242593308 , 3.15446654234e-22
-1.92730497663 , 4.24388577981e-19
-1.92218402018 , 3.37925515254e-16
-1.91706306373 , 1.59256739161e-13
-1.91194210728 , 4.44215992926e-11
-1.90682115083 , 7.3334797632e-09
-1.90170019437 , 7.16548419039e-07
-1.89657923792 , 4.14381657254e-05
-1.89145828147 , 0.00141832265636
-1.88633732502 , 0.0287322141303
-1.88121636857 , 0.344494811264
-1.87609541212 , 2.44464505845
-1.87097445567 , 10.2675889986
-1.86585349921 , 25.523526331
-1.86073254276 , 37.5519430208
-1.85561158631 , 32.6996938658
-1.85049062986 , 16.8528943004
-1.84536967341 , 5.14073058102
-1.84024871696 , 0.928099902307
-1.83512776051 , 0.0991708753991
-1.83000680406 , 0.00627181303394
-1.8248858476 , 0.000234758646207
-1.81976489115 , 5.20079368908e-06
-1.8146439347 , 6.81925910555e-08
-1.80952297825 , 5.29205434156e-10
