Ef: -4.97713122026
-12.0514358809 , 1.052851941e-09
-12.0463149245 , 1.35668867363e-07
-12.041193968 , 1.03469567333e-05
-12.0360730116 , 0.00046705131953
-12.0309520551 , 0.0124777451254
-12.0258310987 , 0.19730003117
-12.0207101422 , 1.84645077415
-12.0155891858 , 10.2274614376
-12.0104682293 , 33.5287609129
-12.0053472729 , 65.0559006665
-12.0002263164 , 74.7094295445
-11.9951053599 , 50.7789461413
-11.9899844035 , 20.4273242653
-11.984863447 , 4.86361085642
-11.9797424906 , 0.68537094915
-11.9746215341 , 0.057162616753
-11.9695005777 , 0.00282174684032
-11.9643796212 , 8.24410529438e-05
-11.9592586648 , 1.42557000573e-06
-11.9541377083 , 1.45899265288e-08
-11.9490167519 , 8.8376581227e-11
-11.9438957954 , 3.16840599361e-13
-11.938774839 , 6.7230136292e-16
-11.9336538825 , 8.44319255296e-19
-11.9285329261 , 6.27579765354e-22
-11.9234119696 , 2.76090019705e-25
-11.9182910132 , 7.18872747183e-29
-11.9131700567 , 1.10782938519e-32
-11.9080491003 , 1.01076706437e-36
-11.9029281438 , 3.75276436734e-40
-11.8978071874 , 3.23549355395e-40
-11.8926862309 , 3.23549355395e-40
-11.8875652745 , 3.23549355395e-40
-11.882444318 , 3.23549355395e-40
-11.8773233616 , 3.23549355395e-40
-11.8722024051 , 3.23549355395e-40
-11.8670814487 , 3.23549355395e-40
-11.8619604922 , 3.23549355395e-40
-11.8568395358 , 3.23549355395e-40
-11.8517185793 , 1.97480752396e-38
-11.8465976229 , 2.81107131885e-34
-11.8414766664 , 2.40662808902e-30
-11.83635571 , 1.21946032519e-26
-11.8312347535 , 3.65718946653e-23
-11.8261137971 , 6.4915489472e-20
-11.8209928406 , 6.81977902107e-17
-11.8158718842 , 4.2404637951e-14
-11.8107509277 , 1.56054934898e-11
-11.8056299712 , 3.39909062881e-09
-11.8005090148 , 4.38196668503e-07
-11.7953880583 , 3.34346274432e-05
-11.7902671019 , 0.00150988890765
-11.7851461454 , 0.0403566018438
-11.780025189 , 0.638418222348
-11.7749042325 , 5.97746508092
-11.7697832761 , 33.1245440735
-11.7646623196 , 108.643527765
-11.7595413632 , 210.901125222
-11.7544204067 , 242.312055766
-11.7492994503 , 164.775346963
-11.7441784938 , 66.3178647136
-11.7390575374 , 15.7975566291
-11.7339365809 , 2.22725731325
-11.7288156245 , 0.185854017095
-11.723694668 , 0.00917898366702
-11.7185737116 , 0.000268310906822
-11.7134527551 , 4.64197868697e-06
-11.7083317987 , 4.75323232404e-08
-11.7032108422 , 2.88068668941e-10
-11.6980898858 , 1.03329444331e-12
-11.6929689293 , 2.19367984708e-15
-11.6878479729 , 2.75640786367e-18
-11.6827270164 , 2.04991001745e-21
-11.67760606 , 9.02292188721e-25
-11.6724851035 , 2.35061054159e-28
-11.6673641471 , 3.62439269654e-32
-11.6622431906 , 3.30789844032e-36
-11.6571222342 , 4.93055201962e-40
-11.6520012777 , 3.23549355395e-40
-11.6468803213 , 3.23549355395e-40
-11.6417593648 , 3.23549355395e-40
-11.6366384084 , 3.23549355395e-40
-11.6315174519 , 3.23549355395e-40
-11.6263964955 , 3.23549355395e-40
-11.621275539 , 3.23549355395e-40
-11.6161545826 , 3.23549355395e-40
-11.6110336261 , 3.23549355395e-40
-11.6059126696 , 3.23549355395e-40
-11.6007917132 , 3.23549355395e-40
-11.5956707567 , 3.23549355395e-40
-11.5905498003 , 3.23549355395e-40
-11.5854288438 , 3.23549355395e-40
-11.5803078874 , 3.23549355395e-40
-11.5751869309 , 3.23549355395e-40
-11.5700659745 , 3.23549355395e-40
-11.564945018 , 3.23549355395e-40
-11.5598240616 , 3.23549355395e-40
-11.5547031051 , 3.23549355395e-40
-11.5495821487 , 3.23549355395e-40
-11.5444611922 , 3.1617839913e-39
-11.5393402358 , 4.56783768911e-35
-11.5342192793 , 4.33658977385e-31
-11.5290983229 , 2.43674117338e-27
-11.5239773664 , 8.10384000764e-24
-11.51885641 , 1.59511761402e-20
-11.5137354535 , 1.85829628529e-17
-11.5086144971 , 1.2813199909e-14
-11.5034935406 , 5.22902406002e-12
-11.4983725842 , 1.2630021007e-09
-11.4932516277 , 1.80554326662e-07
-11.4881306713 , 1.52767904345e-05
-11.4830097148 , 0.000765026952263
-11.4778887584 , 0.0226747101377
-11.4727678019 , 0.397765530276
-11.4676468455 , 4.12983726815
-11.462525889 , 25.3781012313
-11.4574049326 , 92.3008507168
-11.4522839761 , 198.688473901
-11.4471630197 , 253.139568595
-11.4420420632 , 190.88323576
-11.4369211068 , 85.1914346193
-11.4318001503 , 22.5032096192
-11.4266791939 , 3.51814220328
-11.4215582374 , 0.325538758852
-11.4164372809 , 0.0178284015211
-11.4113163245 , 0.00057788643289
-11.406195368 , 1.10864621708e-05
-11.4010744116 , 1.25882062115e-07
-11.3959534551 , 8.45970279584e-10
-11.3908324987 , 3.36485807161e-12
-11.3857115422 , 7.92134233731e-15
-11.3805905858 , 1.10370040421e-17
-11.3754696293 , 9.10173123562e-21
-11.3703486729 , 4.44239527749e-24
-11.3652277164 , 1.28330762959e-27
-11.36010676 , 2.19414204584e-31
-11.3549858035 , 2.22036938939e-35
-11.3498648471 , 1.64395168606e-39
-11.3447438906 , 3.23549355395e-40
-11.3396229342 , 3.23549355395e-40
-11.3345019777 , 3.23549355395e-40
-11.3293810213 , 3.23549355395e-40
-11.3242600648 , 3.23549355395e-40
-11.3191391084 , 3.34386571494e-40
-11.3140181519 , 3.43337874933e-37
-11.3088971955 , 4.1540386205e-33
-11.303776239 , 2.97742567037e-29
-11.2986552826 , 1.26308057965e-25
-11.2935343261 , 3.17132597564e-22
-11.2884133697 , 4.7127066741e-19
-11.2832924132 , 4.14495320438e-16
-11.2781714568 , 2.15768753104e-13
-11.2730505003 , 6.64778812767e-11
-11.2679295439 , 1.21223127643e-08
-11.2628085874 , 1.30831854665e-06
-11.257687631 , 8.35720794936e-05
-11.2525666745 , 0.00315957462357
-11.2474457181 , 0.0706993991941
-11.2423247616 , 0.936316177074
-11.2372038052 , 7.33920516358
-11.2320828487 , 34.048283895
-11.2269618922 , 93.4891312767
-11.2218409358 , 151.931112768
-11.2167199793 , 146.134248602
-11.2115990229 , 83.191125718
-11.2064780664 , 28.0299156642
-11.20135711 , 5.58998968672
-11.1962361535 , 0.668913354689
-11.1911151971 , 0.201419791974
-11.1859942406 , 1.55797520389
-11.1808732842 , 9.22604078255
-11.1757523277 , 32.3755261118
-11.1706313713 , 67.2419055797
-11.1655104148 , 82.6575894917
-11.1603894584 , 60.1374482388
-11.1552685019 , 25.8956485817
-11.1501475455 , 6.59975974754
-11.145026589 , 0.995517722798
-11.1399056326 , 0.0888770032115
-11.1347846761 , 0.00469622985947
-11.1296637197 , 0.000146868556081
-11.1245427632 , 2.71849063619e-06
-11.1194218068 , 2.97814880842e-08
-11.1143008503 , 1.93100982577e-10
-11.1091798939 , 7.41040782528e-13
-11.1040589374 , 1.68313624484e-15
-11.098937981 , 2.26264266172e-18
-11.0938170245 , 1.80024746138e-21
-11.0886960681 , 8.47750353456e-25
-11.0835751116 , 2.362780013e-28
-11.0784541552 , 3.89760781627e-32
-11.0733331987 , 3.80565214002e-36
-11.0682122423 , 5.40355762745e-40
-11.0630912858 , 3.23549355395e-40
-11.0579703294 , 3.23549355395e-40
-11.0528493729 , 3.23549355395e-40
-11.0477284165 , 3.23549355395e-40
-11.04260746 , 3.23549355395e-40
-11.0374865035 , 3.23549355395e-40
-11.0323655471 , 3.23549355395e-40
-11.0272445906 , 3.23549355395e-40
-11.0221236342 , 3.23549355395e-40
-11.0170026777 , 3.23549355395e-40
-11.0118817213 , 3.23549355395e-40
-11.0067607648 , 3.23549355395e-40
-11.0016398084 , 3.23549355395e-40
-10.9965188519 , 3.23549355395e-40
-10.9913978955 , 3.23549355395e-40
-10.986276939 , 3.23549355395e-40
-10.9811559826 , 3.23549355395e-40
-10.9760350261 , 3.23549355395e-40
-10.9709140697 , 3.96823462367e-40
-10.9657931132 , 1.5595027236e-36
-10.9606721568 , 1.76844660355e-32
-10.9555512003 , 1.18714922643e-28
-10.9504302439 , 4.71670146464e-25
-10.9453092874 , 1.10915226278e-21
-10.940188331 , 1.54370266818e-18
-10.9350673745 , 1.27161559356e-15
-10.9299464181 , 6.19965810424e-13
-10.9248254616 , 1.7889546841e-10
-10.9197045052 , 3.05527737521e-08
-10.9145835487 , 3.08831544331e-06
-10.9094625923 , 0.000184761877537
-10.9043416358 , 0.00654218446047
-10.8992206794 , 0.137104878393
-10.8940997229 , 1.70060219434
-10.8889787665 , 12.4845320017
-10.88385781 , 54.2452241325
-10.8787368536 , 139.498838141
-10.8736158971 , 212.326014132
-10.8684949407 , 191.320918787
-10.8633739842 , 102.73441037
-10.8582530278 , 38.8279490896
-10.8531320713 , 40.6750862603
-10.8480111149 , 107.665313732
-10.8428901584 , 195.526329923
-10.8377692019 , 211.374800944
-10.8326482455 , 135.272888216
-10.827527289 , 51.2379029768
-10.8224063326 , 11.4866096924
-10.8172853761 , 1.52409558016
-10.8121644197 , 0.119688482637
-10.8070434632 , 0.00556304462653
-10.8019225068 , 0.000153330640986
-10.7968015503 , 2.19239007047e-05
-10.7916805939 , 0.000757215501825
-10.7865596374 , 0.0174625831842
-10.781438681 , 0.238358575254
-10.7763177245 , 1.9256289821
-10.7711967681 , 9.20733581494
-10.7660758116 , 26.056428604
-10.7609548552 , 43.6430739508
-10.7558338987 , 43.2648608544
-10.7507129423 , 25.3848631907
-10.7455919858 , 8.81523469998
-10.7404710294 , 1.81180923356
-10.7353500729 , 0.220399494576
-10.7302291165 , 0.0158682215883
-10.72510816 , 0.000676184879782
-10.7199872036 , 1.70538402566e-05
-10.7148662471 , 2.54564865231e-07
-10.7097452907 , 2.2490249384e-09
-10.7046243342 , 1.17600621331e-11
-10.6995033778 , 3.63952324954e-14
-10.6943824213 , 6.66656234299e-17
-10.6892614649 , 7.5150805538e-19
-10.6841405084 , 5.87383326322e-16
-10.679019552 , 3.00636899754e-13
-10.6738985955 , 9.10715118082e-11
-10.6687776391 , 1.63283524244e-08
-10.6636566826 , 1.73269348516e-06
-10.6585357262 , 0.000108822995711
-10.6534147697 , 0.00404519227656
-10.6482938132 , 0.0889973795158
-10.6431728568 , 1.15887028397
-10.6380519003 , 8.9312447699
-10.6329309439 , 40.7388452341
-10.6278099874 , 109.982856432
-10.622689031 , 175.736038731
-10.6175680745 , 166.194339661
-10.6124471181 , 93.0231799121
-10.6073261616 , 30.816668891
-10.6022052052 , 6.04226488784
-10.5970842487 , 0.701186242334
-10.5919632923 , 0.0481600101691
-10.5868423358 , 0.00195775936949
-10.5817213794 , 4.71033298821e-05
-10.5766004229 , 6.70754301118e-07
-10.5714794665 , 5.65320689734e-09
-10.56635851 , 2.81997885397e-11
-10.5612375536 , 8.32561608988e-14
-10.5561165971 , 1.45481063642e-16
-10.5509956407 , 1.50458286647e-19
-10.5458746842 , 9.20969640203e-23
-10.5407537278 , 3.33652261952e-26
-10.5356327713 , 7.15422163989e-30
-10.5305118149 , 9.07925924267e-34
-10.5253908584 , 1.37038295125e-37
-10.520269902 , 8.97495103414e-34
-10.5151489455 , 6.95661168409e-30
-10.5100279891 , 3.19141420413e-26
-10.5049070326 , 8.665391107e-23
-10.4997860762 , 1.39255625453e-19
-10.4946651197 , 1.32451509144e-16
-10.4895441633 , 7.45625337158e-14
-10.4844232068 , 2.48429970298e-11
-10.4793022504 , 4.89899392725e-09
-10.4741812939 , 5.71780576766e-07
-10.4690603375 , 3.94976702112e-05
-10.463939381 , 0.0016148535547
-10.4588184245 , 0.0390763860913
-10.4536974681 , 0.559648344882
-10.4485765116 , 4.74390124147
-10.4434555552 , 23.79992805
-10.4383345987 , 70.6700420089
-10.4332136423 , 124.19870372
-10.4280926858 , 129.201820961
-10.4229717294 , 79.7408439174
-10.4178507729 , 30.5704071804
-10.4127298165 , 13.3698377735
-10.40760886 , 19.644804049
-10.4024879036 , 29.6158776248
-10.3973669471 , 27.8590921183
-10.3922459907 , 19.0746904983
-10.3871250342 , 25.0781724459
-10.3820040778 , 62.2036740379
-10.3768831213 , 118.732025109
-10.3717621649 , 160.924310267
-10.3666412084 , 168.855464516
-10.361520252 , 137.41011809
-10.3563992955 , 85.3480609911
-10.3512783391 , 64.4726547722
-10.3461573826 , 99.4443362606
-10.3410364262 , 147.672211461
-10.3359154697 , 147.724607319
-10.3307945133 , 96.2645822858
-10.3256735568 , 40.6096232673
-10.3205526004 , 10.9119567615
-10.3154316439 , 1.83365483061
-10.3103106875 , 0.283992580766
-10.305189731 , 1.05412544279
-10.3000687746 , 6.66594796507
-10.2949478181 , 25.2240221312
-10.2898268617 , 56.507640901
-10.2847059052 , 75.0733211581
-10.2795849488 , 60.1237301505
-10.2744639923 , 33.2116577454
-10.2693430359 , 22.6753145282
-10.2642220794 , 24.211497167
-10.2591011229 , 20.7318335605
-10.2539801665 , 10.94593648
-10.24885921 , 3.43605250454
-10.2437382536 , 0.641068349768
-10.2386172971 , 0.123657095968
-10.2334963407 , 0.716662134302
-10.2283753842 , 5.68284401331
-10.2232544278 , 27.1898328724
-10.2181334713 , 78.172954276
-10.2130125149 , 135.360111016
-10.2078915584 , 141.536662305
-10.202770602 , 90.1302247466
-10.1976496455 , 37.413696933
-10.1925286891 , 15.6112561771
-10.1874077326 , 11.7953311881
-10.1822867762 , 8.84957202847
-10.1771658197 , 4.24840193999
-10.1720448633 , 1.21736205383
-10.1669239068 , 0.207357261668
-10.1618029504 , 0.0385835758771
-10.1566819939 , 0.261905884887
-10.1515610375 , 2.25717867607
-10.146440081 , 11.5740078706
-10.1413191246 , 35.169168902
-10.1361981681 , 63.4203046401
-10.1310772117 , 68.0864659014
-10.1259562552 , 43.8116650421
-10.1208352988 , 17.1310300794
-10.1157143423 , 4.17590610341
-10.1105933859 , 0.660253960292
-10.1054724294 , 0.0706633010576
-10.100351473 , 0.0052126314465
-10.0952305165 , 0.000259210431158
-10.0901095601 , 8.31920090361e-06
-10.0849886036 , 1.65853647418e-07
-10.0798676472 , 2.00555951819e-09
-10.0747466907 , 1.10989065626e-10
-10.0696257342 , 1.38577230509e-08
-10.0645047778 , 1.17812192115e-06
-10.0593838213 , 5.9280283185e-05
-10.0542628649 , 0.00176542802472
-10.0491419084 , 0.0311178424196
-10.044020952 , 0.324630001646
-10.0388999955 , 2.00441468448
-10.0337790391 , 7.32498436143
-10.0286580826 , 15.8435793974
-10.0235371262 , 20.2882257113
-10.0184161697 , 15.449344168
-10.0132952133 , 7.54791880856
-10.0081742568 , 5.40659015208
-10.0030533004 , 14.7245852043
-9.99793234393 , 43.6693053124
-9.99281138748 , 93.1764811635
-9.98769043103 , 133.554429398
-9.98256947458 , 128.804608826
-9.97744851812 , 90.6266745072
-9.97232756167 , 60.6929393698
-9.96720660522 , 54.1111415369
-9.96208564877 , 57.6536449787
-9.95696469232 , 75.6242664981
-9.95184373587 , 118.495062901
-9.94672277942 , 149.36206623
-9.94160182296 , 129.085257206
-9.93648086651 , 79.3768883713
-9.93135991006 , 38.8036170714
-9.92623895361 , 23.2153845087
-9.92111799716 , 33.7458629924
-9.91599704071 , 61.0250397653
-9.91087608426 , 90.1899924537
-9.90575512781 , 106.580839282
-9.90063417135 , 94.7683856318
-9.8955132149 , 57.2935681784
-9.89039225845 , 21.8873286843
-9.885271302 , 5.15071071885
-9.88015034555 , 1.09742966673
-9.8750293891 , 1.45259795031
-9.86990843265 , 2.95616451511
-9.86478747619 , 3.7032444083
-9.85966651974 , 2.74826914144
-9.85454556329 , 1.20716059426
-9.84942460684 , 0.313827516964
-9.84430365039 , 0.0483026616762
-9.83918269394 , 0.00482860547146
-9.83406173749 , 0.00754495823889
-9.82894078104 , 0.0733191824836
-9.82381982458 , 0.435316276128
-9.81869886813 , 1.53100530613
-9.81357791168 , 3.20886318135
-9.80845695523 , 4.23543196133
-9.80333599878 , 5.07169022344
-9.79821504233 , 10.5449322662
-9.79309408588 , 24.2325325348
-9.78797312942 , 38.2623338682
-9.78285217297 , 39.0114729795
-9.77773121652 , 27.4453113754
-9.77261026007 , 18.1495369794
-9.76748930362 , 17.1533704829
-9.76236834717 , 16.3335667781
-9.75724739072 , 10.4227509722
-9.75212643427 , 4.01822517543
-9.74700547781 , 0.91988730041
-9.74188452136 , 0.125159645539
-9.73676356491 , 0.0208529991544
-9.73164260846 , 0.153743604825
-9.72652165201 , 1.29249859347
-9.72140069556 , 6.51809071019
-9.71627973911 , 19.7078521781
-9.71115878265 , 35.8316270762
-9.7060378262 , 39.3059654864
-9.70091686975 , 26.165809954
-9.6957959133 , 11.1305532013
-9.69067495685 , 5.48623489847
-9.6855540004 , 8.47214010254
-9.68043304395 , 13.3440758183
-9.6753120875 , 13.0772843386
-9.67019113104 , 8.5114452714
-9.66507017459 , 7.56954088142
-9.65994921814 , 14.7241644094
-9.65482826169 , 24.0206906978
-9.64970730524 , 24.9580254269
-9.64458634879 , 19.268146484
-9.63946539234 , 17.1223758174
-9.63434443588 , 17.4780973038
-9.62922347943 , 13.3111770509
-9.62410252298 , 6.4828359282
-9.61898156653 , 2.11207820272
-9.61386061008 , 0.540476557391
-9.60873965363 , 0.122104139559
-9.60361869718 , 0.0217688469818
-9.59849774073 , 0.00258906966827
-9.59337678427 , 0.000189210599061
-9.58825582782 , 8.27108215566e-06
-9.58313487137 , 2.14613874334e-07
-9.57801391492 , 3.38212773546e-09
-9.57289295847 , 1.26378100366e-08
-9.56777200202 , 1.12665292754e-06
-9.56265104557 , 5.97037279475e-05
-9.55753008911 , 0.00187646425167
-9.55240913266 , 0.034984609567
-9.54728817621 , 0.386983988748
-9.54216721976 , 2.54048722027
-9.53704626331 , 9.90589330753
-9.53192530686 , 23.0112493399
-9.52680435041 , 32.2591736292
-9.52168339396 , 28.767748263
-9.5165624375 , 19.2986906657
-9.51144148105 , 12.4463756258
-9.5063205246 , 7.36341383667
-9.50119956815 , 3.10068334807
-9.4960786117 , 0.816639158324
-9.49095765525 , 0.18433467826
-9.4858366988 , 0.496365847977
-9.48071574234 , 2.4491391932
-9.47559478589 , 7.32592581353
-9.47047382944 , 13.0052621347
-9.46535287299 , 13.9814467858
-9.46023191654 , 10.8589345152
-9.45511096009 , 12.6315999347
-9.44999000364 , 25.4480566851
-9.44486904719 , 45.6549949375
-9.43974809073 , 64.0993123141
-9.43462713428 , 70.1375390037
-9.42950617783 , 56.1957008798
-9.42438522138 , 30.9966168025
-9.41926426493 , 11.7650393934
-9.41414330848 , 3.33550623693
-9.40902235203 , 0.790734380978
-9.40390139557 , 0.161467520962
-9.39878043912 , 0.112017154519
-9.39365948267 , 0.687099989393
-9.38853852622 , 3.07507453324
-9.38341756977 , 8.16800542346
-9.37829661332 , 12.8415761805
-9.37317565687 , 11.9535382147
-9.36805470042 , 6.63579117926
-9.36293374396 , 2.52826929173
-9.35781278751 , 1.99054981722
-9.35269183106 , 3.93801032559
-9.34757087461 , 6.14303483877
-9.34244991816 , 8.07581332513
-9.33732896171 , 12.8486697802
-9.33220800526 , 19.8303004104
-9.32708704881 , 20.7683633242
-9.32196609235 , 13.3738042185
-9.3168451359 , 6.20776533715
-9.31172417945 , 5.69102330533
-9.306603223 , 10.4013038027
-9.30148226655 , 14.9882427818
-9.2963613101 , 18.4038525273
-9.29124035365 , 24.9441007764
-9.28611939719 , 30.2448176661
-9.28099844074 , 24.6129123493
-9.27587748429 , 12.2334793904
-9.27075652784 , 3.96154421627
-9.26563557139 , 2.3026611322
-9.26051461494 , 4.58071471486
-9.25539365849 , 7.21443052604
-9.25027270204 , 6.82767381112
-9.24515174558 , 3.96314872219
-9.24003078913 , 2.20977694165
-9.23490983268 , 3.73565673632
-9.22978887623 , 7.62616963971
-9.22466791978 , 9.81926768798
-9.21954696333 , 7.71663304742
-9.21442600688 , 4.70850618272
-9.20930505042 , 5.17486553783
-9.20418409397 , 8.24611472819
-9.19906313752 , 9.18482190292
-9.19394218107 , 6.60554309588
-9.18882122462 , 4.84789155478
-9.18370026817 , 8.75958334924
-9.17857931172 , 20.5662630881
-9.17345835527 , 34.9206359913
-9.16833739881 , 37.6505984476
-9.16321644236 , 24.8189247385
-9.15809548591 , 9.88217689709
-9.15297452946 , 2.3709195837
-9.14785357301 , 0.351260796547
-9.14273261656 , 0.133886213785
-9.13761166011 , 0.766758870558
-9.13249070365 , 3.392722468
-9.1273697472 , 9.31847378097
-9.12224879075 , 16.9613769087
-9.1171278343 , 23.2429976833
-9.11200687785 , 27.4473037035
-9.1068859214 , 28.1870280129
-9.10176496495 , 22.5188800438
-9.0966440085 , 12.4916170883
-9.09152305204 , 4.63962580786
-9.08640209559 , 2.00066365597
-9.08128113914 , 3.23014089383
-9.07616018269 , 5.55522090729
-9.07103922624 , 5.87583846457
-9.06591826979 , 3.75003613507
-9.06079731334 , 1.76917741102
-9.05567635688 , 1.59813119034
-9.05055540043 , 2.49325378756
-9.04543444398 , 2.74864839678
-9.04031348753 , 1.8330672405
-9.03519253108 , 0.825084042487
-9.03007157463 , 0.672485320261
-9.02495061818 , 1.60356923415
-9.01982966173 , 3.51056752742
-9.01470870527 , 5.73012260393
-9.00958774882 , 7.6382833796
-9.00446679237 , 9.75987184304
-8.99934583592 , 13.0532343041
-8.99422487947 , 17.6083356946
-8.98910392302 , 21.320833019
-8.98398296657 , 19.9762156524
-8.97886201011 , 12.8814608805
-8.97374105366 , 5.35784344602
-8.96862009721 , 1.39651889629
-8.96349914076 , 0.249382736779
-8.95837818431 , 0.284815317183
-8.95325722786 , 1.63860998335
-8.94813627141 , 6.08686386146
-8.94301531496 , 13.7704909909
-8.9378943585 , 20.2282390358
-8.93277340205 , 22.4730838879
-8.9276524456 , 21.9992672475
-8.92253148915 , 17.8406199295
-8.9174105327 , 10.55939563
-8.91228957625 , 5.36522353055
-8.9071686198 , 3.90828943613
-8.90204766334 , 4.03947640757
-8.89692670689 , 5.54932493084
-8.89180575044 , 11.0110965148
-8.88668479399 , 23.3479014801
-8.88156383754 , 39.8955386981
-8.87644288109 , 46.5720320276
-8.87132192464 , 34.2530638101
-8.86620096819 , 15.3882009664
-8.86108001173 , 4.18273039437
-8.85595905528 , 0.695466076214
-8.85083809883 , 0.16093111377
-8.84571714238 , 0.55287792604
-8.84059618593 , 1.95217905362
-8.83547522948 , 4.33078420869
-8.83035427303 , 6.50201388202
-8.82523331657 , 7.47483218143
-8.82011236012 , 6.93134629415
-8.81499140367 , 4.77532282021
-8.80987044722 , 2.5924693942
-8.80474949077 , 3.28338795399
-8.79962853432 , 9.09846333737
-8.79450757787 , 17.8122051007
-8.78938662142 , 21.0086467677
-8.78426566496 , 15.1170151103
-8.77914470851 , 7.70240768415
-8.77402375206 , 5.69876828664
-8.76890279561 , 7.88421867714
-8.76378183916 , 8.76942638414
-8.75866088271 , 5.98920544034
-8.75353992626 , 2.43181355291
-8.7484189698 , 0.584793060856
-8.74329801335 , 0.0832439217874
-8.7381770569 , 0.0070178645815
-8.73305610045 , 0.0005129630283
-8.727935144 , 0.00378643692674
-8.72281418755 , 0.0523983699532
-8.7176932311 , 0.435187002347
-8.71257227465 , 2.16125116109
-8.70745131819 , 6.43194882084
-8.70233036174 , 11.6087817915
-8.69720940529 , 13.2432765968
-8.69208844884 , 10.6401604464
-8.68696749239 , 7.11078048773
-8.68184653594 , 4.46668491225
-8.67672557949 , 3.64042733495
-8.67160462303 , 5.74843574633
-8.66648366658 , 11.1499638819
-8.66136271013 , 18.2891116117
-8.65624175368 , 23.1542244563
-8.65112079723 , 23.7943816269
-8.64599984078 , 22.6578400998
-8.64087888433 , 23.7877148331
-8.63575792788 , 27.3405305726
-8.63063697142 , 26.586044227
-8.62551601497 , 18.8602935054
-8.62039505852 , 12.6013866346
-8.61527410207 , 14.8437491596
-8.61015314562 , 20.4581375202
-8.60503218917 , 20.8410252797
-8.59991123272 , 16.0360586047
-8.59479027626 , 10.0629362654
-8.58966931981 , 4.93896988642
-8.58454836336 , 2.15281078625
-8.57942740691 , 2.04908131723
-8.57430645046 , 3.8223553567
-8.56918549401 , 6.1681284136
-8.56406453756 , 6.7950624024
-8.55894358111 , 4.8427181625
-8.55382262465 , 2.90791152481
-8.5487016682 , 3.44669627785
-8.54358071175 , 5.40672639037
-8.5384597553 , 5.72832961879
-8.53333879885 , 3.95616387432
-8.5282178424 , 2.98270274455
-8.52309688595 , 4.60994596317
-8.51797592949 , 7.24928748827
-8.51285497304 , 8.23870245102
-8.50773401659 , 7.36493020915
-8.50261306014 , 6.5333099207
-8.49749210369 , 6.15107261182
-8.49237114724 , 5.25661559031
-8.48725019079 , 5.30725268479
-8.48212923434 , 8.28592758125
-8.47700827788 , 12.5868711564
-8.47188732143 , 17.0585616613
-8.46676636498 , 23.0267900985
-8.46164540853 , 26.4634178858
-8.45652445208 , 21.5384495316
-8.45140349563 , 11.6271408053
-8.44628253918 , 4.08372692327
-8.44116158272 , 0.935725259707
-8.43604062627 , 0.323612826679
-8.43091966982 , 1.2053388465
-8.42579871337 , 4.51811518152
-8.42067775692 , 10.8871340585
-8.41555680047 , 17.8107996473
-8.41043584402 , 21.4646220215
-8.40531488757 , 19.6625532571
-8.40019393111 , 13.0235739903
-8.39507297466 , 6.45728525054
-8.38995201821 , 5.16766222098
-8.38483106176 , 9.35341448089
-8.37971010531 , 13.7251001503
-8.37458914886 , 13.7357583737
-8.36946819241 , 12.9826807738
-8.36434723595 , 15.711042411
-8.3592262795 , 17.5199569273
-8.35410532305 , 13.9603542051
-8.3489843666 , 8.2364035467
-8.34386341015 , 4.1699738706
-8.3387424537 , 1.83593819054
-8.33362149725 , 0.595371361901
-8.3285005408 , 0.124097770131
-8.32337958434 , 0.0157493401838
-8.31825862789 , 0.00195720581179
-8.31313767144 , 0.0100921738745
-8.30801671499 , 0.0774528432157
-8.30289575854 , 0.353662580166
-8.29777480209 , 0.955802792787
-8.29265384564 , 1.52885790765
-8.28753288918 , 1.44739801531
-8.28241193273 , 0.811269770959
-8.27729097628 , 0.273876052143
-8.27217001983 , 0.106845085701
-8.26704906338 , 0.357606110091
-8.26192810693 , 1.35304131294
-8.25680715048 , 3.08095197136
-8.25168619403 , 4.15390048679
-8.24656523757 , 3.32128726812
-8.24144428112 , 1.62974078313
-8.23632332467 , 0.777368376827
-8.23120236822 , 1.12912065989
-8.22608141177 , 1.95215276837
-8.22096045532 , 2.13066689633
-8.21583949887 , 1.48362082028
-8.21071854241 , 1.1595945516
-8.20559758596 , 2.14680460064
-8.20047662951 , 3.8304922853
-8.19535567306 , 4.26209433517
-8.19023471661 , 2.95173908937
-8.18511376016 , 1.89883687831
-8.17999280371 , 2.99597857443
-8.17487184726 , 6.9291436858
-8.1697508908 , 13.6231813123
-8.16462993435 , 19.8442922844
-8.1595089779 , 19.2345927042
-8.15438802145 , 11.6468060423
-8.149267065 , 4.30151930654
-8.14414610855 , 1.05248186292
-8.1390251521 , 0.784503081753
-8.13390419564 , 2.63473906263
-8.12878323919 , 6.21066879609
-8.12366228274 , 8.69851559331
-8.11854132629 , 7.22197647934
-8.11342036984 , 3.66606655987
-8.10829941339 , 1.91731978454
-8.10317845694 , 4.05601266336
-8.09805750049 , 10.6145321648
-8.09293654403 , 18.0128114339
-8.08781558758 , 18.8760420646
-8.08269463113 , 12.0878338753
-8.07757367468 , 4.75918486083
-8.07245271823 , 1.63909271992
-8.06733176178 , 2.5738119627
-8.06221080533 , 6.54064998481
-8.05708984887 , 10.8825466079
-8.05196889242 , 11.5321654297
-8.04684793597 , 8.33703238759
-8.04172697952 , 5.91598192221
-8.03660602307 , 8.14482658301
-8.03148506662 , 13.9348524027
-8.02636411017 , 19.3086081974
-8.02124315372 , 21.9219720326
-8.01612219726 , 19.7835928111
-8.01100124081 , 12.7270003955
-8.00588028436 , 6.04025171518
-8.00075932791 , 4.39724084316
-7.99563837146 , 6.62163729468
-7.99051741501 , 8.006490672
-7.98539645856 , 6.14641927904
-7.9802755021 , 4.05355445002
-7.97515454565 , 6.747565129
-7.9700335892 , 16.1029067152
-7.96491263275 , 25.3931857819
-7.9597916763 , 24.5489430995
-7.95467071985 , 16.3178633045
-7.9495497634 , 11.4801111862
-7.94442880695 , 13.1607374888
-7.93930785049 , 19.5163743089
-7.93418689404 , 27.3848029415
-7.92906593759 , 30.731511586
-7.92394498114 , 26.9793185037
-7.91882402469 , 20.4391121382
-7.91370306824 , 14.9728126861
-7.90858211179 , 12.5782837954
-7.90346115533 , 16.7923668563
-7.89834019888 , 25.3290773609
-7.89321924243 , 27.9133006789
-7.88809828598 , 20.1593862947
-7.88297732953 , 9.37948316049
-7.87785637308 , 2.79433766777
-7.87273541663 , 0.564764752747
-7.86761446018 , 0.440509975958
-7.86249350372 , 2.29191208174
-7.85737254727 , 8.31009825541
-7.85225159082 , 18.2022310521
-7.84713063437 , 24.1646921294
-7.84200967792 , 19.5550916509
-7.83688872147 , 9.69952404851
-7.83176776502 , 2.96267694815
-7.82664680856 , 0.583080175895
-7.82152585211 , 0.321568211302
-7.81640489566 , 1.54063778077
-7.81128393921 , 5.49531450803
-7.80616298276 , 11.8888254202
-7.80104202631 , 16.4134419834
-7.79592106986 , 17.9493764507
-7.79080011341 , 22.2228448402
-7.78567915695 , 27.8869574159
-7.7805582005 , 25.045531974
-7.77543724405 , 14.1790030248
-7.7703162876 , 5.61324629377
-7.76519533115 , 4.48225574843
-7.7600743747 , 10.5202722415
-7.75495341825 , 22.8144899707
-7.74983246179 , 36.7456558203
-7.74471150534 , 42.5526442511
-7.73959054889 , 37.6431725423
-7.73446959244 , 30.2610897135
-7.72934863599 , 23.3039671519
-7.72422767954 , 14.3386049557
-7.71910672309 , 5.99439249324
-7.71398576664 , 1.60667305586
-7.70886481018 , 0.479818429694
-7.70374385373 , 1.42308935309
-7.69862289728 , 5.43138142792
-7.69350194083 , 13.1540013583
-7.68838098438 , 19.9941033108
-7.68326002793 , 19.1158944011
-7.67813907148 , 11.7700011714
-7.67301811502 , 6.30630895077
-7.66789715857 , 7.68831561904
-7.66277620212 , 13.8774321127
-7.65765524567 , 18.4540203997
-7.65253428922 , 16.7922256548
-7.64741333277 , 10.8789199423
-7.64229237632 , 5.31459334399
-7.63717141987 , 2.04550599722
-7.63205046341 , 1.09626355052
-7.62692950696 , 3.32335672771
-7.62180855051 , 11.3816023984
-7.61668759406 , 24.6422894799
-7.61156663761 , 33.099992862
-7.60644568116 , 27.8165417471
-7.60132472471 , 14.9928625648
-7.59620376825 , 5.68131990461
-7.5910828118 , 1.88311220871
-7.58596185535 , 0.617879587672
-7.5808408989 , 0.163572040151
-7.57571994245 , 0.0284383769336
-7.570598986 , 0.00311261322017
-7.56547802955 , 0.00274765905046
-7.5603570731 , 0.03679103227
-7.55523611664 , 0.319910291619
-7.55011516019 , 1.71716554515
-7.54499420374 , 5.8770002613
-7.53987324729 , 13.3524948242
-7.53475229084 , 20.7275508641
-7.52963133439 , 21.9974941318
-7.52451037794 , 16.1320805595
-7.51938942148 , 10.4821047952
-7.51426846503 , 12.1070373005
-7.50914750858 , 20.9791172151
-7.50402655213 , 30.2899178948
-7.49890559568 , 30.2884056415
-7.49378463923 , 20.3490498965
-7.48866368278 , 9.95450137918
-7.48354272633 , 4.77972141406
-7.47842176987 , 3.93505563394
-7.47330081342 , 5.91291913231
-7.46817985697 , 10.5591621608
-7.46305890052 , 18.1166912418
-7.45793794407 , 29.7467571105
-7.45281698762 , 42.1840395681
-7.44769603117 , 42.8884972621
-7.44257507471 , 28.1059958899
-7.43745411826 , 12.0571985123
-7.43233316181 , 4.57789173937
-7.42721220536 , 2.58664003455
-7.42209124891 , 2.25145408702
-7.41697029246 , 4.20615138536
-7.41184933601 , 9.42802068977
-7.40672837956 , 15.1433990641
-7.4016074231 , 16.9716101914
-7.39648646665 , 13.7043735542
-7.3913655102 , 7.79129462937
-7.38624455375 , 3.00084777454
-7.3811235973 , 1.26096898438
-7.37600264085 , 2.65978345921
-7.3708816844 , 7.49865631015
-7.36576072794 , 16.4207120936
-7.36063977149 , 30.1431007754
-7.35551881504 , 43.4810885355
-7.35039785859 , 42.926334326
-7.34527690214 , 27.0001241129
-7.34015594569 , 10.8925695267
-7.33503498924 , 3.18079825474
-7.32991403279 , 1.40278575535
-7.32479307633 , 2.19300004263
-7.31967211988 , 3.52785209276
-7.31455116343 , 4.31628854483
-7.30943020698 , 6.56715631534
-7.30430925053 , 13.5161300596
-7.29918829408 , 22.4642541238
-7.29406733763 , 25.5936706632
-7.28894638118 , 21.049125086
-7.28382542472 , 14.8072170786
-7.27870446827 , 12.3396305652
-7.27358351182 , 13.7987823627
-7.26846255537 , 14.452711469
-7.26334159892 , 12.7518867722
-7.25822064247 , 13.1914478805
-7.25309968602 , 15.7745013032
-7.24797872956 , 14.6130585657
-7.24285777311 , 8.77882526878
-7.23773681666 , 3.26985732268
-7.23261586021 , 0.753254890552
-7.22749490376 , 0.225321423754
-7.22237394731 , 0.828726493754
-7.21725299086 , 3.22249871089
-7.21213203441 , 7.49054843709
-7.20701107795 , 10.31430054
-7.2018901215 , 8.4777472037
-7.19676916505 , 4.51259827663
-7.1916482086 , 2.65497148928
-7.18652725215 , 3.0466609267
-7.1814062957 , 3.27863918597
-7.17628533925 , 2.65906687113
-7.17116438279 , 3.56042694503
-7.16604342634 , 8.47418882496
-7.16092246989 , 14.9929887433
-7.15580151344 , 16.1886805173
-7.15068055699 , 11.2360386531
-7.14555960054 , 8.2786148476
-7.14043864409 , 12.3094201489
-7.13531768764 , 17.9016627063
-7.13019673118 , 17.6479144259
-7.12507577473 , 14.6872078509
-7.11995481828 , 15.4390674063
-7.11483386183 , 16.579135143
-7.10971290538 , 13.6473200571
-7.10459194893 , 9.98681016492
-7.09947099248 , 8.56159927932
-7.09435003602 , 7.9191144208
-7.08922907957 , 8.46288759554
-7.08410812312 , 13.8478985626
-7.07898716667 , 22.7831921539
-7.07386621022 , 26.3104222268
-7.06874525377 , 20.3329625434
-7.06362429732 , 12.7651435329
-7.05850334087 , 13.6804263747
-7.05338238441 , 24.5906476078
-7.04826142796 , 34.1091997343
-7.04314047151 , 30.8071955518
-7.03801951506 , 19.5745428055
-7.03289855861 , 10.2016041336
-7.02777760216 , 5.35386893498
-7.02265664571 , 5.19919845807
-7.01753568925 , 8.88930651891
-7.0124147328 , 13.4784373667
-7.00729377635 , 15.8065281889
-7.0021728199 , 13.9276313334
-6.99705186345 , 8.58043498537
-6.991930907 , 3.43644083847
-6.98680995055 , 0.857194173897
-6.9816889941 , 0.173249442541
-6.97656803764 , 0.40125546827
-6.97144708119 , 2.06752315365
-6.96632612474 , 6.79220268956
-6.96120516829 , 14.2018282606
-6.95608421184 , 19.4315000013
-6.95096325539 , 17.9037951088
-6.94584229894 , 12.6900377935
-6.94072134248 , 12.4519769531
-6.93560038603 , 19.6338814034
-6.93047942958 , 24.5408800258
-6.92535847313 , 19.6211476305
-6.92023751668 , 13.5947789145
-6.91511656023 , 19.4446777591
-6.90999560378 , 35.6248656776
-6.90487464733 , 45.1978339863
-6.89975369087 , 37.3883623997
-6.89463273442 , 20.8544406191
-6.88951177797 , 8.17427722467
-6.88439082152 , 3.21562755092
-6.87926986507 , 4.45993563271
-6.87414890862 , 8.77553075338
-6.86902795217 , 11.0163431435
-6.86390699571 , 8.39530125027
-6.85878603926 , 4.78355064268
-6.85366508281 , 4.821010827
-6.84854412636 , 7.71637135527
-6.84342316991 , 8.75949458176
-6.83830221346 , 6.02666814819
-6.83318125701 , 2.87403037939
-6.82806030056 , 3.0298668506
-6.8229393441 , 7.87401947205
-6.81781838765 , 14.7547235322
-6.8126974312 , 17.1788699745
-6.80757647475 , 14.8139787735
-6.8024555183 , 15.3417946165
-6.79733456185 , 19.3607443736
-6.7922136054 , 18.8190908737
-6.78709264894 , 12.6718610466
-6.78197169249 , 7.85253364489
-6.77685073604 , 7.54162894808
-6.77172977959 , 8.54842311286
-6.76660882314 , 6.97039515308
-6.76148786669 , 3.51313489651
-6.75636691024 , 1.06339706624
-6.75124595379 , 0.255067181508
-6.74612499733 , 0.581837442099
-6.74100404088 , 2.86484956444
-6.73588308443 , 8.70634603048
-6.73076212798 , 15.8250517166
-6.72564117153 , 17.3979288198
-6.72052021508 , 12.338016708
-6.71539925863 , 7.38800918433
-6.71027830217 , 5.51053670805
-6.70515734572 , 4.32226982525
-6.70003638927 , 3.6148352194
-6.69491543282 , 5.67596439249
-6.68979447637 , 9.93827970504
-6.68467351992 , 12.3939357597
-6.67955256347 , 11.9522162419
-6.67443160702 , 10.6447125165
-6.66931065056 , 8.07827798507
-6.66418969411 , 4.31093620844
-6.65906873766 , 1.96242226658
-6.65394778121 , 2.66017029634
-6.64882682476 , 5.74912405515
-6.64370586831 , 8.08521784522
-6.63858491186 , 6.76242434799
-6.6334639554 , 3.34884637358
-6.62834299895 , 0.990127750426
-6.6232220425 , 0.266503629761
-6.61810108605 , 0.637300882268
-6.6129801296 , 2.36361129323
-6.60785917315 , 5.33942940366
-6.6027382167 , 7.18351036001
-6.59761726025 , 5.84871982638
-6.59249630379 , 3.23009668962
-6.58737534734 , 2.48597998978
-6.58225439089 , 4.54906528358
-6.57713343444 , 7.32087160665
-6.57201247799 , 7.2814669813
-6.56689152154 , 4.30928862946
-6.56177056509 , 1.52850276688
-6.55664960863 , 0.448462240447
-6.55152865218 , 0.608021780679
-6.54640769573 , 1.44275717222
-6.54128673928 , 2.36422615618
-6.53616578283 , 3.63335013536
-6.53104482638 , 8.42252227298
-6.52592386993 , 19.8020007406
-6.52080291348 , 31.5749658186
-6.51568195702 , 31.1454913256
-6.51056100057 , 18.8089329149
-6.50544004412 , 7.10016301998
-6.50031908767 , 2.09414192052
-6.49519813122 , 1.61780040921
-6.49007717477 , 2.56243683137
-6.48495621832 , 3.01253666328
-6.47983526186 , 3.41024753062
-6.47471430541 , 6.5196200458
-6.46959334896 , 12.4580245081
-6.46447239251 , 15.3550544669
-6.45935143606 , 11.3119233585
-6.45423047961 , 4.93754681368
-6.44910952316 , 1.27854440838
-6.44398856671 , 0.247131359012
-6.43886761025 , 0.577252089239
-6.4337466538 , 3.56788051828
-6.42862569735 , 13.4877843126
-6.4235047409 , 30.2740961604
-6.41838378445 , 40.3693725252
-6.413262828 , 32.0332534949
-6.40814187155 , 15.2217316926
-6.40302091509 , 4.48700616096
-6.39789995864 , 0.984436830831
-6.39277900219 , 0.251216421612
-6.38765804574 , 0.0754506060098
-6.38253708929 , 0.0374702425308
-6.37741613284 , 0.25758036764
-6.37229517639 , 1.86151484437
-6.36717421994 , 8.27895903929
-6.36205326348 , 22.8117709637
-6.35693230703 , 39.5859171956
-6.35181135058 , 43.8173245444
-6.34669039413 , 31.0354059458
-6.34156943768 , 13.9597329412
-6.33644848123 , 3.97416127163
-6.33132752478 , 0.909688829667
-6.32620656832 , 0.675927257895
-6.32108561187 , 0.938589917216
-6.31596465542 , 0.854032592402
-6.31084369897 , 0.461972649795
-6.30572274252 , 0.148396988405
-6.30060178607 , 0.0378932258293
-6.29548082962 , 0.124127488224
-6.29035987317 , 0.878857402011
-6.28523891671 , 3.77682341168
-6.28011796026 , 9.60850503852
-6.27499700381 , 14.4679277132
-6.26987604736 , 12.8944653754
-6.26475509091 , 6.81461880258
-6.25963413446 , 2.25486915101
-6.25451317801 , 1.14732323152
-6.24939222155 , 2.69148869498
-6.2442712651 , 6.05382019555
-6.23915030865 , 10.3200698918
-6.2340293522 , 15.6249214541
-6.22890839575 , 22.8162832453
-6.2237874393 , 31.6888293559
-6.21866648285 , 37.3244822343
-6.2135455264 , 31.4702076688
-6.20842456994 , 17.7607282869
-6.20330361349 , 9.77653337777
-6.19818265704 , 12.0065933632
-6.19306170059 , 16.594486389
-6.18794074414 , 14.8714862258
-6.18281978769 , 8.08986494811
-6.17769883124 , 2.67205217449
-6.17257787478 , 0.539029539129
-6.16745691833 , 0.0667876100491
-6.16233596188 , 0.00542943700174
-6.15721500543 , 0.00604185102403
-6.15209404898 , 0.0600521378795
-6.14697309253 , 0.367815862418
-6.14185213608 , 1.33425730343
-6.13673117963 , 2.87916310484
-6.13161022317 , 3.85057096597
-6.12648926672 , 4.26887334317
-6.12136831027 , 7.66762605779
-6.11624735382 , 16.3826543548
-6.11112639737 , 23.8260695292
-6.10600544092 , 21.0379082263
-6.10088448447 , 11.399550124
-6.09576352801 , 5.19950532518
-6.09064257156 , 7.67838674349
-6.08552161511 , 19.2320911511
-6.08040065866 , 33.1465028797
-6.07527970221 , 36.1857736569
-6.07015874576 , 24.9631548651
-6.06503778931 , 11.6859157842
-6.05991683286 , 6.89132737875
-6.0547958764 , 9.35152576225
-6.04967491995 , 11.4239271378
-6.0445539635 , 8.61017272386
-6.03943300705 , 3.92642784496
-6.0343120506 , 1.69871331444
-6.02919109415 , 3.69943396187
-6.0240701377 , 11.0385853744
-6.01894918124 , 20.5302965851
-6.01382822479 , 23.1363015873
-6.00870726834 , 17.7926871989
-6.00358631189 , 17.2513129661
-5.99846535544 , 30.3179496386
-5.99334439899 , 48.2569521655
-5.98822344254 , 55.5620878248
-5.98310248609 , 48.3944716384
-5.97798152963 , 32.9074537427
-5.97286057318 , 16.705464249
-5.96773961673 , 5.95884297842
-5.96261866028 , 1.50881983993
-5.95749770383 , 0.315040066966
-5.95237674738 , 0.0641560739825
-5.94725579093 , 0.0112570992058
-5.94213483447 , 0.00135661937011
-5.93701387802 , 0.000100955474036
-5.93189292157 , 4.5223675782e-06
-5.92677196512 , 1.99274831584e-06
-5.92165100867 , 7.73926362678e-05
-5.91653005222 , 0.00190848718993
-5.91140909577 , 0.028123555479
-5.90628813932 , 0.247790044993
-5.90116718286 , 1.3058802198
-5.89604622641 , 4.11727234421
-5.89092526996 , 7.76576931505
-5.88580431351 , 8.76016697791
-5.88068335706 , 5.90730859858
-5.87556240061 , 2.37981040024
-5.87044144416 , 0.572724210928
-5.8653204877 , 0.0917248724044
-5.86019953125 , 0.143099847861
-5.8550785748 , 1.15108095746
-5.84995761835 , 5.83071901764
-5.8448366619 , 17.7249203836
-5.83971570545 , 32.357584022
-5.834594749 , 35.4954334379
-5.82947379255 , 23.4146920489
-5.82435283609 , 9.34143399657
-5.81923187964 , 2.40769640502
-5.81411092319 , 0.79411168069
-5.80898996674 , 1.32332646951
-5.80386901029 , 3.10916589825
-5.79874805384 , 4.92457793765
-5.79362709739 , 4.7197234825
-5.78850614093 , 2.68810764514
-5.78338518448 , 0.914022280534
-5.77826422803 , 0.278746980644
-5.77314327158 , 0.782764016855
-5.76802231513 , 3.53656174034
-5.76290135868 , 9.79879881596
-5.75778040223 , 16.250773296
-5.75265944578 , 16.2868970092
-5.74753848932 , 10.9232211139
-5.74241753287 , 9.53390291672
-5.73729657642 , 17.3464632873
-5.73217561997 , 26.9094995309
-5.72705466352 , 25.7871946774
-5.72193370707 , 15.5671441416
-5.71681275062 , 10.0242376562
-5.71169179416 , 16.6611173083
-5.70657083771 , 28.6447010389
-5.70144988126 , 31.2961886117
-5.69632892481 , 23.7313908568
-5.69120796836 , 22.7686958929
-5.68608701191 , 34.8285125525
-5.68096605546 , 42.7444248679
-5.67584509901 , 32.6000321775
-5.67072414255 , 15.5606892026
-5.6656031861 , 7.62216527935
-5.66048222965 , 10.9987193752
-5.6553612732 , 17.7414141665
-5.65024031675 , 17.8909412424
-5.6451193603 , 10.712675686
-5.63999840385 , 3.79719705159
-5.63487744739 , 0.796622530114
-5.62975649094 , 0.0989149355752
-5.62463553449 , 0.00726926900277
-5.61951457804 , 0.00031619333495
-5.61439362159 , 8.96432070861e-06
-5.60927266514 , 4.09221888703e-05
-5.60415170869 , 0.00119463637788
-5.59903075224 , 0.0207038260599
-5.59390979578 , 0.212366743614
-5.58878883933 , 1.28926746205
-5.58366788288 , 4.63255042284
-5.57854692643 , 9.85185284702
-5.57342596998 , 12.4004304011
-5.56830501353 , 9.23844729789
-5.56318405708 , 4.08419010465
-5.55806310062 , 1.20528908845
-5.55294214417 , 1.25812270336
-5.54782118772 , 5.01087370755
-5.54270023127 , 13.5653156003
-5.53757927482 , 21.9099874932
-5.53245831837 , 21.0669291885
-5.52733736192 , 12.0659758587
-5.52221640547 , 4.1190487628
-5.51709544901 , 0.838602683564
-5.51197449256 , 0.101889868805
-5.50685353611 , 0.00801420283891
-5.50173257966 , 0.0139950932965
-5.49661162321 , 0.177347203114
-5.49149066676 , 1.36975605365
-5.48636971031 , 6.3151212253
-5.48124875385 , 17.4266908704
-5.4761277974 , 28.9011296454
-5.47100684095 , 29.1451390092
-5.4658858845 , 19.1963313643
-5.46076492805 , 12.2575080052
-5.4556439716 , 13.4969967147
-5.45052301515 , 16.8422199142
-5.4454020587 , 16.5927607854
-5.44028110224 , 12.1112887904
-5.43516014579 , 6.12526638105
-5.43003918934 , 1.99458075261
-5.42491823289 , 0.399168122161
-5.41979727644 , 0.0480159806861
-5.41467631999 , 0.0034394654165
-5.40955536354 , 0.000150060857315
-5.40443440708 , 0.000168252068088
-5.39931345063 , 0.00411189103335
-5.39419249418 , 0.0608489734284
-5.38907153773 , 0.534107457059
-5.38395058128 , 2.79257324374
-5.37882962483 , 8.80632299723
-5.37370866838 , 17.3417789274
-5.36858771193 , 23.1532088913
-5.36346675547 , 23.7752221609
-5.35834579902 , 19.9019718242
-5.35322484257 , 12.486845042
-5.34810388612 , 5.31892608124
-5.34298292967 , 1.95817288102
-5.33786197322 , 2.90005279741
-5.33274101677 , 7.5064465907
-5.32762006031 , 12.4080700752
-5.32249910386 , 12.1738704421
-5.31737814741 , 7.07006426458
-5.31225719096 , 2.4304803072
-5.30713623451 , 0.499698472161
-5.30201527806 , 0.120162600931
-5.29689432161 , 0.416973690331
-5.29177336516 , 1.68893388782
-5.2866524087 , 4.41128056083
-5.28153145225 , 9.15293009886
-5.2764104958 , 20.5269708454
-5.27128953935 , 43.566730461
-5.2661685829 , 64.1790284031
-5.26104762645 , 58.8043919988
-5.25592667 , 34.9015470836
-5.25080571355 , 17.7615777184
-5.24568475709 , 12.0374505516
-5.24056380064 , 9.44479094177
-5.23544284419 , 6.72935167863
-5.23032188774 , 6.82419420636
-5.22520093129 , 15.7000930885
-5.22007997484 , 33.0715253726
-5.21495901839 , 43.331091288
-5.20983806193 , 33.929802358
-5.20471710548 , 16.4158641182
-5.19959614903 , 6.57925764966
-5.19447519258 , 5.5545105554
-5.18935423613 , 8.03642421609
-5.18423327968 , 9.16039699713
-5.17911232323 , 6.68853452633
-5.17399136678 , 2.96596069161
-5.16887041032 , 0.785038107095
-5.16374945387 , 0.123317618894
-5.15862849742 , 0.0114752525873
-5.15350754097 , 0.000632182054461
-5.14838658452 , 2.06149030684e-05
-5.14326562807 , 3.97880649787e-07
-5.13814467162 , 4.54514886763e-09
-5.13302371516 , 3.07301310719e-11
-5.12790275871 , 1.2297046969e-13
-5.12278180226 , 2.91244065597e-16
-5.11766084581 , 4.08256474046e-19
-5.11253988936 , 3.38710600632e-22
-5.10741893291 , 1.66319896574e-25
-5.10229797646 , 6.08583566546e-29
-5.09717702001 , 4.80074420635e-26
-5.09205606355 , 1.08939188033e-22
-5.0869351071 , 1.46311942861e-19
-5.08181415065 , 1.16304207492e-16
-5.0766931942 , 5.47181116357e-14
-5.07157223775 , 1.5236558497e-11
-5.0664512813 , 2.5110948072e-09
-5.06133032485 , 2.44940830981e-07
-5.05620936839 , 1.41412247431e-05
-5.05108841194 , 0.000483243017821
-5.04596745549 , 0.00977693323714
-5.04084649904 , 0.117232164255
-5.03572554259 , 0.836744667846
-5.03060458614 , 3.6197191126
-5.02548362969 , 10.159459238
-5.02036267324 , 22.2878902107
-5.01524171678 , 46.6772447466
-5.01012076033 , 83.9277084795
-5.00499980388 , 103.397650145
-4.99987884743 , 78.6995609731
-4.99475789098 , 37.6038324799
-4.98963693453 , 20.1057987349
-4.98451597808 , 34.3476738048
-4.97939502162 , 60.7426453689
-4.97427406517 , 66.2337928784
-4.96915310872 , 42.8530510796
-4.96403215227 , 16.4751628417
-4.95891119582 , 3.89403644664
-4.95379023937 , 0.749502455964
-4.94866928292 , 0.404701626712
-4.94354832647 , 1.80315277373
-4.93842737001 , 10.0495750429
-4.93330641356 , 34.775874737
-4.92818545711 , 71.3885190518
-4.92306450066 , 86.7453031247
-4.91794354421 , 62.3857521088
-4.91282258776 , 26.5548922221
-4.90770163131 , 6.68995581089
-4.90258067485 , 0.997519808115
-4.8974597184 , 0.088031759172
-4.89233876195 , 0.00459808299305
-4.8872178055 , 0.000142145725333
-4.88209684905 , 2.60082047216e-06
-4.8769758926 , 2.81647901045e-08
-4.87185493615 , 1.80518716091e-10
-4.8667339797 , 6.84790183239e-13
-4.86161302324 , 1.53749031505e-15
-4.85649206679 , 2.04308683107e-18
-4.85137111034 , 1.60687033514e-21
-4.84625015389 , 7.47987628475e-25
-4.84112919744 , 2.06076072768e-28
-4.83600824099 , 3.36031740095e-32
-4.83088728454 , 3.24336248695e-36
-4.82576632808 , 5.05552497142e-40
-4.82064537163 , 3.23549355395e-40
-4.81552441518 , 3.23549355395e-40
-4.81040345873 , 3.23549355395e-40
-4.80528250228 , 3.23549355395e-40
-4.80016154583 , 3.23549355395e-40
-4.79504058938 , 3.23549355395e-40
-4.78991963293 , 3.23549355395e-40
-4.78479867647 , 4.64484990588e-39
-4.77967772002 , 6.44137912208e-35
-4.77455676357 , 5.67812306812e-31
-4.76943580712 , 2.96246146155e-27
-4.76431485067 , 9.14787936074e-24
-4.75919389422 , 1.67189099565e-20
-4.75407293777 , 1.80848661893e-17
-4.74895198131 , 1.15782374362e-14
-4.74383102486 , 4.38722000913e-12
-4.73871006841 , 9.83911840269e-10
-4.73358911196 , 1.30599877753e-07
-4.72846815551 , 1.02600426123e-05
-4.72334719906 , 0.000477062598098
-4.71822624261 , 0.0131286897046
-4.71310528616 , 0.213839144936
-4.7079843297 , 2.06145018563
-4.70286337325 , 11.7619218734
-4.6977424168 , 39.7194792697
-4.69262146035 , 79.3868577154
-4.6875005039 , 93.9103562356
-4.68237954745 , 65.7503658748
-4.677258591 , 27.2459948122
-4.67213763454 , 6.68231547724
-4.66701667809 , 0.969998562124
-4.66189572164 , 0.0833364541009
-4.65677476519 , 0.00423764267695
-4.65165380874 , 0.000131858790002
-4.64653285229 , 0.000206027279068
-4.64141189584 , 0.00569999706536
-4.63629093939 , 0.0948723427255
-4.63116998293 , 0.94199393414
-4.62604902648 , 5.60041787568
-4.62092807003 , 20.0388145367
-4.61580711358 , 43.4350661215
-4.61068615713 , 57.4681643506
-4.60556520068 , 46.7687293413
-4.60044424423 , 23.5712352238
-4.59532328777 , 7.67957149274
-4.59020233132 , 4.47819915216
-4.58508137487 , 17.3462834152
-4.57996041842 , 57.1860442156
-4.57483946197 , 112.636703049
-4.56971850552 , 131.335506427
-4.56459754907 , 90.6585867036
-4.55947659262 , 37.3618750256
-4.55435563616 , 11.9914423186
-4.54923467971 , 17.3179239418
-4.54411372326 , 50.1516902388
-4.53899276681 , 92.4277712654
-4.53387181036 , 101.027742952
-4.52875085391 , 65.4012841275
-4.52362989746 , 25.3981507698
-4.518508941 , 7.55962229528
-4.51338798455 , 6.42730623559
-4.5082670281 , 10.1258175926
-4.50314607165 , 10.5850503738
-4.4980251152 , 6.59408518549
-4.49290415875 , 2.5829480361
-4.4877832023 , 2.0586126415
-4.48266224585 , 8.83156002021
-4.47754128939 , 29.7114565484
-4.47242033294 , 59.599893818
-4.46729937649 , 70.7716486062
-4.46217842004 , 49.738690446
-4.45705746359 , 20.6894519911
-4.45193650714 , 5.0935807893
-4.44681555069 , 0.742193215432
-4.44169459423 , 0.0640074213029
-4.43657363778 , 0.003267106198
-4.43145268133 , 9.86996793812e-05
-4.42633172488 , 1.76476873856e-06
-4.42121076843 , 1.86758093495e-08
-4.41608981198 , 1.1697434752e-10
-4.41096885553 , 4.33632076971e-13
-4.40584789908 , 9.51418823919e-16
-4.40072694262 , 1.23549686717e-18
-4.39560598617 , 9.49579055572e-22
-4.39048502972 , 4.31956660826e-25
-4.38536407327 , 1.16297075368e-28
-4.38024311682 , 1.85317737129e-32
-4.37512216037 , 1.74809273879e-36
-4.37000120392 , 4.18456051565e-40
-4.36488024746 , 3.23549355395e-40
-4.35975929101 , 3.23549355395e-40
-4.35463833456 , 3.23549355395e-40
-4.34951737811 , 3.23549355395e-40
-4.34439642166 , 3.23549355395e-40
-4.33927546521 , 3.23549355395e-40
-4.33415450876 , 3.23549355395e-40
-4.32903355231 , 3.23549355395e-40
-4.32391259585 , 3.23549355395e-40
-4.3187916394 , 3.23549355395e-40
-4.31367068295 , 3.23549355395e-40
-4.3085497265 , 3.23549355395e-40
-4.30342877005 , 3.23549355395e-40
-4.2983078136 , 3.23549355395e-40
-4.29318685715 , 3.23549355395e-40
-4.28806590069 , 3.23549355395e-40
-4.28294494424 , 3.23549355395e-40
-4.27782398779 , 3.23549355395e-40
-4.27270303134 , 1.63355681691e-39
-4.26758207489 , 2.09085996291e-35
-4.26246111844 , 1.9694422023e-31
-4.25734016199 , 1.09796305662e-27
-4.25221920554 , 3.62286180969e-24
-4.24709824908 , 7.07514528757e-21
-4.24197729263 , 8.17783811382e-18
-4.23685633618 , 5.59449910306e-15
-4.23173537973 , 2.26518387177e-12
-4.22661442328 , 5.42831780407e-10
-4.22149346683 , 7.69921812189e-08
-4.21637251038 , 6.46319909185e-06
-4.21125155392 , 0.000321120474924
-4.20613059747 , 0.00944295703302
-4.20100964102 , 0.164349195491
-4.19588868457 , 1.6929600279
-4.19076772812 , 10.3215608839
-4.18564677167 , 37.2446250043
-4.18052581522 , 79.5428936689
-4.17540485877 , 100.544592632
-4.17028390231 , 75.2203941008
-4.16516294586 , 33.3067335607
-4.16004198941 , 8.72866918437
-4.15492103296 , 1.35389061594
-4.14980007651 , 0.124290716222
-4.14467912006 , 0.00675380017811
-4.13955816361 , 0.000255686821913
-4.13443720715 , 0.00162249582847
-4.1293162507 , 0.0402498757564
-4.12419529425 , 0.592477583364
-4.1190743378 , 5.16177887729
-4.11395338135 , 26.6162250998
-4.1088324249 , 81.2293760303
-4.10371146845 , 146.723394227
-4.098590512 , 156.85746963
-4.09346955554 , 99.2500275778
-4.08834859909 , 37.1685534252
-4.08322764264 , 8.23835065938
-4.07810668619 , 1.08074809697
-4.07298572974 , 0.0839128124099
-4.06786477329 , 0.00385612999636
-4.06274381684 , 0.000104880475326
-4.05762286038 , 1.68832953983e-06
-4.05250190393 , 1.60856784468e-08
-4.04738094748 , 9.07070698945e-11
-4.04225999103 , 3.02745942884e-13
-4.03713903458 , 7.14502871144e-15
-4.03201807813 , 2.29654248139e-12
-4.02689712168 , 4.7678677219e-10
-4.02177616523 , 5.85859641307e-08
-4.01665520877 , 4.26071515894e-06
-4.01153425232 , 0.00018339646398
-4.00641329587 , 0.00467217338404
-4.00129233942 , 0.0704476451871
-3.99617138297 , 0.628685649391
-3.99105042652 , 3.32062742191
-3.98592947007 , 10.3806916174
-3.98080851361 , 19.2066651791
-3.97568755716 , 21.0328041697
-3.97056660071 , 13.6320737671
-3.96544564426 , 5.22933197786
-3.96032468781 , 1.18727148072
-3.95520373136 , 0.159541398565
-3.95008277491 , 0.0126886754869
-3.94496181846 , 0.000597281031538
-3.939840862 , 1.66402823636e-05
-3.93471990555 , 2.74386164821e-07
-3.9295989491 , 2.68092357375e-09
-3.92447799265 , 7.22333954775e-10
-3.9193570362 , 9.5639783581e-08
-3.91423607975 , 7.65877396473e-06
-3.9091151233 , 0.00036299447465
-3.90399416684 , 0.0101826456562
-3.89887321039 , 0.1690600926
-3.89375225394 , 1.66127462995
-3.88863129749 , 9.66188120046
-3.88351034104 , 33.2585343634
-3.87838938459 , 67.7620722506
-3.87326842814 , 81.784869907
-3.86814747169 , 59.3056536489
-3.86302651523 , 31.8548611855
-3.85790555878 , 37.1795409275
-3.85278460233 , 79.7460505228
-3.84766364588 , 118.652877401
-3.84254268943 , 105.557741213
-3.83742173298 , 55.6135587995
-3.83230077653 , 17.3422747769
-3.82717982007 , 3.20075183585
-3.82205886362 , 0.349637237506
-3.81693790717 , 0.0226049237114
-3.81181695072 , 0.000864984045201
-3.80669599427 , 1.95899288212e-05
-3.80157503782 , 2.6284447667e-07
-3.79645408137 , 3.70953494967e-08
-3.79133312492 , 2.84481204547e-06
-3.78621216846 , 0.000136806127841
-3.78109121201 , 0.00389384404381
-3.77597025556 , 0.0655950537425
-3.77084929911 , 0.654008161272
-3.76572834266 , 3.85935545678
-3.76060738621 , 13.4792562269
-3.75548642976 , 27.8635606944
-3.7503654733 , 34.0899870512
-3.74524451685 , 24.6851968514
-3.7401235604 , 10.5795181994
-3.73500260395 , 2.68358108264
-3.7298816475 , 0.402886847761
-3.72476069105 , 0.0357990082147
-3.7196397346 , 0.0018826883556
-3.71451877815 , 5.86010522847e-05
-3.70939782169 , 1.07957278853e-06
-3.70427686524 , 1.17711252432e-08
-3.69915590879 , 7.5963255512e-11
-3.69403495234 , 2.90201830325e-13
-3.68891399589 , 3.78860277804e-14
-3.68379303944 , 1.34256280665e-11
-3.67867208299 , 2.86546296008e-09
-3.67355112653 , 3.61972940815e-07
-3.66843017008 , 2.7063311542e-05
-3.66330921363 , 0.00119761215537
-3.65818825718 , 0.0313690579808
-3.65306730073 , 0.486398681457
-3.64794634428 , 4.46628691092
-3.64282538783 , 24.3114266907
-3.63770443138 , 78.6755718495
-3.63258347492 , 152.586154621
-3.62746251847 , 181.162795751
-3.62234156202 , 138.458647328
-3.61722060557 , 74.4720392754
-3.61209964912 , 30.5475332801
-3.60697869267 , 9.38290830888
-3.60185773622 , 1.96552309508
-3.59673677976 , 0.259739908117
-3.59161582331 , 0.0208244413435
-3.58649486686 , 0.000997137279402
-3.58137391041 , 2.83503076016e-05
-3.57625295396 , 4.77613321843e-07
-3.57113199751 , 4.76420024686e-09
-3.56601104106 , 2.81310024281e-11
-3.56089008461 , 9.8315523289e-14
-3.55576912815 , 2.03369862559e-16
-3.5506481717 , 2.48985324858e-19
-3.54552721525 , 1.8041881056e-22
-3.5404062588 , 7.73766947445e-26
-3.53528530235 , 1.96407745696e-29
-3.5301643459 , 2.95071405414e-33
-3.52504338945 , 3.6777507688e-36
-3.51992243299 , 3.4284838297e-32
-3.51480147654 , 2.03716368477e-28
-3.50968052009 , 7.16423384365e-25
-3.50455956364 , 1.49119206277e-21
-3.49943860719 , 1.83703494264e-18
-3.49431765074 , 1.33943380222e-15
-3.48919669429 , 5.78022968628e-13
-3.48407573784 , 1.47634868576e-10
-3.47895478138 , 2.23178724881e-08
-3.47383382493 , 1.99680955818e-06
-3.46871286848 , 0.000105740292352
-3.46359191203 , 0.00331409056315
-3.45847095558 , 0.0614763738441
-3.45334999913 , 0.67495080493
-3.44822904268 , 4.38587250089
-3.44310808622 , 16.8678562632
-3.43798712977 , 38.395805888
-3.43286617332 , 51.7282385598
-3.42774521687 , 41.2469271902
-3.42262426042 , 19.4659461407
-3.41750330397 , 5.43725177095
-3.41238234752 , 0.898884632723
-3.40726139107 , 0.0880262144876
-3.40214043461 , 0.00778382060419
-3.39701947816 , 0.0581515236139
-3.39189852171 , 0.739467436272
-3.38677756526 , 5.58211228972
-3.38165660881 , 24.9402090185
-3.37653565236 , 65.9510243059
-3.37141469591 , 103.21978118
-3.36629373945 , 95.6146095694
-3.361172783 , 52.4210259598
-3.35605182655 , 17.0101388707
-3.3509308701 , 3.26868479249
-3.34580991365 , 0.415695737299
-3.3406889572 , 0.656147473707
-3.33556800075 , 5.31634824478
-3.3304470443 , 26.4936118161
-3.32532608784 , 78.1572058671
-3.32020513139 , 136.46361405
-3.31508417494 , 141.021172613
-3.30996321849 , 86.2524383718
-3.30484226204 , 31.2232458647
-3.29972130559 , 6.68966641888
-3.29460034914 , 0.848412727695
-3.28947939268 , 0.0670799521577
-3.28435843623 , 0.0647697660638
-3.27923747978 , 0.665468457549
-3.27411652333 , 4.23053189717
-3.26899556688 , 15.9195332118
-3.26387461043 , 35.4556433128
-3.25875365398 , 46.7369079913
-3.25363269753 , 36.4631472398
-3.24851174107 , 16.8371232871
-3.24339078462 , 4.60151878686
-3.23826982817 , 0.744310376762
-3.23314887172 , 0.0712568327377
-3.22802791527 , 0.0040375556599
-3.22290695882 , 0.000135403564331
-3.21778600237 , 2.68757899321e-06
-3.21266504592 , 3.15727161903e-08
-3.20754408946 , 2.19524127177e-10
-3.20242313301 , 9.1498255739e-13
-3.19730217656 , 4.05982502353e-12
-3.19218122011 , 8.40104655274e-10
-3.18706026366 , 1.02947175952e-07
-3.18193930721 , 7.46646480087e-06
-3.17681835076 , 0.000320505246537
-3.1716973943 , 0.00814281936526
-3.16657643785 , 0.122443009383
-3.1614554814 , 1.08971449036
-3.15633452495 , 5.73998811755
-3.1512135685 , 17.8948802865
-3.14609261205 , 33.019168917
-3.1409716556 , 36.0597752195
-3.13585069915 , 23.3077005076
-3.13072974269 , 8.91651982174
-3.12560878624 , 2.01888167629
-3.12048782979 , 0.270548973111
-3.11536687334 , 0.021458553834
-3.11024591689 , 0.00100733644481
-3.10512496044 , 2.798776251e-05
-3.10000400399 , 4.60236809061e-07
-3.09488304753 , 4.47934028922e-09
-3.08976209108 , 2.58027681177e-11
-3.08464113463 , 8.79707063711e-14
-3.07952017818 , 1.77520940038e-16
-3.07439922173 , 1.01045438173e-17
-3.06927826528 , 7.01726133169e-15
-3.06415730883 , 2.94609636009e-12
-3.05903635238 , 7.32058533352e-10
-3.05391539592 , 1.07662440677e-07
-3.04879443947 , 9.37135064467e-06
-3.04367348302 , 0.000482791603854
-3.03855252657 , 0.0147209820475
-3.03343157012 , 0.265664430423
-3.02831061367 , 2.83758965739
-3.02318965722 , 17.9384670682
-3.01806870076 , 67.1182487555
-3.01294774431 , 148.633073604
-3.00782678786 , 194.809375733
-3.00270583141 , 151.120646966
-2.99758487496 , 69.3836763111
-2.99246391851 , 18.8542978714
-2.98734296206 , 3.03237546686
-2.98222200561 , 0.288652377065
-2.97710104915 , 0.0162624830081
-2.9719800927 , 0.000542273181844
-2.96685913625 , 1.07020986919e-05
-2.9617381798 , 1.25008438364e-07
-2.95661722335 , 8.64229848539e-10
-2.9514962669 , 3.53621569403e-12
-2.94637531045 , 8.56382504597e-15
-2.94125435399 , 1.22751869993e-17
-2.93613339754 , 4.242105495e-19
-2.93101244109 , 3.05469017266e-16
-2.92589148464 , 1.33464621934e-13
-2.92077052819 , 3.45131578251e-11
-2.91564957174 , 5.28229645155e-09
-2.91052861529 , 4.78498280172e-07
-2.90540765884 , 2.56541440919e-05
-2.90028670238 , 0.000814055902651
-2.89516574593 , 0.0152887012775
-2.89004478948 , 0.169944697452
-2.88492383303 , 1.11808270247
-2.87980287658 , 4.35456278579
-2.87468192013 , 10.0547466823
-2.86956096368 , 13.9429863349
-2.86444000722 , 12.8591158695
-2.85931905077 , 12.8048913732
-2.85419809432 , 20.0018432645
-2.84907713787 , 27.190927809
-2.84395618142 , 23.2342330607
-2.83883522497 , 11.8355631463
-2.83371426852 , 3.57134375781
-2.82859331207 , 0.63787519592
-2.82347235561 , 0.0674317129079
-2.81835139916 , 0.00421903221138
-2.81323044271 , 0.000156236022687
-2.80810948626 , 3.42427894846e-06
-2.80298852981 , 4.44198122725e-08
-2.79786757336 , 3.41038902805e-10
-2.79274661691 , 1.54971111063e-12
-2.78762566045 , 4.16789905218e-15
-2.782504704 , 6.63442451696e-18
-2.77738374755 , 6.25049243135e-21
-2.7722627911 , 1.90168214405e-22
-2.76714183465 , 2.70917950727e-19
-2.7620208782 , 2.32696904802e-16
-2.75689992175 , 1.18294126843e-13
-2.7517789653 , 3.55922617514e-11
-2.74665800884 , 6.33823167574e-09
-2.74153705239 , 6.68039054642e-07
-2.73641609594 , 4.16735951786e-05
-2.73129513949 , 0.00153872537116
-2.72617418304 , 0.0336326681787
-2.72105322659 , 0.43539555821
-2.71593227014 , 3.34475879925
-2.71081131368 , 15.357222014
-2.70569035723 , 43.2390170883
-2.70056940078 , 80.9476424902
-2.69544844433 , 119.694500829
-2.69032748788 , 158.076349557
-2.68520653143 , 165.592493756
-2.68008557498 , 115.662157607
-2.67496461853 , 49.5888652867
-2.66984366207 , 12.7106206558
-2.66472270562 , 1.93348440699
-2.65960174917 , 0.174199078905
-2.65448079272 , 0.00929080577089
-2.64935983627 , 0.000293293535816
-2.64423887982 , 5.4799559573e-06
-2.63911792337 , 6.06000297471e-08
-2.63399696691 , 3.96632836443e-10
-2.62887601046 , 1.5364705932e-12
-2.62375505401 , 3.52273130108e-15
-2.61863409756 , 4.78029217291e-18
-2.61351314111 , 3.83927319693e-21
-2.60839218466 , 1.8250015716e-24
-2.60327122821 , 5.13448771032e-28
-2.59815027176 , 8.54969547394e-32
-2.5930293153 , 8.42636368212e-36
-2.58790835885 , 8.09279774264e-40
-2.5827874024 , 3.24093598368e-40
-2.57766644595 , 2.19518356266e-38
-2.5725454895 , 2.65999252498e-34
-2.56742453305 , 1.93618701956e-30
-2.5623035766 , 8.34131127075e-27
-2.55718262014 , 2.12687007191e-23
-2.55206166369 , 3.20972038706e-20
-2.54694070724 , 2.86690333417e-17
-2.54181975079 , 1.51557874895e-14
-2.53669879434 , 4.74202209107e-12
-2.53157783789 , 8.78149072557e-10
-2.52645688144 , 9.6248180786e-08
-2.52133592499 , 6.24361938704e-06
-2.51621496853 , 0.000239717599347
-2.51109401208 , 0.00544732174467
-2.50597305563 , 0.0732631763361
-2.50085209918 , 0.583187313851
-2.49573114273 , 2.74757781496
-2.49061018628 , 7.66146006788
-2.48548922983 , 12.6442388779
-2.48036827337 , 12.350753389
-2.47524731692 , 7.14025655503
-2.47012636047 , 2.44317058866
-2.46500540402 , 0.49478153497
-2.45988444757 , 0.0593154479239
-2.45476349112 , 0.00471121884199
-2.44964253467 , 0.0148086104264
-2.44452157822 , 0.25140313644
-2.43940062176 , 2.55648569296
-2.43427966531 , 15.3866228015
-2.42915870886 , 54.8103994841
-2.42403775241 , 115.558653303
-2.41891679596 , 144.200296624
-2.41379583951 , 106.534935137
-2.40867488306 , 47.0709243889
-2.4035539266 , 16.3213295824
-2.39843297015 , 22.7161963876
-2.3933120137 , 60.4422852517
-2.38819105725 , 103.031325919
-2.3830701008 , 104.218741492
-2.37794914435 , 62.3990239854
-2.3728281879 , 22.1121445314
-2.36770723145 , 4.63771386202
-2.36258627499 , 0.575701048012
-2.35746531854 , 0.0422970495254
-2.35234436209 , 0.00183925993839
-2.34722340564 , 4.73364988762e-05
-2.34210244919 , 7.21056240189e-07
-2.33698149274 , 6.50073003558e-09
-2.33186053629 , 3.46876682675e-11
-2.32673957983 , 1.09548912063e-13
-2.32161862338 , 2.04767494474e-16
-2.31649766693 , 2.26534290089e-19
-2.31137671048 , 1.4834697695e-22
-2.30625575403 , 4.66243434562e-23
-2.30113479758 , 7.24958888739e-20
-2.29601384113 , 6.67989039247e-17
-2.29089288468 , 3.64287970559e-14
-2.28577192822 , 1.17581734077e-11
-2.28065097177 , 2.24623105844e-09
-2.27553001532 , 2.53973574609e-07
-2.27040905887 , 1.6995821916e-05
-2.26528810242 , 0.000673155422781
-2.26016714597 , 0.0157800386344
-2.25504618952 , 0.218937579417
-2.24992523306 , 1.79784438821
-2.24480427661 , 8.73782660069
-2.23968332016 , 25.1347333263
-2.23456236371 , 42.7922062601
-2.22944140726 , 43.1195888539
-2.22432045081 , 25.7160394671
-2.21919949436 , 9.07723850096
-2.21407853791 , 1.89702473372
-2.20895758145 , 0.253241556119
-2.203836625 , 0.332242974162
-2.19871566855 , 3.13294232741
-2.1935947121 , 18.428660961
-2.18847375565 , 64.1736681923
-2.1833527992 , 132.263481187
-2.17823184275 , 161.340205287
-2.17311088629 , 116.48380879
-2.16798992984 , 49.7791328277
-2.16286897339 , 12.6504984527
-2.15774801694 , 2.37373188681
-2.15262706049 , 2.44721977232
-2.14750610404 , 6.29657234297
-2.14238514759 , 10.2622395678
-2.13726419114 , 9.91245028055
-2.13214323468 , 5.66696453646
-2.12702227823 , 1.91751917133
-2.12190132178 , 0.384015253321
-2.11678036533 , 0.0455173293074
-2.11165940888 , 0.00319318886338
-2.10653845243 , 0.000132584262204
-2.10141749598 , 3.25820858078e-06
-2.09629653952 , 4.73898491811e-08
-2.09117558307 , 4.07954104117e-10
-2.08605462662 , 2.07853251766e-12
-2.08093367017 , 6.26789736552e-15
-2.07581271372 , 1.11868152622e-17
-2.07069175727 , 1.18170913463e-20
-2.06557080082 , 7.38812535636e-24
-2.06044984437 , 2.73386745611e-27
-2.05532888791 , 5.98742645048e-31
-2.05020793146 , 7.76111774736e-35
-2.04508697501 , 6.27736000139e-39
-2.03996601856 , 3.23549355395e-40
-2.03484506211 , 3.23549355395e-40
-2.02972410566 , 3.23549355395e-40
-2.02460314921 , 3.23549355395e-40
-2.01948219275 , 3.23549355395e-40
-2.0143612363 , 3.23549355395e-40
-2.00924027985 , 3.23549355395e-40
-2.0041193234 , 3.23549355395e-40
-1.99899836695 , 3.23549355395e-40
-1.9938774105 , 3.23549355395e-40
-1.98875645405 , 3.23549355395e-40
-1.9836354976 , 3.23549355395e-40
-1.97851454114 , 3.23549355395e-40
-1.97339358469 , 3.23549355395e-40
-1.96827262824 , 3.23549355395e-40
-1.96315167179 , 3.23549355395e-40
-1.95803071534 , 4.11273447747e-40
-1.95290975889 , 1.71393734569e-36
-1.94778880244 , 1.87877072542e-32
-1.94266784598 , 1.2191381696e-28
-1.93754688953 , 4.6822178555e-25
-1.93242593308 , 1.06431416327e-21
-1.92730497663 , 1.43188323037e-18
-1.92218402018 , 1.14015763739e-15
-1.91706306373 , 5.37330800026e-13
-1.91194210728 , 1.49878074938e-10
-1.90682115083 , 2.47430945082e-08
-1.90170019437 , 2.41762789624e-06
-1.89657923792 , 0.000139811997019
-1.89145828147 , 0.00478540783675
-1.88633732502 , 0.0969422310571
-1.88121636857 , 1.16232238282
-1.87609541212 , 8.2482103549
-1.87097445567 , 34.6427525767
-1.86585349921 , 86.116147393
-1.86073254276 , 126.699916702
-1.85561158631 , 110.328471863
-1.85049062986 , 56.8615132076
-1.84536967341 , 17.3447785655
-1.84024871696 , 3.13140069072
-1.83512776051 , 0.334601638199
-1.83000680406 , 0.0211610405493
-1.8248858476 , 0.000792073552706
-1.81976489115 , 1.75474309498e-05
-1.8146439347 , 2.30081186521e-07
-1.80952297825 , 1.78553435673e-09
