-519.7413
-519.7349
-519.6258
-519.6138
-519.5695
-519.5635
-519.5405
-519.5339
-519.4765
-519.4726
-519.4633
-519.4574
-518.8185
-518.5319
-518.4107
-518.3972
-518.3603
-518.3601
-518.3482
-518.3352
-518.3005
-518.2895
-518.2885
-518.2730
-518.2720
-518.2241
-518.2221
-518.2173
-518.2038
-518.1598
-518.1432
-67.8877
-67.8862
-67.8802
-67.8774
-67.8725
-67.8534
-67.8004
-67.7924
-67.7886
-67.7856
-41.3168
-41.3130
-41.2784
-41.2749
-41.2278
-41.2198
-41.1990
-41.1931
-41.1765
-41.1683
-41.1617
-41.1568
-41.1485
-41.1430
-41.1356
-41.1169
-41.0954
-41.0895
-41.0849
-41.0836
-41.0782
-41.0760
-41.0755
-41.0707
-41.0665
-41.0602
-41.0569
-41.0502
-40.9938
-40.9829
-40.1408
-40.0273
-40.0160
-39.9138
-39.1254
-38.9867
-38.9820
-38.8824
-38.8489
-38.7041
-38.6996
-38.5970
-25.0218
-24.9753
-24.9354
-24.7779
-24.7532
-24.5411
-24.3821
-24.3282
-24.3145
-24.2675
-24.1358
-24.1267
-24.0299
-23.9622
-23.8426
-23.8194
-23.8027
-23.7701
-23.7374
-23.6407
-23.6191
-23.5532
-23.5424
-23.4788
-23.3249
-23.2752
-23.2367
-23.1946
-23.1514
-23.1415
-23.0423
-20.8047
-20.7482
-20.6777
-20.6687
-20.6253
-20.6026
-20.5453
-20.4948
-20.2681
-20.1764
-20.0540
-19.9175
-19.6162
-19.4883
-19.4744
-19.4438
-19.4393
-19.3684
-19.3489
-19.3375
-19.2732
-19.2686
-19.2232
-19.2168
-19.1916
-19.1550
-19.1536
-19.1518
-19.1473
-19.0825
-19.0268
-18.9881
-18.9838
-18.9386
-18.8650
-18.8641
-10.8891
-10.8738
-10.7106
-10.6873
-10.5295
-10.4294
-10.3692
-10.3638
-10.3429
-10.3196
-10.3162
-10.2551
-10.2446
-10.2279
-10.2198
-10.1950
-10.1812
-10.1794
-10.1587
-10.0321
-9.9829
-9.9046
-9.8468
-9.8113
-9.8020
-9.7485
-9.7424
-9.6972
-9.6703
-9.5897
-9.5614
-9.4134
-9.3731
-9.3478
-9.2359
-9.1003
-9.0924
-8.9928
-8.8999
-8.8854
-8.8534
-8.8358
-8.7050
-8.7015
-8.6299
-8.5707
-8.5448
-8.5097
-8.4740
-8.4503
-8.0146
-7.9885
-7.9288
-7.8249
-7.8004
-7.7532
-7.7213
-7.7193
-7.6606
-7.5830
-7.5501
-7.4623
-7.3426
-7.3277
-7.3072
-7.3012
-7.2940
-7.2377
-7.2202
-7.1873
-7.1850
-7.1593
-7.1324
-7.0404
-7.0349
-7.0042
-6.9803
-6.9514
-6.8879
-6.7938
-6.7515
-6.7185
-6.7075
-6.6718
-6.6417
-6.6395
-6.6028
-6.5850
-6.5256
-6.4446
-6.4424
-6.3141
-6.2476
0.4350
0.4377
0.5104
0.5806
1.1186
1.1877
1.1926
1.2419
1.3349
1.3871
1.3890
1.3909
1.7732
1.7787
1.8497
1.8543
1.9558
2.0186
2.0287
2.0331
2.0959
2.1189
2.1549
2.1848
2.2355
2.2896
2.3318
2.3878
2.4319
2.5037
2.5102
2.6324
2.7115
2.9041
2.9116
3.4428
3.4874
3.5598
4.1545
4.1602
4.3858
4.3919
4.7217
4.7976
4.8159
4.9651
4.9918
5.6911
5.7222
5.8217
5.9262
6.1135
6.4583
6.4650
6.6314
6.6435
6.9256
6.9891
7.0371
7.0491
7.1957
7.2202
7.3108
7.5606
7.6016
7.6426
7.7229
7.7630
7.7658
7.7898
7.8983
8.0506
8.0824
8.1232
8.1287
8.1480
8.3140
8.3371
8.3893
8.4609
8.4968
8.5424
8.5675
8.6277
8.7043
8.7091
8.7294
8.8044
8.8095
8.8770
8.9174
8.9204
8.9331
8.9610
8.9806
9.0379
9.0921
9.0975
9.1203
9.2382
9.2479
9.2635
9.3045
9.3656
9.4127
9.4344
9.4767
9.5052
9.5390
9.5946
9.6243
9.6622
9.7194
9.7355
9.8716
10.2572
10.2598
10.3655
10.6166
10.9589
11.2575
11.2593
11.4514
11.5410
12.0182
12.1741
12.1754
12.2085
12.3480
12.3830
12.4484
12.4734
12.4909
12.7056
13.0533
13.0592
13.2655
13.3017
13.3611
13.4133
13.5068
13.6420
13.6924
13.8755
14.1544
14.1626
14.2358
14.2663
14.3099
14.4876
14.5296
14.5425
14.5820
14.8659
14.9648
14.9998
15.2016
15.3067
15.3235
15.4544
15.4624
15.6221
15.6318
15.7618
15.8521
15.8669
15.9394
16.0059
16.1527
16.2558
16.2972
16.3364
16.3506
16.4023
16.4686
16.4851
16.6454
16.6872
16.7724
16.7827
16.8323
16.8640
16.9998
17.0302
17.1460
17.3063
17.3159
17.3199
17.3708
17.5019
17.5170
17.5950
17.6174
17.6478
17.7726
17.7909
17.8090
18.0339
18.0849
18.1106
18.1440
18.1858
18.2384
18.2968
18.4014
18.4625
18.6184
18.6241
18.6650
18.7945
18.8011
18.9025
19.0022
19.0438
19.1105
19.1353
19.2264
19.2678
19.4810
19.5194
19.6224
19.6320
19.6424
19.8254
20.0496
20.1127
20.1305
20.2403
20.2887
20.2950
20.3385
20.3687
20.3893
20.4304
20.4342
20.6015
20.6176
20.7229
20.7314
20.7644
20.7925
20.8013
20.8367
20.8687
20.9622
20.9712
21.0384
21.0479
21.2197
21.4437
21.4550
21.5573
21.6007
21.8069
21.8530
21.8571
21.8689
22.2282
22.3598
22.3672
22.5622
22.5909
22.6902
22.6963
22.9292
23.0109
23.0938
23.1103
23.1468
23.1586
23.2427
23.3763
23.4095
23.4477
23.4680
23.5239
23.5926
23.7671
23.7794
23.8350
24.1016
24.1184
24.2585
24.2727
24.2859
24.3059
24.4617
24.5052
24.6928
24.8422
25.0449
25.0630
25.2164
25.2531
25.3700
25.4087
25.4143
25.7045
25.8024
25.8276
25.9303
26.1887
26.2254
26.2880
26.2888
26.3279
26.3865
26.4262
26.6088
26.6240
26.7062
26.7967
27.1090
27.2281
27.2336
27.3086
27.3428
27.3479
27.4061
27.6246
27.7168
27.8533
27.9322
27.9589
27.9863
28.0715
28.2571
28.2745
28.4182
28.5162
28.5779
28.6920
28.7347
28.7505
28.8935
28.9022
28.9616
28.9648
29.0277
29.1541
29.3671
29.4897
29.5333
29.5349
29.6117
29.6670
29.7271
30.0350
30.0471
30.0615
30.4251
30.5500
30.5608
30.8419
30.9549
30.9691
31.1590
31.4131
31.5180
31.8052
31.9459
31.9829
32.1340
32.2369
32.2974
32.3848
32.5654
32.8803
32.9230
32.9396
33.1846
33.2546
33.2613
33.3149
33.4886
33.5296
33.7854
34.2056
34.3565
34.3588
34.6939
34.7665
34.7839
35.0843
35.4360
35.4442
35.6860
35.8597
35.8791
35.9800
36.2083
36.4670
36.5631
36.5787
36.8081
36.8404
37.0444
37.4295
37.4403
37.5457
37.5895
37.5930
37.6540
37.8589
37.8728
37.8822
38.1452
38.3795
38.4260
38.5168
38.5276
38.5957
38.6931
39.2738
39.4544
39.4627
39.5150
39.5319
39.5668
39.5733
39.6538
39.7600
39.8370
39.9212
40.1884
40.5815
40.7454
40.7771
40.8227
41.0653
41.1869
41.2849
41.3371
41.3519
41.6743
41.9078
41.9120
41.9655
42.1430
42.4012
42.4435
42.4904
42.6892
42.7079
42.7339
42.8082
42.8452
43.1767
43.2218
43.2546
43.3425
43.3594
43.4702
43.6489
43.6727
43.7513
43.8171
43.8405
44.0251
44.0370
44.1103
44.1301
44.2214
44.3176
44.4819
44.6399
44.7195
44.7248
45.2109
45.2832
45.3385
45.4540
45.4820
45.4876
45.4910
45.5332
45.5525
45.6400
45.7102
45.7440
45.7538
45.9297
45.9542
46.1498
46.2075
46.3015
46.4289
46.4917
46.5251
46.5507
46.6733
46.7334
46.7595
47.1885
47.2125
47.2295
47.4493
47.5214
47.5834
47.7615
47.7746
47.8237
47.8368
47.9708
48.0021
48.0957
48.4366
48.5009
48.5110
48.6415
48.7833
48.9085
48.9160
49.0215
49.2470
49.2588
49.3029
49.4246
49.4775
49.5286
49.7316
49.7740
49.8875
49.9979
50.1245
50.4163
50.6922
50.7411
50.7919
50.8868
50.9429
51.1350
51.1471
51.1889
51.2234
51.4383
51.4733
51.4798
51.6728
51.7184
51.9772
52.0298
52.3799
52.4089
52.4951
52.5354
53.0418
53.1822
53.2128
53.3132
53.3182
53.5989
53.6625
53.7759
53.8123
53.9019
54.1224
54.1731
54.2481
54.2824
54.2859
54.7887
54.9164
55.1424
55.1919
55.2792
55.6140
55.6285
55.9654
56.8905
56.9028
57.1042
57.2803
57.7763
57.8650
58.0409
58.0904
58.1391
58.3505
58.3804
58.5996
58.6878
58.7994
58.8298
58.9745
59.0052
59.0337
59.2668
59.3545
59.4526
59.4611
59.6318
59.7579
59.7832
60.0540
60.9603
61.0977
61.1273
62.4828
62.5765
62.7102
62.7176
62.9619
62.9956
63.3095
63.3226
63.7864
63.9473
64.5255
64.5345
64.5649
64.7379
64.9709
65.1126
65.5224
65.5527
65.9835
66.2774
66.3179
66.3450
66.3567
66.3896
66.4172
66.4721
66.6469
67.1867
67.7374
68.0232
68.0534
69.1300
69.1454
70.1078
70.8643
72.2452
72.3103
72.4320
72.7982
72.8516
73.6309
74.2897
74.9951
75.0317
75.1686
75.2835
75.6735
75.6919
76.0977
76.2564
76.3180
76.6125
76.6166
76.6536
77.1624
77.1747
77.5617
77.5748
77.5790
77.6115
77.6966
77.7146
77.7378
78.1166
78.4136
78.5836
78.5911
78.6670
78.9391
78.9601
79.0297
79.1075
79.1139
79.1654
79.1714
79.4138
79.6611
79.6800
79.8470
80.1122
80.1427
80.2079
80.3191
80.3946
80.9638
80.9716
81.0231
81.4413
81.5358
81.5623
81.6282
82.0780
82.0838
82.1902
82.4830
82.5166
83.0660
83.1566
83.2584
83.2670
83.2989
83.3575
83.3850
83.4875
83.5730
83.6679
83.8639
83.9275
83.9955
84.0597
84.3091
84.3705
84.7372
84.7637
84.9915
85.0811
85.7563
85.9810
86.0209
86.1963
86.2212
86.3163
86.7497
87.0658
87.2158
87.7957
88.2295
88.4451
88.4663
88.5076
88.5449
88.6094
88.7383
88.8433
89.3967
90.0226
90.3690
91.0577
91.0732
91.8041
92.2121
92.5576
92.6461
92.6786
93.0182
93.9608
93.9747
94.1331
95.0097
96.7652
97.3175
97.6187
97.7107
97.7233
97.8802
97.9549
98.1870
98.2743
98.4718
98.6564
98.7752
99.6672
99.7324
99.8001
99.8530
101.0278
101.0787
101.1368
103.2604
103.3038
103.3896
141.2517
141.3711
141.4313
141.5210
141.6837
141.8337
141.8460
141.9750
142.0008
142.0100
142.0163
142.0267
142.0716
142.0885
142.1275
142.1451
142.1472
142.1540
142.1717
142.1904
142.2003
142.2484
142.2640
142.3228
142.3742
142.3849
142.3907
142.3957
142.4243
142.4279
142.4561
142.4618
142.4709
142.4849
142.5001
142.5113
142.5297
142.5303
142.5357
142.5501
142.5806
142.5886
142.6223
142.6293
142.6327
142.6470
142.6486
142.6586
142.6891
142.7162
142.7276
142.7289
142.7374
142.7540
142.7608
142.7672
142.7715
142.7968
142.8070
142.8189
142.8315
142.8378
142.8672
142.8866
142.8877
142.8920
142.9257
142.9847
142.9949
143.0248
143.0284
143.0794
143.0993
143.1087
143.1116
143.1498
143.2180
143.2346
143.2501
143.2840
143.2961
143.3349
143.3785
143.3972
143.3998
143.4160
143.4225
143.4363
143.4491
143.4537
143.4850
143.4970
143.5069
143.5247
143.5269
143.5352
143.5423
143.5533
143.5879
143.5969
143.6016
143.6177
143.6294
143.6403
143.6488
143.6701
143.6784
143.6815
143.7053
143.7124
143.7194
143.7296
143.7434
143.7568
143.7831
143.7938
143.8035
143.8044
143.8459
143.8467
143.8550
143.8764
143.8823
143.8847
143.9005
143.9289
143.9324
143.9460
143.9622
143.9793
143.9832
143.9908
144.0213
144.0543
144.0549
144.0931
144.1054
144.1346
144.1891
144.2352
144.2430
144.2443
144.3136
144.3319
144.3498
144.4793
144.7163
144.9007
145.0586
145.0663
145.1365
145.1572
145.1633
145.4371
145.6449
145.6608
145.6728
145.7427
145.7659
145.9021
146.0138
146.1175
146.2014
146.2618
146.2722
146.3577
146.3642
146.3995
146.5314
146.5589
146.5835
146.9312
146.9442
147.0437
147.0526
147.3644
147.6048
147.7978
147.8065
147.8800
147.8871
147.8901
147.9396
147.9688
148.2271
148.2331
148.3294
148.3355
148.4130
148.4980
149.0205
149.1602
149.1789
149.4256
149.5520
149.6895
149.7103
149.7656
150.4471
151.0087
151.1493
151.3039
151.3083
151.5180
151.9226
151.9777
152.0450
152.0995
152.4393
152.4896
152.5242
152.6205
155.3301
155.7718
155.8049
156.1337
156.1761
172.8457
173.0376
173.3070
173.4404
173.4443
173.6873
173.7301
173.9039
173.9390
173.9507
174.0940
174.1400
174.1439
174.1475
174.1865
174.3317
174.5967
174.6359
174.6473
174.7339
174.7517
174.7939
174.7981
174.8915
174.9003
174.9690
175.0503
175.0599
175.0630
175.0888
175.1041
175.1814
175.1884
175.4318
175.4538
175.4857
175.6010
175.7018
175.7052
175.8363
175.8555
175.9570
175.9705
176.0292
176.0437
176.1110
176.1795
176.2303
176.3072
176.3375
176.3907
176.4374
176.5175
176.5325
176.5919
176.6298
176.6358
176.7033
176.8230
176.8295
177.2196
177.2431
177.2521
177.3771
177.3957
177.4421
177.5055
177.6059
177.7415
177.7843
177.8031
177.9082
177.9124
177.9334
178.0824
178.1101
178.2087
178.2396
178.2511
178.3115
178.3924
178.4462
178.5738
178.8224
178.8361
178.9221
178.9428
178.9623
179.0421
179.0450
179.0792
179.0995
179.1497
179.3041
179.3818
179.4356
179.4430
179.5076
179.5826
179.6131
179.6543
179.6879
179.6891
179.7261
179.8330
179.8889
180.1750
180.3188
180.3460
180.4813
180.7746
181.1185
181.2719
181.2752
181.6432
181.9380
182.1988
182.2152
183.0220
183.2590
183.2747
183.3063
183.4194
183.9234
184.5991
184.6060
184.7219
185.3050
185.4960
185.5051
185.5687
185.9251
185.9624
186.1752
186.2151
186.2436
186.3697
186.3885
186.5527
186.5946
186.8331
186.8551
187.9740
187.9967
188.2770
188.3174
188.9527
190.3046
190.3379
190.4269
191.0277
191.0682
193.2382
194.0889
195.3552
643.1758
661.8096
669.3243
669.3733
669.4002
669.4808
669.5605
669.6070
669.6117
669.9811
670.3851
670.7194
670.7368
671.1312
671.1770
671.3082
671.4043
671.4900
674.7152
675.8276
676.0513
676.1315
676.4513
676.5471
676.6971
676.7242
676.8879
677.0801
677.2526
677.4211
677.5934
678.0605
682.2524
682.3727
685.6179
694.3443
695.7859
695.9112
703.7904
725.3681
725.4179
728.6977
968.0237
969.7492
970.1808
970.2022
970.8580
970.9059
970.9393
971.2844
971.4865
972.0646
1181.0841
1184.1164
1184.1247
1184.2736
1186.0313
1186.2066
1186.7773
1186.8005
1188.1146
1188.3678
1188.6371
1188.8015
1188.8693
1188.9215
1189.2264
1189.3565
1189.4280
1189.9096
1190.7532
1191.2049
1191.6516
1192.1556
1192.9016
1193.2832
1193.2992
1194.3055
1195.1483
1195.1910
1195.8596
1196.2779
1196.3154
