-519.5629
-519.5618
-519.4543
-519.4462
-519.4080
-519.4065
-519.3685
-519.3684
-519.3329
-519.3285
-519.2967
-519.2950
-518.7036
-518.4718
-518.4536
-518.4502
-518.4470
-518.4359
-518.4345
-518.3870
-518.3849
-518.3691
-518.3681
-518.3260
-518.3192
-518.3100
-518.2996
-518.2594
-518.2563
-518.2446
-518.2392
-67.7274
-67.6745
-67.6322
-67.6317
-67.6235
-67.6227
-67.5588
-67.5461
-67.5460
-67.5395
-41.1384
-41.1360
-41.0810
-41.0790
-41.0138
-40.9880
-40.9866
-40.9855
-40.9624
-40.9610
-40.9595
-40.9585
-40.9420
-40.9404
-40.9303
-40.9259
-40.8854
-40.8739
-40.8679
-40.8638
-40.8586
-40.8571
-40.8564
-40.8468
-40.8443
-40.8384
-40.8320
-40.8316
-40.7556
-40.7476
-40.1589
-40.0598
-40.0551
-39.9515
-39.2042
-39.0581
-39.0526
-38.9553
-38.9332
-38.7836
-38.7806
-38.6707
-24.8757
-24.8046
-24.7797
-24.6257
-24.6017
-24.3883
-24.2174
-24.1651
-24.1551
-24.1021
-23.9804
-23.9722
-23.8346
-23.7655
-23.6546
-23.6283
-23.5831
-23.5797
-23.5322
-23.4571
-23.4210
-23.3773
-23.3457
-23.2828
-23.1170
-23.0759
-23.0327
-23.0322
-22.9960
-22.9435
-22.8402
-20.8074
-20.7533
-20.6843
-20.6806
-20.6366
-20.6193
-20.5550
-20.5094
-20.3086
-20.2281
-20.1232
-19.9913
-19.6843
-19.5504
-19.5393
-19.5327
-19.5033
-19.4331
-19.4258
-19.4152
-19.3377
-19.3189
-19.3048
-19.2778
-19.2549
-19.2476
-19.2460
-19.2306
-19.2059
-19.1407
-19.1297
-19.0625
-19.0524
-19.0396
-18.9672
-18.9257
-10.7244
-10.6908
-10.5314
-10.4879
-10.4468
-10.3815
-10.3774
-10.2237
-10.2171
-10.1858
-10.1654
-10.1634
-10.1523
-10.0985
-10.0852
-10.0830
-10.0797
-10.0495
-10.0428
-9.9422
-9.8414
-9.6978
-9.6766
-9.6305
-9.6161
-9.5836
-9.5679
-9.5668
-9.5214
-9.5067
-9.4313
-9.2214
-9.2084
-9.1895
-9.0507
-9.0296
-8.9754
-8.9687
-8.9072
-8.7642
-8.7510
-8.7029
-8.6024
-8.5997
-8.4668
-8.3398
-8.3220
-8.3101
-8.2302
-8.2182
-7.8553
-7.7554
-7.7450
-7.6911
-7.6904
-7.6196
-7.6124
-7.6016
-7.5889
-7.5247
-7.4924
-7.3980
-7.2318
-7.2111
-7.1875
-7.1856
-7.1581
-7.1143
-7.1025
-7.0815
-7.0731
-7.0527
-7.0349
-7.0000
-6.9787
-6.9364
-6.9180
-6.8905
-6.8625
-6.7510
-6.7184
-6.7039
-6.6674
-6.6431
-6.6344
-6.5803
-6.5559
-6.4902
-6.4366
-6.3371
-6.3310
-6.2794
-6.2114
0.6255
0.6293
0.7056
0.7811
1.3255
1.3907
1.4801
1.5237
1.6061
1.6275
1.6304
1.6541
2.0194
2.0263
2.1072
2.1125
2.1604
2.1905
2.1950
2.2235
2.3426
2.3945
2.4193
2.4628
2.4659
2.5338
2.5409
2.5951
2.6239
2.7012
2.7083
2.8430
2.8974
3.1350
3.1417
3.5846
3.6196
3.7755
4.3242
4.3300
4.5219
4.5287
4.7714
4.8159
5.0171
5.0656
5.2723
5.7942
5.8555
5.8698
6.0007
6.1655
6.3615
6.3668
6.6007
6.6075
6.7427
6.8835
6.9108
6.9233
6.9330
6.9864
7.0328
7.0791
7.1250
7.2209
7.2953
7.4280
7.4310
7.5771
7.7058
7.7214
7.8552
7.9058
7.9477
7.9693
8.0057
8.0630
8.0899
8.1039
8.1569
8.2302
8.3134
8.3422
8.3477
8.4025
8.4234
8.4586
8.4696
8.5222
8.5238
8.6238
8.6341
8.6752
8.7068
8.7399
8.7823
8.7936
8.8074
8.8134
8.9361
8.9664
9.0723
9.0746
9.1141
9.1410
9.2244
9.2281
9.2447
9.2903
9.3685
9.4741
9.4891
9.6297
9.7753
9.7820
9.7827
9.7907
9.8605
10.4590
10.6448
10.7633
10.7714
10.8450
11.3635
11.6418
11.6468
11.8907
12.0221
12.1813
12.1842
12.4469
12.4768
12.4800
12.7259
12.7396
12.8993
12.9594
13.0020
13.0217
13.0353
13.1249
13.2332
13.2795
13.4652
13.4698
13.5523
13.5658
13.6148
13.7301
13.9297
13.9473
14.1323
14.1394
14.3970
14.4150
14.5121
14.6125
14.6565
14.6592
14.6894
14.8246
14.9195
15.0939
15.2011
15.2019
15.4111
15.4886
15.5367
15.5515
15.5697
15.6707
15.7688
15.8260
15.8465
15.9439
15.9962
16.0541
16.1718
16.2158
16.2518
16.3032
16.3402
16.4581
16.6419
16.7003
16.7330
16.8732
16.8795
16.8941
17.0289
17.0402
17.3824
17.3966
17.5087
17.5458
17.5599
17.5627
17.5750
17.6187
17.7211
17.7909
17.8329
17.8463
18.0037
18.0054
18.0558
18.0938
18.1591
18.1933
18.6118
18.6531
18.6705
18.8401
18.9402
18.9510
18.9695
19.0383
19.0911
19.2077
19.2813
19.3465
19.4463
19.6598
19.7910
19.8135
19.8349
19.8512
19.9134
19.9273
19.9601
20.0001
20.2055
20.2083
20.4314
20.4473
20.4494
20.5115
20.6036
20.6188
20.6425
20.7590
20.7738
20.8288
20.8383
20.8511
21.0973
21.1193
21.2475
21.3180
21.3588
21.4255
21.4287
21.4617
21.9131
21.9153
21.9529
22.1746
22.2260
22.2587
22.5540
22.5678
22.6629
22.7113
22.7983
22.8366
22.9034
23.0249
23.1043
23.1459
23.2154
23.2237
23.2512
23.2911
23.3172
23.4683
23.4978
23.5120
23.6052
23.7175
23.7667
24.0448
24.0951
24.1201
24.2039
24.2469
24.2837
24.4876
24.5402
24.7813
24.8452
24.8825
24.9550
24.9712
25.2285
25.3492
25.4703
25.6147
25.6454
25.7615
25.7876
25.7922
26.1252
26.1291
26.1658
26.1799
26.2711
26.3012
26.4650
26.5224
26.6357
26.6681
26.7076
26.7654
26.8142
27.2237
27.2299
27.2725
27.3273
27.5916
27.5970
27.6483
27.7027
27.8134
27.9940
28.0818
28.0861
28.2281
28.3053
28.4498
28.5330
28.5466
28.6867
28.7096
28.7792
28.7860
28.8343
28.8819
28.8868
29.0792
29.0982
29.5226
29.5923
29.6514
29.6612
29.6657
29.7128
29.7841
29.8114
29.9860
30.0570
30.1966
30.2370
30.3357
30.8008
30.8200
30.8397
31.1134
31.6113
31.8549
32.0319
32.0679
32.1201
32.1816
32.2447
32.3420
32.5666
32.7763
33.1618
33.1940
33.2839
33.3277
33.3573
33.4218
33.4460
33.6759
33.7919
34.1419
34.3156
34.3201
34.9785
35.0290
35.0434
35.4320
35.5175
35.5213
35.8341
35.8602
35.9381
36.0482
36.2182
36.7926
36.8001
36.8062
36.8938
37.0893
37.4521
37.4946
37.5387
37.5794
37.6165
37.8865
37.9672
38.0703
38.2670
38.2880
38.5771
38.6451
38.6769
38.7446
38.7649
38.8061
38.8239
39.5678
39.7142
39.7270
39.7647
39.7716
39.8033
39.8385
39.8567
39.8943
39.9532
40.2508
40.3213
40.6117
40.8881
40.8988
41.1001
41.2850
41.3712
41.3824
41.4865
41.4907
41.7866
42.0111
42.0280
42.0502
42.2515
42.6068
42.6121
42.6900
42.7311
42.7424
42.9568
42.9641
42.9933
43.2000
43.2549
43.2932
43.3625
43.4175
43.5888
43.6278
43.6357
43.7011
43.7879
43.9001
44.0971
44.1011
44.1601
44.1859
44.2786
44.4354
44.5462
44.7148
44.7236
44.9373
45.1916
45.3000
45.3498
45.3673
45.4087
45.5741
45.5945
45.6167
45.6812
45.7236
45.7693
45.7915
45.9523
45.9955
46.0797
46.2229
46.2933
46.3276
46.4486
46.4562
46.5891
46.8141
46.8406
46.8828
46.9897
47.3397
47.3463
47.3863
47.6711
47.6726
47.8344
47.9540
47.9659
48.0948
48.1096
48.1340
48.1893
48.3022
48.3767
48.5604
48.5896
48.7158
48.7684
48.7765
48.8366
49.0730
49.3887
49.5105
49.5372
49.5835
49.6028
49.6223
49.6401
49.8752
50.0886
50.0995
50.4284
50.7628
50.9040
50.9853
51.1020
51.1354
51.4111
51.4538
51.7870
51.8627
51.8787
51.9424
52.0412
52.2769
52.3973
52.4085
52.4312
52.5979
52.7861
53.1493
53.2489
53.2993
53.4971
53.5656
53.6201
53.7488
53.7610
53.8749
53.9474
54.0867
54.1378
54.1948
54.2321
54.2701
54.5231
54.7917
54.9747
55.0869
55.2444
55.2531
55.5115
55.6753
55.7459
55.7716
56.2169
56.4763
57.1600
57.1837
57.4192
58.1157
58.4575
58.5894
58.7438
58.7749
58.8054
59.1145
59.1427
59.2985
59.3159
59.3866
59.5297
59.5505
59.7110
59.7313
59.7744
59.9585
60.0773
60.0875
60.4471
60.4807
60.7963
61.1394
61.7552
61.7966
62.5912
62.6676
62.7778
62.7836
63.1891
63.2027
63.3582
63.5044
63.5290
63.5521
63.9950
64.2141
64.6216
64.7569
64.7866
65.0305
65.0663
65.2555
65.3342
65.3715
65.7714
65.8868
66.5402
66.5516
66.5726
66.7070
66.7681
66.8179
66.9237
67.3248
67.6077
67.6472
67.9574
67.9866
71.1485
72.4094
72.5193
72.7834
72.8039
72.9770
73.1243
74.5063
74.5897
74.6456
74.9676
75.3742
75.6805
75.6890
75.7653
76.1642
76.4067
76.4879
76.4948
76.5413
76.9564
77.0763
77.2822
77.3567
77.5498
77.5793
77.6189
77.6282
77.6912
77.7002
78.4444
78.4529
78.4651
78.8196
78.9134
78.9407
78.9458
78.9968
79.0345
79.0631
79.3403
79.3983
79.4049
79.7728
79.7840
79.9266
80.0038
80.0691
80.0781
80.0899
80.2156
80.2487
80.3014
80.3570
81.0788
81.0882
81.6332
81.8124
81.8434
81.8505
82.5087
82.6678
82.6874
82.8414
82.8468
83.3851
83.4071
83.4938
83.5529
83.6388
83.7030
84.0067
84.0192
84.1037
84.1130
84.1834
84.2010
84.3025
84.5376
84.6358
84.6889
84.8860
84.9354
85.3586
85.9363
85.9635
86.0513
86.0661
86.6220
87.1121
87.3012
87.8161
88.0594
88.0653
88.4531
88.5492
88.6777
88.6923
88.7612
88.9827
89.7421
90.2931
90.4221
91.2200
91.2347
91.8676
92.2116
92.4975
92.7567
92.7943
93.1655
94.0209
94.0343
94.1215
95.1101
96.9246
97.7933
97.9066
97.9548
98.0758
98.1947
98.3697
98.6279
98.6332
98.6648
99.0635
99.1481
99.9841
100.0359
100.0640
100.9591
101.0125
101.1492
101.3768
103.2152
103.3044
104.2152
141.4311
141.5527
141.6063
141.6856
141.8329
141.9815
141.9929
142.1025
142.1533
142.1560
142.1586
142.1719
142.2099
142.2135
142.2659
142.2701
142.2818
142.2847
142.3144
142.3377
142.3561
142.3900
142.4049
142.5298
142.5410
142.5514
142.5728
142.5813
142.5923
142.6073
142.6205
142.6216
142.6543
142.6611
142.6799
142.6848
142.6892
142.7097
142.7123
142.7159
142.7539
142.7639
142.7669
142.7757
142.7769
142.7981
142.8024
142.8289
142.8305
142.8487
142.8743
142.8744
142.8946
142.8974
142.8981
142.9423
142.9444
142.9566
142.9687
142.9856
142.9985
143.0181
143.0655
143.0790
143.0820
143.1286
143.1365
143.2032
143.2158
143.2354
143.2979
143.3220
143.3294
143.3802
143.3880
143.4032
143.4061
143.4292
143.4374
143.4565
143.4617
143.4782
143.5072
143.5086
143.5194
143.5265
143.5465
143.5482
143.5664
143.5688
143.5822
143.5962
143.5993
143.6028
143.6116
143.6135
143.6233
143.6349
143.6630
143.6688
143.6997
143.7023
143.7331
143.7479
143.7483
143.7545
143.7585
143.7600
143.7694
143.7749
143.7814
143.7899
143.8225
143.8411
143.8589
143.8678
143.8862
143.8905
143.8945
143.9130
143.9384
143.9498
143.9548
143.9807
143.9927
144.0370
144.0389
144.0598
144.0618
144.0785
144.0933
144.1027
144.1235
144.1287
144.1555
144.1725
144.2131
144.2375
144.2522
144.3987
144.4056
144.4292
144.4305
144.5154
144.5197
144.6778
144.9450
145.2331
145.2407
145.2427
145.2949
145.3571
145.5639
145.8141
145.8827
146.0182
146.0223
146.1713
146.1734
146.2804
146.4666
146.5874
146.6291
146.6327
146.7561
146.7629
146.8637
146.9175
147.0639
147.1079
147.1604
147.4276
147.4517
147.5557
147.5749
147.7036
147.9825
148.1673
148.1749
148.2138
148.2365
148.2857
148.2974
148.3061
148.5720
148.5941
148.6855
148.6912
148.7536
148.9462
149.3098
149.4697
149.4781
149.6336
149.7490
149.9004
150.0345
150.1082
150.4749
151.5696
151.6113
151.6623
152.3033
152.4556
152.6801
152.6939
152.9149
152.9280
153.1105
153.1522
153.4391
153.5187
155.9574
155.9871
156.2184
156.2525
156.3022
172.9767
173.0580
173.4131
173.5317
173.5389
173.7982
173.8328
173.9962
174.0044
174.0103
174.1776
174.1908
174.1939
174.2051
174.2418
174.4551
174.6422
174.6535
174.7900
174.8077
174.8236
174.8717
174.8873
174.9622
174.9759
175.0493
175.1088
175.1383
175.1475
175.1873
175.2106
175.2222
175.2658
175.3691
175.4033
175.4067
175.5384
175.5817
175.6105
175.7476
175.7692
175.8435
175.9061
175.9401
175.9853
176.0830
176.2119
176.2623
176.4588
176.4765
176.5005
176.5069
176.5953
176.6076
176.6263
176.6665
176.7048
176.9377
177.0887
177.0968
177.1659
177.4333
177.5175
177.5505
177.5656
177.6999
177.7601
177.8611
178.0152
178.0398
178.2146
178.2374
178.2470
178.3300
178.3726
178.4623
178.5815
178.6265
178.6384
178.7438
178.8078
178.8550
178.9167
179.0018
179.2626
179.2813
179.3662
179.4044
179.4428
179.4731
179.5278
179.5535
179.5895
179.6318
179.6370
179.7291
179.7898
179.7975
179.8839
179.9948
180.0098
180.0256
180.0970
180.1671
180.1973
180.2840
180.3896
180.6835
180.8227
180.8586
181.2423
181.2840
181.5348
181.5430
182.0519
182.1224
182.7262
182.7386
183.1280
183.7909
183.7922
183.8113
183.8674
184.0510
184.8984
184.9036
184.9688
185.7585
185.7800
185.8271
186.0145
186.1925
186.2273
186.2907
186.4355
186.4726
186.6666
186.7181
186.8267
187.0488
187.1124
187.1563
188.0886
188.5398
188.5557
188.6142
189.0375
190.2809
190.4722
190.5131
191.1650
191.1932
193.9688
194.4512
195.8355
642.5562
661.7208
669.5865
669.6227
669.8934
669.9417
670.0012
670.0716
670.0877
670.4005
670.6652
671.0321
671.0468
671.3899
671.4204
671.6393
671.6562
671.7967
675.6388
676.0160
676.0909
676.4243
676.5081
677.3931
678.1579
678.4033
678.4331
678.9409
679.0479
679.3099
679.4406
679.8678
681.0181
681.0711
685.0238
692.8665
695.1889
695.2618
703.8587
722.5694
722.6206
724.4351
968.4680
969.9846
971.0075
971.0218
971.5346
971.7564
971.7792
972.0630
972.2266
972.7281
1181.0958
1184.0129
1184.0332
1184.2842
1186.1964
1186.2524
1186.6658
1186.6945
1187.9953
1188.0300
1188.4466
1188.6697
1188.7299
1188.9820
1189.2303
1189.3037
1189.5344
1189.9503
1190.9755
1191.2719
1191.7989
1192.2409
1192.9126
1193.2013
1193.2134
1194.1763
1195.1244
1195.1666
1196.0733
1196.2671
1196.3074
